timestamp, system, entity , value (s/m)
1622104187.057, lauv-roald, SmartX, 2.799
1622104187.557, lauv-roald, SmartX, 2.770
1622104188.057, lauv-roald, SmartX, 2.801
1622104188.557, lauv-roald, SmartX, 2.833
1622104189.057, lauv-roald, SmartX, 2.901
1622104189.557, lauv-roald, SmartX, 2.880
1622104190.057, lauv-roald, SmartX, 2.866
1622104190.557, lauv-roald, SmartX, 2.856
1622104191.057, lauv-roald, SmartX, 2.855
1622104191.557, lauv-roald, SmartX, 2.865
1622104192.057, lauv-roald, SmartX, 2.858
1622104192.557, lauv-roald, SmartX, 2.845
1622104193.057, lauv-roald, SmartX, 2.816
1622104193.556, lauv-roald, SmartX, 2.800
1622104194.057, lauv-roald, SmartX, 2.777
1622104194.557, lauv-roald, SmartX, 2.732
1622104195.057, lauv-roald, SmartX, 2.687
1622104195.556, lauv-roald, SmartX, 2.673
1622104196.056, lauv-roald, SmartX, 2.659
1622104196.557, lauv-roald, SmartX, 2.648
1622104197.056, lauv-roald, SmartX, 2.623
1622104197.556, lauv-roald, SmartX, 2.615
1622104198.056, lauv-roald, SmartX, 2.597
1622104198.556, lauv-roald, SmartX, 2.580
1622104199.056, lauv-roald, SmartX, 2.569
1622104199.556, lauv-roald, SmartX, 2.566
1622104200.056, lauv-roald, SmartX, 2.575
1622104200.556, lauv-roald, SmartX, 2.582
1622104201.056, lauv-roald, SmartX, 2.568
1622104201.556, lauv-roald, SmartX, 2.574
1622104202.056, lauv-roald, SmartX, 2.582
1622104202.556, lauv-roald, SmartX, 2.583
1622104203.056, lauv-roald, SmartX, 2.592
1622104203.556, lauv-roald, SmartX, 2.610
1622104204.056, lauv-roald, SmartX, 2.637
1622104204.556, lauv-roald, SmartX, 2.667
1622104205.056, lauv-roald, SmartX, 2.690
1622104205.556, lauv-roald, SmartX, 2.708
1622104206.056, lauv-roald, SmartX, 2.807
1622104206.556, lauv-roald, SmartX, 2.874
1622104207.056, lauv-roald, SmartX, 2.896
1622104207.556, lauv-roald, SmartX, 2.923
1622104208.056, lauv-roald, SmartX, 2.954
1622104208.556, lauv-roald, SmartX, 2.972
1622104209.056, lauv-roald, SmartX, 2.963
1622104209.555, lauv-roald, SmartX, 2.943
1622104210.056, lauv-roald, SmartX, 2.916
1622104210.555, lauv-roald, SmartX, 2.914
1622104211.056, lauv-roald, SmartX, 2.958
1622104211.556, lauv-roald, SmartX, 2.979
1622104212.055, lauv-roald, SmartX, 3.004
1622104212.555, lauv-roald, SmartX, 3.008
1622104213.055, lauv-roald, SmartX, 2.985
1622104213.555, lauv-roald, SmartX, 2.939
1622104214.055, lauv-roald, SmartX, 2.886
1622104214.555, lauv-roald, SmartX, 2.849
1622104215.055, lauv-roald, SmartX, 2.849
1622104215.555, lauv-roald, SmartX, 2.877
1622104216.055, lauv-roald, SmartX, 2.900
1622104216.555, lauv-roald, SmartX, 2.911
1622104217.055, lauv-roald, SmartX, 2.937
1622104217.555, lauv-roald, SmartX, 2.936
1622104218.055, lauv-roald, SmartX, 2.872
1622104218.555, lauv-roald, SmartX, 2.834
1622104219.055, lauv-roald, SmartX, 2.755
1622104219.555, lauv-roald, SmartX, 2.710
1622104220.056, lauv-roald, SmartX, 2.671
1622104220.555, lauv-roald, SmartX, 2.658
1622104221.055, lauv-roald, SmartX, 2.660
1622104221.554, lauv-roald, SmartX, 2.683
1622104222.055, lauv-roald, SmartX, 2.784
1622104222.555, lauv-roald, SmartX, 2.859
1622104223.055, lauv-roald, SmartX, 2.931
1622104223.555, lauv-roald, SmartX, 2.915
1622104224.055, lauv-roald, SmartX, 2.856
1622104224.555, lauv-roald, SmartX, 2.849
1622104225.054, lauv-roald, SmartX, 2.843
1622104225.554, lauv-roald, SmartX, 2.855
1622104226.054, lauv-roald, SmartX, 2.832
1622104226.554, lauv-roald, SmartX, 2.794
1622104227.054, lauv-roald, SmartX, 2.777
1622104227.554, lauv-roald, SmartX, 2.802
1622104228.054, lauv-roald, SmartX, 2.845
1622104228.554, lauv-roald, SmartX, 2.854
1622104229.054, lauv-roald, SmartX, 2.802
1622104229.554, lauv-roald, SmartX, 2.798
1622104230.054, lauv-roald, SmartX, 2.799
1622104230.554, lauv-roald, SmartX, 2.828
1622104231.054, lauv-roald, SmartX, 2.896
1622104231.554, lauv-roald, SmartX, 2.923
1622104232.054, lauv-roald, SmartX, 2.882
1622104232.554, lauv-roald, SmartX, 2.854
1622104233.054, lauv-roald, SmartX, 2.833
1622104233.554, lauv-roald, SmartX, 2.817
1622104234.054, lauv-roald, SmartX, 2.814
1622104234.554, lauv-roald, SmartX, 2.848
1622104235.054, lauv-roald, SmartX, 2.905
1622104235.554, lauv-roald, SmartX, 2.964
1622104236.054, lauv-roald, SmartX, 2.956
1622104236.554, lauv-roald, SmartX, 2.870
1622104237.054, lauv-roald, SmartX, 2.811
1622104237.554, lauv-roald, SmartX, 2.768
1622104238.054, lauv-roald, SmartX, 2.831
1622104238.554, lauv-roald, SmartX, 2.892
1622104239.053, lauv-roald, SmartX, 2.957
1622104239.554, lauv-roald, SmartX, 2.975
1622104240.053, lauv-roald, SmartX, 2.924
1622104240.553, lauv-roald, SmartX, 2.866
1622104241.053, lauv-roald, SmartX, 2.858
1622104241.553, lauv-roald, SmartX, 2.830
1622104242.053, lauv-roald, SmartX, 2.811
1622104242.553, lauv-roald, SmartX, 2.802
1622104243.053, lauv-roald, SmartX, 2.794
1622104243.553, lauv-roald, SmartX, 2.786
1622104244.053, lauv-roald, SmartX, 2.781
1622104244.553, lauv-roald, SmartX, 2.789
1622104245.053, lauv-roald, SmartX, 2.839
1622104245.553, lauv-roald, SmartX, 2.826
1622104246.053, lauv-roald, SmartX, 2.861
1622104246.553, lauv-roald, SmartX, 2.890
1622104247.053, lauv-roald, SmartX, 2.856
1622104247.553, lauv-roald, SmartX, 2.760
1622104248.053, lauv-roald, SmartX, 2.726
1622104248.553, lauv-roald, SmartX, 2.783
1622104249.053, lauv-roald, SmartX, 2.820
1622104249.553, lauv-roald, SmartX, 2.855
1622104250.053, lauv-roald, SmartX, 2.879
1622104250.553, lauv-roald, SmartX, 2.847
1622104251.053, lauv-roald, SmartX, 2.760
1622104251.553, lauv-roald, SmartX, 2.716
1622104252.053, lauv-roald, SmartX, 2.527
1622104252.553, lauv-roald, SmartX, 2.483
1622104253.053, lauv-roald, SmartX, 2.686
1622104253.553, lauv-roald, SmartX, 2.746
1622104254.053, lauv-roald, SmartX, 2.689
1622104254.553, lauv-roald, SmartX, 2.692
1622104255.053, lauv-roald, SmartX, 2.742
1622104255.552, lauv-roald, SmartX, 2.824
1622104256.052, lauv-roald, SmartX, 2.901
1622104256.553, lauv-roald, SmartX, 2.911
1622104257.052, lauv-roald, SmartX, 2.870
1622104257.552, lauv-roald, SmartX, 2.756
1622104258.052, lauv-roald, SmartX, 2.714
1622104258.552, lauv-roald, SmartX, 2.781
1622104259.052, lauv-roald, SmartX, 2.853
1622104259.552, lauv-roald, SmartX, 2.872
1622104260.052, lauv-roald, SmartX, 2.874
1622104260.552, lauv-roald, SmartX, 2.871
1622104261.052, lauv-roald, SmartX, 2.884
1622104261.552, lauv-roald, SmartX, 2.910
1622104262.052, lauv-roald, SmartX, 2.909
1622104262.552, lauv-roald, SmartX, 2.884
1622104263.052, lauv-roald, SmartX, 2.856
1622104263.552, lauv-roald, SmartX, 2.861
1622104264.052, lauv-roald, SmartX, 2.911
1622104264.552, lauv-roald, SmartX, 2.951
1622104265.052, lauv-roald, SmartX, 2.968
1622104265.552, lauv-roald, SmartX, 2.912
1622104266.052, lauv-roald, SmartX, 2.874
1622104266.552, lauv-roald, SmartX, 2.861
1622104267.052, lauv-roald, SmartX, 2.888
1622104267.552, lauv-roald, SmartX, 2.891
1622104268.052, lauv-roald, SmartX, 2.867
1622104268.552, lauv-roald, SmartX, 2.866
1622104269.052, lauv-roald, SmartX, 2.865
1622104269.551, lauv-roald, SmartX, 2.847
1622104270.051, lauv-roald, SmartX, 2.850
1622104270.552, lauv-roald, SmartX, 2.862
1622104271.051, lauv-roald, SmartX, 2.878
1622104271.551, lauv-roald, SmartX, 2.926
1622104272.051, lauv-roald, SmartX, 2.964
1622104272.551, lauv-roald, SmartX, 2.973
1622104273.051, lauv-roald, SmartX, 2.937
1622104273.551, lauv-roald, SmartX, 2.815
1622104274.051, lauv-roald, SmartX, 2.825
1622104274.551, lauv-roald, SmartX, 2.877
1622104275.051, lauv-roald, SmartX, 2.937
1622104275.551, lauv-roald, SmartX, 2.968
1622104276.051, lauv-roald, SmartX, 2.986
1622104276.551, lauv-roald, SmartX, 2.991
1622104277.051, lauv-roald, SmartX, 2.989
1622104277.551, lauv-roald, SmartX, 2.995
1622104278.051, lauv-roald, SmartX, 3.002
1622104278.551, lauv-roald, SmartX, 3.001
1622104279.051, lauv-roald, SmartX, 3.003
1622104279.551, lauv-roald, SmartX, 3.007
1622104280.051, lauv-roald, SmartX, 2.998
1622104280.551, lauv-roald, SmartX, 2.928
1622104281.051, lauv-roald, SmartX, 2.866
1622104281.551, lauv-roald, SmartX, 2.870
1622104282.051, lauv-roald, SmartX, 2.927
1622104282.551, lauv-roald, SmartX, 2.965
1622104283.051, lauv-roald, SmartX, 2.987
1622104283.550, lauv-roald, SmartX, 2.981
1622104284.051, lauv-roald, SmartX, 2.916
1622104284.551, lauv-roald, SmartX, 2.767
1622104285.050, lauv-roald, SmartX, 2.772
1622104285.551, lauv-roald, SmartX, 2.847
1622104286.051, lauv-roald, SmartX, 2.942
1622104286.551, lauv-roald, SmartX, 2.976
1622104287.050, lauv-roald, SmartX, 2.992
1622104287.550, lauv-roald, SmartX, 2.970
1622104288.050, lauv-roald, SmartX, 2.903
1622104288.550, lauv-roald, SmartX, 2.940
1622104289.050, lauv-roald, SmartX, 2.976
1622104289.550, lauv-roald, SmartX, 2.993
1622104290.050, lauv-roald, SmartX, 3.003
1622104290.550, lauv-roald, SmartX, 2.997
1622104291.050, lauv-roald, SmartX, 2.993
1622104291.550, lauv-roald, SmartX, 2.995
1622104292.050, lauv-roald, SmartX, 2.999
1622104292.550, lauv-roald, SmartX, 3.002
1622104293.050, lauv-roald, SmartX, 3.007
1622104293.550, lauv-roald, SmartX, 3.011
1622104294.050, lauv-roald, SmartX, 3.011
1622104294.550, lauv-roald, SmartX, 3.007
1622104295.050, lauv-roald, SmartX, 2.982
1622104295.551, lauv-roald, SmartX, 2.948
1622104296.050, lauv-roald, SmartX, 2.942
1622104296.550, lauv-roald, SmartX, 2.973
1622104297.050, lauv-roald, SmartX, 2.994
1622104297.550, lauv-roald, SmartX, 2.989
1622104298.050, lauv-roald, SmartX, 2.975
1622104298.550, lauv-roald, SmartX, 2.979
1622104299.049, lauv-roald, SmartX, 2.992
1622104299.550, lauv-roald, SmartX, 3.007
1622104300.049, lauv-roald, SmartX, 3.017
1622104300.549, lauv-roald, SmartX, 3.003
1622104301.049, lauv-roald, SmartX, 2.931
1622104301.550, lauv-roald, SmartX, 2.766
1622104302.049, lauv-roald, SmartX, 2.793
1622104302.549, lauv-roald, SmartX, 2.845
1622104303.049, lauv-roald, SmartX, 2.907
1622104303.550, lauv-roald, SmartX, 2.955
1622104304.049, lauv-roald, SmartX, 2.980
1622104304.549, lauv-roald, SmartX, 2.961
1622104305.049, lauv-roald, SmartX, 2.840
1622104305.550, lauv-roald, SmartX, 2.563
1622104306.049, lauv-roald, SmartX, 2.586
1622104306.550, lauv-roald, SmartX, 2.704
1622104307.049, lauv-roald, SmartX, 2.892
1622104307.549, lauv-roald, SmartX, 2.958
1622104308.049, lauv-roald, SmartX, 2.952
1622104308.549, lauv-roald, SmartX, 2.882
1622104309.049, lauv-roald, SmartX, 2.786
1622104309.550, lauv-roald, SmartX, 2.698
1622104310.049, lauv-roald, SmartX, 2.799
1622104310.549, lauv-roald, SmartX, 2.894
1622104311.049, lauv-roald, SmartX, 2.974
1622104311.549, lauv-roald, SmartX, 2.992
1622104312.049, lauv-roald, SmartX, 2.906
1622104312.549, lauv-roald, SmartX, 2.653
1622104313.049, lauv-roald, SmartX, 2.621
1622104313.549, lauv-roald, SmartX, 2.705
1622104314.048, lauv-roald, SmartX, 2.847
1622104314.548, lauv-roald, SmartX, 2.930
1622104315.049, lauv-roald, SmartX, 2.968
1622104315.549, lauv-roald, SmartX, 2.952
1622104316.049, lauv-roald, SmartX, 2.930
1622104316.548, lauv-roald, SmartX, 2.917
1622104317.048, lauv-roald, SmartX, 2.919
1622104317.549, lauv-roald, SmartX, 2.950
1622104318.048, lauv-roald, SmartX, 2.992
1622104318.549, lauv-roald, SmartX, 3.007
1622104319.048, lauv-roald, SmartX, 3.013
1622104319.548, lauv-roald, SmartX, 3.005
1622104320.048, lauv-roald, SmartX, 2.979
1622104320.548, lauv-roald, SmartX, 2.973
1622104321.048, lauv-roald, SmartX, 2.988
1622104321.548, lauv-roald, SmartX, 3.003
1622104322.048, lauv-roald, SmartX, 3.007
1622104322.548, lauv-roald, SmartX, 3.007
1622104323.048, lauv-roald, SmartX, 3.011
1622104323.548, lauv-roald, SmartX, 3.020
1622104324.048, lauv-roald, SmartX, 3.028
1622104324.548, lauv-roald, SmartX, 3.026
1622104325.048, lauv-roald, SmartX, 2.969
1622104325.548, lauv-roald, SmartX, 2.658
1622104326.047, lauv-roald, SmartX, 2.601
1622104326.548, lauv-roald, SmartX, 2.691
1622104327.048, lauv-roald, SmartX, 2.866
1622104327.548, lauv-roald, SmartX, 2.962
1622104328.048, lauv-roald, SmartX, 2.974
1622104328.547, lauv-roald, SmartX, 2.852
1622104329.048, lauv-roald, SmartX, 2.617
1622104329.548, lauv-roald, SmartX, 2.616
1622104330.047, lauv-roald, SmartX, 2.692
1622104330.547, lauv-roald, SmartX, 2.828
1622104331.047, lauv-roald, SmartX, 2.905
1622104331.547, lauv-roald, SmartX, 2.942
1622104332.047, lauv-roald, SmartX, 2.979
1622104332.547, lauv-roald, SmartX, 2.901
1622104333.047, lauv-roald, SmartX, 2.686
1622104333.547, lauv-roald, SmartX, 2.738
1622104334.047, lauv-roald, SmartX, 2.848
1622104334.547, lauv-roald, SmartX, 2.912
1622104335.047, lauv-roald, SmartX, 2.971
1622104335.547, lauv-roald, SmartX, 2.991
1622104336.047, lauv-roald, SmartX, 2.996
1622104336.547, lauv-roald, SmartX, 2.916
1622104337.047, lauv-roald, SmartX, 2.791
1622104337.547, lauv-roald, SmartX, 2.913
1622104338.047, lauv-roald, SmartX, 2.954
1622104338.547, lauv-roald, SmartX, 2.976
1622104339.047, lauv-roald, SmartX, 2.980
1622104339.547, lauv-roald, SmartX, 2.975
1622104340.046, lauv-roald, SmartX, 3.001
1622104340.546, lauv-roald, SmartX, 3.008
1622104341.047, lauv-roald, SmartX, 2.991
1622104341.546, lauv-roald, SmartX, 2.967
1622104342.047, lauv-roald, SmartX, 2.937
1622104342.547, lauv-roald, SmartX, 2.944
1622104343.047, lauv-roald, SmartX, 2.953
1622104343.546, lauv-roald, SmartX, 2.967
1622104344.047, lauv-roald, SmartX, 2.967
1622104344.547, lauv-roald, SmartX, 2.955
1622104345.046, lauv-roald, SmartX, 2.920
1622104345.546, lauv-roald, SmartX, 2.928
1622104346.046, lauv-roald, SmartX, 2.954
1622104346.546, lauv-roald, SmartX, 2.970
1622104347.046, lauv-roald, SmartX, 2.990
1622104347.546, lauv-roald, SmartX, 2.996
1622104348.046, lauv-roald, SmartX, 2.933
1622104348.546, lauv-roald, SmartX, 2.882
1622104349.046, lauv-roald, SmartX, 2.856
1622104349.546, lauv-roald, SmartX, 2.912
1622104350.046, lauv-roald, SmartX, 2.972
1622104350.546, lauv-roald, SmartX, 3.004
1622104351.046, lauv-roald, SmartX, 3.002
1622104351.546, lauv-roald, SmartX, 3.001
1622104352.046, lauv-roald, SmartX, 2.996
1622104352.546, lauv-roald, SmartX, 2.947
1622104353.046, lauv-roald, SmartX, 2.972
1622104353.546, lauv-roald, SmartX, 2.996
1622104354.046, lauv-roald, SmartX, 2.994
1622104354.546, lauv-roald, SmartX, 2.999
1622104355.046, lauv-roald, SmartX, 2.995
1622104355.545, lauv-roald, SmartX, 2.994
1622104356.046, lauv-roald, SmartX, 2.966
1622104356.546, lauv-roald, SmartX, 2.910
1622104357.046, lauv-roald, SmartX, 2.784
1622104357.546, lauv-roald, SmartX, 2.839
1622104358.045, lauv-roald, SmartX, 2.895
1622104358.546, lauv-roald, SmartX, 2.954
1622104359.045, lauv-roald, SmartX, 2.994
1622104359.545, lauv-roald, SmartX, 3.003
1622104360.045, lauv-roald, SmartX, 3.004
1622104360.545, lauv-roald, SmartX, 3.001
1622104361.045, lauv-roald, SmartX, 3.004
1622104361.545, lauv-roald, SmartX, 3.011
1622104362.045, lauv-roald, SmartX, 2.998
1622104362.545, lauv-roald, SmartX, 2.941
1622104363.045, lauv-roald, SmartX, 2.950
1622104363.545, lauv-roald, SmartX, 2.988
1622104364.045, lauv-roald, SmartX, 3.000
1622104364.545, lauv-roald, SmartX, 2.956
1622104365.045, lauv-roald, SmartX, 2.854
1622104365.545, lauv-roald, SmartX, 2.645
1622104366.045, lauv-roald, SmartX, 2.796
1622104366.545, lauv-roald, SmartX, 2.826
1622104367.045, lauv-roald, SmartX, 2.866
1622104367.545, lauv-roald, SmartX, 2.965
1622104368.045, lauv-roald, SmartX, 3.023
1622104368.545, lauv-roald, SmartX, 2.963
1622104369.045, lauv-roald, SmartX, 2.623
1622104369.545, lauv-roald, SmartX, 2.458
1622104370.045, lauv-roald, SmartX, 2.438
1622104370.545, lauv-roald, SmartX, 2.684
1622104371.045, lauv-roald, SmartX, 2.849
1622104371.545, lauv-roald, SmartX, 2.923
1622104372.045, lauv-roald, SmartX, 2.755
1622104372.545, lauv-roald, SmartX, 2.553
1622104373.044, lauv-roald, SmartX, 2.438
1622104373.545, lauv-roald, SmartX, 2.633
1622104374.044, lauv-roald, SmartX, 2.876
1622104374.545, lauv-roald, SmartX, 2.948
1622104375.044, lauv-roald, SmartX, 2.943
1622104375.544, lauv-roald, SmartX, 2.847
1622104376.044, lauv-roald, SmartX, 2.554
1622104376.544, lauv-roald, SmartX, 2.435
1622104377.044, lauv-roald, SmartX, 2.561
1622104377.545, lauv-roald, SmartX, 2.725
1622104378.044, lauv-roald, SmartX, 2.852
1622104378.544, lauv-roald, SmartX, 2.944
1622104379.044, lauv-roald, SmartX, 2.909
1622104379.544, lauv-roald, SmartX, 2.751
1622104380.044, lauv-roald, SmartX, 2.772
1622104380.544, lauv-roald, SmartX, 2.912
1622104381.044, lauv-roald, SmartX, 2.989
1622104381.544, lauv-roald, SmartX, 2.980
1622104382.044, lauv-roald, SmartX, 2.662
1622104382.544, lauv-roald, SmartX, 2.464
1622104383.044, lauv-roald, SmartX, 2.440
1622104383.544, lauv-roald, SmartX, 2.679
1622104384.044, lauv-roald, SmartX, 2.887
1622104384.544, lauv-roald, SmartX, 2.964
1622104385.044, lauv-roald, SmartX, 2.984
1622104385.544, lauv-roald, SmartX, 2.948
1622104386.044, lauv-roald, SmartX, 2.736
1622104386.544, lauv-roald, SmartX, 2.513
1622104387.044, lauv-roald, SmartX, 2.423
1622104387.544, lauv-roald, SmartX, 2.378
1622104388.043, lauv-roald, SmartX, 2.441
1622104388.544, lauv-roald, SmartX, 2.727
1622104389.044, lauv-roald, SmartX, 2.813
1622104389.544, lauv-roald, SmartX, 2.727
1622104390.043, lauv-roald, SmartX, 2.623
1622104390.543, lauv-roald, SmartX, 2.769
1622104391.043, lauv-roald, SmartX, 2.860
1622104391.543, lauv-roald, SmartX, 2.889
1622104392.043, lauv-roald, SmartX, 2.896
1622104392.543, lauv-roald, SmartX, 2.704
1622104393.043, lauv-roald, SmartX, 2.549
1622104393.543, lauv-roald, SmartX, 2.600
1622104394.043, lauv-roald, SmartX, 2.752
1622104394.543, lauv-roald, SmartX, 2.923
1622104395.043, lauv-roald, SmartX, 2.901
1622104395.543, lauv-roald, SmartX, 2.599
1622104396.043, lauv-roald, SmartX, 2.354
1622104396.543, lauv-roald, SmartX, 2.305
1622104397.043, lauv-roald, SmartX, 2.553
1622104397.543, lauv-roald, SmartX, 2.775
1622104398.043, lauv-roald, SmartX, 2.868
1622104398.543, lauv-roald, SmartX, 2.871
1622104399.043, lauv-roald, SmartX, 2.748
1622104399.543, lauv-roald, SmartX, 2.720
1622104400.043, lauv-roald, SmartX, 2.785
1622104400.542, lauv-roald, SmartX, 2.907
1622104401.043, lauv-roald, SmartX, 2.988
1622104401.542, lauv-roald, SmartX, 2.972
1622104402.042, lauv-roald, SmartX, 2.803
1622104402.542, lauv-roald, SmartX, 2.571
1622104403.042, lauv-roald, SmartX, 2.584
1622104403.543, lauv-roald, SmartX, 2.802
1622104404.042, lauv-roald, SmartX, 2.825
1622104404.542, lauv-roald, SmartX, 2.707
1622104405.042, lauv-roald, SmartX, 2.549
1622104405.542, lauv-roald, SmartX, 2.510
1622104406.042, lauv-roald, SmartX, 2.361
1622104406.542, lauv-roald, SmartX, 2.318
1622104407.042, lauv-roald, SmartX, 2.544
1622104407.542, lauv-roald, SmartX, 2.804
1622104408.042, lauv-roald, SmartX, 2.912
1622104408.542, lauv-roald, SmartX, 2.939
1622104409.042, lauv-roald, SmartX, 2.906
1622104409.542, lauv-roald, SmartX, 2.684
1622104410.042, lauv-roald, SmartX, 2.368
1622104410.542, lauv-roald, SmartX, 2.287
1622104411.042, lauv-roald, SmartX, 2.303
1622104411.542, lauv-roald, SmartX, 2.711
1622104412.042, lauv-roald, SmartX, 2.856
1622104412.542, lauv-roald, SmartX, 2.805
1622104413.042, lauv-roald, SmartX, 2.413
1622104413.542, lauv-roald, SmartX, 2.310
1622104414.042, lauv-roald, SmartX, 2.279
1622104414.542, lauv-roald, SmartX, 2.492
1622104415.041, lauv-roald, SmartX, 2.703
1622104415.542, lauv-roald, SmartX, 2.865
1622104416.042, lauv-roald, SmartX, 2.893
1622104416.542, lauv-roald, SmartX, 2.845
1622104417.042, lauv-roald, SmartX, 2.458
1622104417.542, lauv-roald, SmartX, 2.361
1622104418.042, lauv-roald, SmartX, 2.437
1622104418.542, lauv-roald, SmartX, 2.751
1622104419.041, lauv-roald, SmartX, 2.856
1622104419.541, lauv-roald, SmartX, 2.576
1622104420.041, lauv-roald, SmartX, 2.418
1622104420.541, lauv-roald, SmartX, 2.291
1622104421.042, lauv-roald, SmartX, 2.246
1622104421.541, lauv-roald, SmartX, 2.213
1622104422.041, lauv-roald, SmartX, 2.184
1622104422.541, lauv-roald, SmartX, 2.161
1622104423.041, lauv-roald, SmartX, 2.150
1622104423.541, lauv-roald, SmartX, 2.153
1622104424.041, lauv-roald, SmartX, 2.162
1622104424.541, lauv-roald, SmartX, 2.170
1622104425.041, lauv-roald, SmartX, 2.182
1622104425.541, lauv-roald, SmartX, 2.177
1622104426.041, lauv-roald, SmartX, 2.151
1622104426.541, lauv-roald, SmartX, 2.136
1622104427.041, lauv-roald, SmartX, 2.118
1622104427.541, lauv-roald, SmartX, 2.135
1622104428.041, lauv-roald, SmartX, 2.313
1622104428.541, lauv-roald, SmartX, 2.442
1622104429.041, lauv-roald, SmartX, 2.272
1622104429.541, lauv-roald, SmartX, 2.219
1622104430.041, lauv-roald, SmartX, 2.159
1622104430.541, lauv-roald, SmartX, 2.136
1622104431.042, lauv-roald, SmartX, 2.127
1622104431.541, lauv-roald, SmartX, 2.128
1622104432.042, lauv-roald, SmartX, 2.321
1622104432.540, lauv-roald, SmartX, 2.616
1622104433.040, lauv-roald, SmartX, 2.524
1622104433.541, lauv-roald, SmartX, 2.279
1622104434.041, lauv-roald, SmartX, 2.200
1622104434.541, lauv-roald, SmartX, 2.164
1622104435.040, lauv-roald, SmartX, 2.141
1622104435.540, lauv-roald, SmartX, 2.151
1622104436.040, lauv-roald, SmartX, 2.229
1622104436.540, lauv-roald, SmartX, 2.368
1622104437.040, lauv-roald, SmartX, 2.317
1622104437.540, lauv-roald, SmartX, 2.262
1622104438.041, lauv-roald, SmartX, 2.266
1622104438.540, lauv-roald, SmartX, 2.549
1622104439.040, lauv-roald, SmartX, 2.746
1622104439.540, lauv-roald, SmartX, 2.816
1622104440.040, lauv-roald, SmartX, 2.709
1622104440.540, lauv-roald, SmartX, 2.483
1622104441.040, lauv-roald, SmartX, 2.327
1622104441.540, lauv-roald, SmartX, 2.241
1622104442.041, lauv-roald, SmartX, 2.292
1622104442.540, lauv-roald, SmartX, 2.613
1622104443.040, lauv-roald, SmartX, 2.656
1622104443.541, lauv-roald, SmartX, 2.450
1622104444.040, lauv-roald, SmartX, 2.372
1622104444.541, lauv-roald, SmartX, 2.253
1622104445.040, lauv-roald, SmartX, 2.124
1622104445.540, lauv-roald, SmartX, 2.119
1622104446.040, lauv-roald, SmartX, 2.120
1622104446.540, lauv-roald, SmartX, 2.161
1622104447.040, lauv-roald, SmartX, 2.260
1622104447.540, lauv-roald, SmartX, 2.249
1622104448.040, lauv-roald, SmartX, 2.231
1622104448.540, lauv-roald, SmartX, 2.241
1622104449.040, lauv-roald, SmartX, 2.313
1622104449.540, lauv-roald, SmartX, 2.296
1622104450.041, lauv-roald, SmartX, 2.252
1622104450.540, lauv-roald, SmartX, 2.222
1622104451.040, lauv-roald, SmartX, 2.148
1622104451.540, lauv-roald, SmartX, 2.123
1622104452.040, lauv-roald, SmartX, 2.141
1622104452.540, lauv-roald, SmartX, 2.175
1622104453.040, lauv-roald, SmartX, 2.219
1622104453.539, lauv-roald, SmartX, 2.204
1622104454.039, lauv-roald, SmartX, 2.208
1622104454.540, lauv-roald, SmartX, 2.223
1622104455.041, lauv-roald, SmartX, 2.250
1622104455.539, lauv-roald, SmartX, 2.332
1622104456.039, lauv-roald, SmartX, 2.331
1622104456.539, lauv-roald, SmartX, 2.309
1622104457.039, lauv-roald, SmartX, 2.240
1622104457.541, lauv-roald, SmartX, 2.144
1622104458.039, lauv-roald, SmartX, 2.044
1622104458.539, lauv-roald, SmartX, 2.014
1622104459.039, lauv-roald, SmartX, 2.050
1622104459.539, lauv-roald, SmartX, 2.233
1622104460.039, lauv-roald, SmartX, 2.596
1622104460.539, lauv-roald, SmartX, 2.756
1622104461.039, lauv-roald, SmartX, 2.834
1622104461.539, lauv-roald, SmartX, 2.524
1622104462.039, lauv-roald, SmartX, 2.334
1622104462.538, lauv-roald, SmartX, 2.035
1622104463.039, lauv-roald, SmartX, 1.980
1622104463.538, lauv-roald, SmartX, 2.046
1622104464.039, lauv-roald, SmartX, 2.298
1622104464.538, lauv-roald, SmartX, 2.617
1622104465.038, lauv-roald, SmartX, 2.629
1622104465.538, lauv-roald, SmartX, 2.437
1622104466.038, lauv-roald, SmartX, 2.186
1622104466.538, lauv-roald, SmartX, 1.969
1622104467.038, lauv-roald, SmartX, 1.893
1622104467.538, lauv-roald, SmartX, 1.896
1622104468.038, lauv-roald, SmartX, 1.949
1622104468.538, lauv-roald, SmartX, 2.159
1622104469.038, lauv-roald, SmartX, 2.442
1622104469.538, lauv-roald, SmartX, 2.815
1622104470.038, lauv-roald, SmartX, 2.804
1622104470.538, lauv-roald, SmartX, 2.598
1622104471.038, lauv-roald, SmartX, 2.265
1622104471.538, lauv-roald, SmartX, 1.948
1622104472.038, lauv-roald, SmartX, 1.901
1622104472.538, lauv-roald, SmartX, 1.931
1622104473.038, lauv-roald, SmartX, 2.218
1622104473.538, lauv-roald, SmartX, 2.482
1622104474.038, lauv-roald, SmartX, 2.650
1622104474.538, lauv-roald, SmartX, 2.568
1622104475.037, lauv-roald, SmartX, 2.422
1622104475.538, lauv-roald, SmartX, 2.121
1622104476.038, lauv-roald, SmartX, 2.066
1622104476.538, lauv-roald, SmartX, 2.272
1622104477.037, lauv-roald, SmartX, 2.427
1622104477.538, lauv-roald, SmartX, 2.474
1622104478.037, lauv-roald, SmartX, 2.407
1622104478.538, lauv-roald, SmartX, 2.235
1622104479.037, lauv-roald, SmartX, 2.053
1622104479.537, lauv-roald, SmartX, 1.929
1622104480.037, lauv-roald, SmartX, 1.937
1622104480.537, lauv-roald, SmartX, 2.110
1622104481.037, lauv-roald, SmartX, 2.364
1622104481.537, lauv-roald, SmartX, 2.662
1622104482.037, lauv-roald, SmartX, 2.813
1622104482.537, lauv-roald, SmartX, 2.867
1622104483.037, lauv-roald, SmartX, 2.676
1622104483.537, lauv-roald, SmartX, 2.484
1622104484.037, lauv-roald, SmartX, 1.981
1622104484.537, lauv-roald, SmartX, 1.824
1622104485.036, lauv-roald, SmartX, 1.751
1622104485.536, lauv-roald, SmartX, 1.776
1622104486.037, lauv-roald, SmartX, 2.098
1622104486.537, lauv-roald, SmartX, 2.354
1622104487.037, lauv-roald, SmartX, 2.635
1622104487.537, lauv-roald, SmartX, 2.813
1622104488.037, lauv-roald, SmartX, 2.565
1622104488.537, lauv-roald, SmartX, 2.037
1622104489.037, lauv-roald, SmartX, 1.886
1622104489.537, lauv-roald, SmartX, 1.850
1622104490.036, lauv-roald, SmartX, 1.880
1622104490.536, lauv-roald, SmartX, 2.510
1622104491.036, lauv-roald, SmartX, 2.582
1622104491.536, lauv-roald, SmartX, 2.775
1622104492.036, lauv-roald, SmartX, 2.778
1622104492.537, lauv-roald, SmartX, 2.592
1622104493.037, lauv-roald, SmartX, 2.281
1622104493.537, lauv-roald, SmartX, 1.875
1622104494.036, lauv-roald, SmartX, 1.769
1622104494.536, lauv-roald, SmartX, 1.621
1622104495.036, lauv-roald, SmartX, 1.618
1622104495.536, lauv-roald, SmartX, 1.625
1622104496.036, lauv-roald, SmartX, 1.945
1622104496.536, lauv-roald, SmartX, 2.324
1622104497.036, lauv-roald, SmartX, 2.619
1622104497.536, lauv-roald, SmartX, 2.600
1622104498.036, lauv-roald, SmartX, 2.267
1622104498.536, lauv-roald, SmartX, 2.117
1622104499.036, lauv-roald, SmartX, 2.040
1622104499.536, lauv-roald, SmartX, 1.949
1622104500.036, lauv-roald, SmartX, 2.036
1622104500.536, lauv-roald, SmartX, 2.324
1622104501.036, lauv-roald, SmartX, 2.618
1622104501.536, lauv-roald, SmartX, 2.705
1622104502.036, lauv-roald, SmartX, 2.576
1622104502.536, lauv-roald, SmartX, 1.991
1622104503.035, lauv-roald, SmartX, 1.709
1622104503.535, lauv-roald, SmartX, 1.703
1622104504.036, lauv-roald, SmartX, 1.970
1622104504.536, lauv-roald, SmartX, 2.150
1622104505.036, lauv-roald, SmartX, 2.468
1622104505.536, lauv-roald, SmartX, 2.309
1622104506.036, lauv-roald, SmartX, 1.968
1622104506.535, lauv-roald, SmartX, 1.672
1622104507.035, lauv-roald, SmartX, 1.423
1622104507.535, lauv-roald, SmartX, 1.357
1622104508.035, lauv-roald, SmartX, 1.413
1622104508.535, lauv-roald, SmartX, 2.101
1622104509.035, lauv-roald, SmartX, 2.513
1622104509.535, lauv-roald, SmartX, 2.654
1622104510.036, lauv-roald, SmartX, 2.264
1622104510.535, lauv-roald, SmartX, 1.986
1622104511.035, lauv-roald, SmartX, 1.550
1622104511.535, lauv-roald, SmartX, 1.426
1622104512.035, lauv-roald, SmartX, 1.386
1622104512.535, lauv-roald, SmartX, 1.422
1622104513.035, lauv-roald, SmartX, 1.839
1622104513.535, lauv-roald, SmartX, 2.363
1622104514.035, lauv-roald, SmartX, 2.614
1622104514.535, lauv-roald, SmartX, 2.349
1622104515.035, lauv-roald, SmartX, 1.931
1622104515.535, lauv-roald, SmartX, 1.757
1622104516.034, lauv-roald, SmartX, 1.576
1622104516.535, lauv-roald, SmartX, 1.444
1622104517.034, lauv-roald, SmartX, 1.680
1622104517.535, lauv-roald, SmartX, 2.094
1622104518.035, lauv-roald, SmartX, 2.097
1622104518.535, lauv-roald, SmartX, 1.880
1622104519.034, lauv-roald, SmartX, 1.645
1622104519.534, lauv-roald, SmartX, 1.408
1622104520.034, lauv-roald, SmartX, 1.311
1622104520.534, lauv-roald, SmartX, 1.280
1622104521.034, lauv-roald, SmartX, 1.491
1622104521.535, lauv-roald, SmartX, 1.923
1622104522.034, lauv-roald, SmartX, 2.213
1622104522.535, lauv-roald, SmartX, 2.213
1622104523.035, lauv-roald, SmartX, 1.847
1622104523.534, lauv-roald, SmartX, 1.646
1622104524.034, lauv-roald, SmartX, 1.472
1622104524.534, lauv-roald, SmartX, 1.385
1622104525.034, lauv-roald, SmartX, 1.296
1622104525.534, lauv-roald, SmartX, 1.302
1622104526.034, lauv-roald, SmartX, 2.230
1622104526.535, lauv-roald, SmartX, 2.370
1622104527.034, lauv-roald, SmartX, 2.437
1622104527.534, lauv-roald, SmartX, 2.283
1622104528.034, lauv-roald, SmartX, 2.034
1622104528.534, lauv-roald, SmartX, 1.751
1622104529.033, lauv-roald, SmartX, 1.574
1622104529.534, lauv-roald, SmartX, 1.417
1622104530.034, lauv-roald, SmartX, 1.412
1622104530.533, lauv-roald, SmartX, 1.435
1622104531.034, lauv-roald, SmartX, 1.424
1622104531.534, lauv-roald, SmartX, 1.366
1622104532.033, lauv-roald, SmartX, 1.284
1622104532.533, lauv-roald, SmartX, 1.277
1622104533.033, lauv-roald, SmartX, 1.322
1622104533.533, lauv-roald, SmartX, 1.355
1622104534.033, lauv-roald, SmartX, 1.345
1622104534.533, lauv-roald, SmartX, 1.297
1622104535.033, lauv-roald, SmartX, 1.218
1622104535.533, lauv-roald, SmartX, 1.125
1622104536.033, lauv-roald, SmartX, 1.088
1622104536.533, lauv-roald, SmartX, 1.076
1622104537.033, lauv-roald, SmartX, 1.100
1622104537.533, lauv-roald, SmartX, 1.148
1622104538.033, lauv-roald, SmartX, 1.182
1622104538.533, lauv-roald, SmartX, 1.177
1622104539.033, lauv-roald, SmartX, 1.113
1622104539.533, lauv-roald, SmartX, 1.010
1622104540.033, lauv-roald, SmartX, 1.008
1622104540.533, lauv-roald, SmartX, 1.050
1622104541.033, lauv-roald, SmartX, 1.052
1622104541.533, lauv-roald, SmartX, 0.935
1622104542.034, lauv-roald, SmartX, 0.757
1622104542.533, lauv-roald, SmartX, 0.631
1622104543.033, lauv-roald, SmartX, 0.661
1622104543.533, lauv-roald, SmartX, 0.765
1622104544.033, lauv-roald, SmartX, 1.084
1622104544.533, lauv-roald, SmartX, 1.385
1622104545.033, lauv-roald, SmartX, 1.500
1622104545.532, lauv-roald, SmartX, 1.549
1622104546.032, lauv-roald, SmartX, 1.423
1622104546.532, lauv-roald, SmartX, 1.008
1622104547.032, lauv-roald, SmartX, 0.708
1622104547.532, lauv-roald, SmartX, 0.650
1622104548.032, lauv-roald, SmartX, 0.638
1622104548.532, lauv-roald, SmartX, 0.655
1622104549.032, lauv-roald, SmartX, 0.796
1622104549.532, lauv-roald, SmartX, 0.985
1622104550.032, lauv-roald, SmartX, 1.281
1622104550.532, lauv-roald, SmartX, 1.422
1622104551.032, lauv-roald, SmartX, 1.413
1622104551.532, lauv-roald, SmartX, 1.263
1622104552.032, lauv-roald, SmartX, 1.030
1622104552.532, lauv-roald, SmartX, 0.849
1622104553.032, lauv-roald, SmartX, 0.743
1622104553.532, lauv-roald, SmartX, 0.620
1622104554.032, lauv-roald, SmartX, 0.605
1622104554.532, lauv-roald, SmartX, 0.736
1622104555.032, lauv-roald, SmartX, 1.004
1622104555.532, lauv-roald, SmartX, 1.154
1622104556.032, lauv-roald, SmartX, 1.171
1622104556.532, lauv-roald, SmartX, 0.874
1622104557.032, lauv-roald, SmartX, 0.649
1622104557.532, lauv-roald, SmartX, 0.614
1622104558.032, lauv-roald, SmartX, 0.601
1622104558.532, lauv-roald, SmartX, 0.731
1622104559.032, lauv-roald, SmartX, 0.819
1622104559.531, lauv-roald, SmartX, 0.931
1622104560.031, lauv-roald, SmartX, 0.926
1622104560.532, lauv-roald, SmartX, 0.826
1622104561.032, lauv-roald, SmartX, 0.662
1622104561.531, lauv-roald, SmartX, 0.651
1622104562.031, lauv-roald, SmartX, 0.666
1622104562.531, lauv-roald, SmartX, 0.701
1622104563.031, lauv-roald, SmartX, 0.807
1622104563.531, lauv-roald, SmartX, 0.989
1622104564.031, lauv-roald, SmartX, 1.258
1622104564.531, lauv-roald, SmartX, 1.237
1622104565.031, lauv-roald, SmartX, 1.023
1622104565.531, lauv-roald, SmartX, 0.859
1622104566.031, lauv-roald, SmartX, 0.688
1622104566.531, lauv-roald, SmartX, 0.509
1622104567.031, lauv-roald, SmartX, 0.455
1622104567.531, lauv-roald, SmartX, 0.500
1622104568.031, lauv-roald, SmartX, 0.636
1622104568.531, lauv-roald, SmartX, 0.834
1622104569.030, lauv-roald, SmartX, 0.886
1622104569.531, lauv-roald, SmartX, 0.941
1622104570.031, lauv-roald, SmartX, 0.819
1622104570.531, lauv-roald, SmartX, 0.773
1622104571.031, lauv-roald, SmartX, 0.746
1622104571.531, lauv-roald, SmartX, 0.708
1622104572.031, lauv-roald, SmartX, 0.891
1622104572.531, lauv-roald, SmartX, 0.849
1622104573.031, lauv-roald, SmartX, 0.864
1622104573.531, lauv-roald, SmartX, 0.800
1622104574.031, lauv-roald, SmartX, 0.876
1622104574.530, lauv-roald, SmartX, 1.094
1622104575.031, lauv-roald, SmartX, 1.139
1622104575.530, lauv-roald, SmartX, 1.064
1622104576.030, lauv-roald, SmartX, 0.920
1622104576.530, lauv-roald, SmartX, 0.780
1622104577.030, lauv-roald, SmartX, 0.631
1622104577.530, lauv-roald, SmartX, 0.510
1622104578.030, lauv-roald, SmartX, 0.403
1622104578.530, lauv-roald, SmartX, 0.404
1622104579.030, lauv-roald, SmartX, 0.373
1622104579.530, lauv-roald, SmartX, 0.379
1622104580.030, lauv-roald, SmartX, 0.466
1622104580.530, lauv-roald, SmartX, 0.687
1622104581.030, lauv-roald, SmartX, 0.650
1622104581.530, lauv-roald, SmartX, 0.577
1622104582.030, lauv-roald, SmartX, 0.552
1622104582.530, lauv-roald, SmartX, 0.678
1622104583.030, lauv-roald, SmartX, 0.789
1622104583.530, lauv-roald, SmartX, 0.814
1622104584.030, lauv-roald, SmartX, 0.770
1622104584.530, lauv-roald, SmartX, 0.638
1622104585.030, lauv-roald, SmartX, 0.601
1622104585.530, lauv-roald, SmartX, 0.511
1622104586.030, lauv-roald, SmartX, 0.464
1622104586.530, lauv-roald, SmartX, 0.466
1622104587.030, lauv-roald, SmartX, 0.544
1622104587.530, lauv-roald, SmartX, 0.645
1622104588.030, lauv-roald, SmartX, 0.733
1622104588.529, lauv-roald, SmartX, 0.701
1622104589.029, lauv-roald, SmartX, 0.625
1622104589.529, lauv-roald, SmartX, 0.488
1622104590.029, lauv-roald, SmartX, 0.373
1622104590.530, lauv-roald, SmartX, 0.312
1622104591.030, lauv-roald, SmartX, 0.331
1622104591.529, lauv-roald, SmartX, 0.492
1622104592.029, lauv-roald, SmartX, 0.578
1622104592.529, lauv-roald, SmartX, 0.537
1622104593.029, lauv-roald, SmartX, 0.491
1622104593.529, lauv-roald, SmartX, 0.400
1622104594.029, lauv-roald, SmartX, 0.352
1622104594.529, lauv-roald, SmartX, 0.339
1622104595.029, lauv-roald, SmartX, 0.349
1622104595.529, lauv-roald, SmartX, 0.438
1622104596.029, lauv-roald, SmartX, 0.780
1622104596.529, lauv-roald, SmartX, 0.808
1622104597.029, lauv-roald, SmartX, 0.887
1622104597.529, lauv-roald, SmartX, 0.689
1622104598.029, lauv-roald, SmartX, 0.519
1622104598.529, lauv-roald, SmartX, 0.462
1622104599.029, lauv-roald, SmartX, 0.430
1622104599.529, lauv-roald, SmartX, 0.396
1622104600.029, lauv-roald, SmartX, 0.399
1622104600.529, lauv-roald, SmartX, 0.433
1622104601.029, lauv-roald, SmartX, 0.447
1622104601.529, lauv-roald, SmartX, 0.466
1622104602.029, lauv-roald, SmartX, 0.448
1622104602.529, lauv-roald, SmartX, 0.423
1622104603.028, lauv-roald, SmartX, 0.405
1622104603.529, lauv-roald, SmartX, 0.535
1622104604.028, lauv-roald, SmartX, 0.677
1622104604.528, lauv-roald, SmartX, 0.871
1622104605.028, lauv-roald, SmartX, 0.911
1622104605.528, lauv-roald, SmartX, 0.883
1622104606.028, lauv-roald, SmartX, 0.813
1622104606.528, lauv-roald, SmartX, 0.783
1622104607.028, lauv-roald, SmartX, 0.745
1622104607.528, lauv-roald, SmartX, 0.753
1622104608.028, lauv-roald, SmartX, 0.708
1622104608.528, lauv-roald, SmartX, 0.736
1622104609.028, lauv-roald, SmartX, 0.978
1622104609.528, lauv-roald, SmartX, 1.117
1622104610.028, lauv-roald, SmartX, 1.149
1622104610.528, lauv-roald, SmartX, 1.162
1622104611.028, lauv-roald, SmartX, 1.100
1622104611.528, lauv-roald, SmartX, 1.110
1622104612.028, lauv-roald, SmartX, 0.994
1622104612.528, lauv-roald, SmartX, 0.949
1622104613.028, lauv-roald, SmartX, 0.875
1622104613.528, lauv-roald, SmartX, 0.915
1622104614.028, lauv-roald, SmartX, 1.036
1622104614.528, lauv-roald, SmartX, 1.092
1622104615.028, lauv-roald, SmartX, 1.169
1622104615.528, lauv-roald, SmartX, 1.180
1622104616.028, lauv-roald, SmartX, 1.181
1622104616.528, lauv-roald, SmartX, 1.196
1622104617.028, lauv-roald, SmartX, 1.216
1622104617.527, lauv-roald, SmartX, 1.267
1622104618.028, lauv-roald, SmartX, 1.222
1622104618.527, lauv-roald, SmartX, 1.211
1622104619.027, lauv-roald, SmartX, 1.220
1622104619.527, lauv-roald, SmartX, 1.230
1622104620.027, lauv-roald, SmartX, 1.203
1622104620.527, lauv-roald, SmartX, 1.202
1622104621.027, lauv-roald, SmartX, 1.248
1622104621.527, lauv-roald, SmartX, 1.313
1622104622.027, lauv-roald, SmartX, 1.359
1622104622.527, lauv-roald, SmartX, 1.332
1622104623.027, lauv-roald, SmartX, 1.284
1622104623.527, lauv-roald, SmartX, 1.211
1622104624.027, lauv-roald, SmartX, 1.215
1622104624.527, lauv-roald, SmartX, 1.221
1622104625.027, lauv-roald, SmartX, 1.244
1622104625.527, lauv-roald, SmartX, 1.236
1622104626.027, lauv-roald, SmartX, 1.267
1622104626.527, lauv-roald, SmartX, 1.306
1622104627.027, lauv-roald, SmartX, 1.360
1622104627.527, lauv-roald, SmartX, 1.422
1622104628.027, lauv-roald, SmartX, 1.419
1622104628.527, lauv-roald, SmartX, 1.432
1622104629.027, lauv-roald, SmartX, 1.321
1622104629.527, lauv-roald, SmartX, 1.280
1622104630.027, lauv-roald, SmartX, 1.245
1622104630.527, lauv-roald, SmartX, 1.191
1622104631.027, lauv-roald, SmartX, 1.192
1622104631.526, lauv-roald, SmartX, 1.341
1622104632.027, lauv-roald, SmartX, 1.365
1622104632.527, lauv-roald, SmartX, 1.477
1622104633.026, lauv-roald, SmartX, 1.492
1622104633.527, lauv-roald, SmartX, 1.484
1622104634.027, lauv-roald, SmartX, 1.446
1622104634.526, lauv-roald, SmartX, 1.439
1622104635.026, lauv-roald, SmartX, 1.470
1622104635.526, lauv-roald, SmartX, 1.449
1622104636.026, lauv-roald, SmartX, 1.424
1622104636.526, lauv-roald, SmartX, 1.423
1622104637.026, lauv-roald, SmartX, 1.380
1622104637.526, lauv-roald, SmartX, 1.336
1622104638.026, lauv-roald, SmartX, 1.336
1622104638.526, lauv-roald, SmartX, 1.354
1622104639.026, lauv-roald, SmartX, 1.431
1622104639.526, lauv-roald, SmartX, 1.534
1622104640.026, lauv-roald, SmartX, 1.594
1622104640.526, lauv-roald, SmartX, 1.611
1622104641.026, lauv-roald, SmartX, 1.598
1622104641.526, lauv-roald, SmartX, 1.581
1622104642.026, lauv-roald, SmartX, 1.565
1622104642.526, lauv-roald, SmartX, 1.566
1622104643.026, lauv-roald, SmartX, 1.557
1622104643.526, lauv-roald, SmartX, 1.545
1622104644.026, lauv-roald, SmartX, 1.532
1622104644.526, lauv-roald, SmartX, 1.551
1622104645.026, lauv-roald, SmartX, 1.611
1622104645.526, lauv-roald, SmartX, 1.588
1622104646.026, lauv-roald, SmartX, 1.567
1622104646.526, lauv-roald, SmartX, 1.563
1622104647.026, lauv-roald, SmartX, 1.612
1622104647.526, lauv-roald, SmartX, 1.648
1622104648.026, lauv-roald, SmartX, 1.618
1622104648.526, lauv-roald, SmartX, 1.635
1622104649.026, lauv-roald, SmartX, 1.625
1622104649.525, lauv-roald, SmartX, 1.633
1622104650.025, lauv-roald, SmartX, 1.632
1622104650.525, lauv-roald, SmartX, 1.679
1622104651.025, lauv-roald, SmartX, 1.722
1622104651.525, lauv-roald, SmartX, 1.743
1622104652.025, lauv-roald, SmartX, 1.731
1622104652.525, lauv-roald, SmartX, 1.797
1622104653.026, lauv-roald, SmartX, 1.851
1622104653.525, lauv-roald, SmartX, 1.831
1622104654.026, lauv-roald, SmartX, 1.849
1622104654.526, lauv-roald, SmartX, 1.860
1622104655.026, lauv-roald, SmartX, 1.856
1622104655.526, lauv-roald, SmartX, 1.900
1622104656.026, lauv-roald, SmartX, 1.984
1622104656.526, lauv-roald, SmartX, 1.989
1622104657.025, lauv-roald, SmartX, 1.958
1622104657.525, lauv-roald, SmartX, 1.941
1622104658.025, lauv-roald, SmartX, 2.031
1622104658.525, lauv-roald, SmartX, 2.092
1622104659.025, lauv-roald, SmartX, 2.070
1622104659.525, lauv-roald, SmartX, 2.049
1622104660.025, lauv-roald, SmartX, 2.109
1622104660.525, lauv-roald, SmartX, 2.225
1622104661.025, lauv-roald, SmartX, 2.276
1622104661.525, lauv-roald, SmartX, 2.284
1622104662.025, lauv-roald, SmartX, 2.252
1622104662.525, lauv-roald, SmartX, 2.226
1622104663.025, lauv-roald, SmartX, 2.141
1622104663.525, lauv-roald, SmartX, 2.088
1622104664.025, lauv-roald, SmartX, 2.108
1622104664.525, lauv-roald, SmartX, 2.139
1622104665.025, lauv-roald, SmartX, 2.061
1622104665.525, lauv-roald, SmartX, 2.073
1622104666.025, lauv-roald, SmartX, 2.066
1622104666.525, lauv-roald, SmartX, 2.074
1622104667.025, lauv-roald, SmartX, 2.130
1622104667.525, lauv-roald, SmartX, 2.240
1622104668.025, lauv-roald, SmartX, 2.407
1622104668.525, lauv-roald, SmartX, 2.489
1622104669.025, lauv-roald, SmartX, 2.528
1622104669.524, lauv-roald, SmartX, 2.558
1622104670.024, lauv-roald, SmartX, 2.521
1622104670.524, lauv-roald, SmartX, 2.641
1622104671.024, lauv-roald, SmartX, 2.720
1622104671.524, lauv-roald, SmartX, 2.861
1622104672.025, lauv-roald, SmartX, 2.924
1622104672.524, lauv-roald, SmartX, 2.914
1622104673.024, lauv-roald, SmartX, 2.758
1622104673.524, lauv-roald, SmartX, 2.711
1622104674.024, lauv-roald, SmartX, 2.724
1622104674.524, lauv-roald, SmartX, 2.799
1622104675.027, lauv-roald, SmartX, 2.810
1622104675.526, lauv-roald, SmartX, 2.775
1622104676.024, lauv-roald, SmartX, 2.788
1622104676.524, lauv-roald, SmartX, 2.776
1622104677.024, lauv-roald, SmartX, 2.807
1622104677.524, lauv-roald, SmartX, 2.861
1622104678.024, lauv-roald, SmartX, 2.803
1622104678.524, lauv-roald, SmartX, 2.766
1622104679.024, lauv-roald, SmartX, 2.768
1622104679.524, lauv-roald, SmartX, 2.839
1622104680.024, lauv-roald, SmartX, 2.845
1622104680.524, lauv-roald, SmartX, 2.806
1622104681.024, lauv-roald, SmartX, 2.858
1622104681.524, lauv-roald, SmartX, 2.901
1622104682.024, lauv-roald, SmartX, 2.913
1622104682.524, lauv-roald, SmartX, 2.901
1622104683.024, lauv-roald, SmartX, 2.920
1622104683.524, lauv-roald, SmartX, 2.953
1622104684.023, lauv-roald, SmartX, 2.994
1622104684.523, lauv-roald, SmartX, 3.005
1622104685.023, lauv-roald, SmartX, 3.025
1622104685.523, lauv-roald, SmartX, 3.041
1622104686.023, lauv-roald, SmartX, 3.051
1622104686.523, lauv-roald, SmartX, 3.054
1622104687.023, lauv-roald, SmartX, 3.024
1622104687.523, lauv-roald, SmartX, 3.029
1622104688.023, lauv-roald, SmartX, 3.048
1622104688.523, lauv-roald, SmartX, 3.043
1622104689.023, lauv-roald, SmartX, 3.013
1622104689.523, lauv-roald, SmartX, 2.966
1622104690.023, lauv-roald, SmartX, 2.902
1622104690.523, lauv-roald, SmartX, 2.967
1622104691.023, lauv-roald, SmartX, 2.994
1622104691.523, lauv-roald, SmartX, 3.018
1622104692.023, lauv-roald, SmartX, 3.033
1622104692.523, lauv-roald, SmartX, 3.045
1622104693.023, lauv-roald, SmartX, 3.054
1622104693.523, lauv-roald, SmartX, 3.060
1622104694.023, lauv-roald, SmartX, 3.065
1622104694.523, lauv-roald, SmartX, 3.066
1622104695.023, lauv-roald, SmartX, 3.065
1622104695.523, lauv-roald, SmartX, 3.066
1622104696.022, lauv-roald, SmartX, 3.069
1622104696.522, lauv-roald, SmartX, 3.071
1622104697.022, lauv-roald, SmartX, 3.072
1622104697.522, lauv-roald, SmartX, 3.069
1622104698.022, lauv-roald, SmartX, 3.066
1622104698.522, lauv-roald, SmartX, 3.061
1622104699.022, lauv-roald, SmartX, 3.057
1622104699.522, lauv-roald, SmartX, 3.064
1622104700.022, lauv-roald, SmartX, 3.068
1622104700.522, lauv-roald, SmartX, 3.069
1622104701.022, lauv-roald, SmartX, 3.066
1622104701.522, lauv-roald, SmartX, 3.068
1622104702.022, lauv-roald, SmartX, 3.066
1622104702.522, lauv-roald, SmartX, 3.066
1622104703.022, lauv-roald, SmartX, 3.067
1622104703.522, lauv-roald, SmartX, 3.069
1622104704.022, lauv-roald, SmartX, 3.067
1622104704.522, lauv-roald, SmartX, 3.066
1622104705.022, lauv-roald, SmartX, 3.068
1622104705.522, lauv-roald, SmartX, 3.071
1622104706.022, lauv-roald, SmartX, 3.072
1622104706.522, lauv-roald, SmartX, 3.073
1622104707.022, lauv-roald, SmartX, 3.074
1622104707.522, lauv-roald, SmartX, 3.074
1622104708.022, lauv-roald, SmartX, 3.074
1622104708.522, lauv-roald, SmartX, 3.074
1622104709.022, lauv-roald, SmartX, 3.074
1622104709.522, lauv-roald, SmartX, 3.074
1622104710.021, lauv-roald, SmartX, 3.074
1622104710.522, lauv-roald, SmartX, 3.074
1622104711.021, lauv-roald, SmartX, 3.074
1622104711.522, lauv-roald, SmartX, 3.074
1622104712.022, lauv-roald, SmartX, 3.075
1622104712.521, lauv-roald, SmartX, 3.074
1622104713.021, lauv-roald, SmartX, 3.074
1622104713.521, lauv-roald, SmartX, 3.073
1622104714.021, lauv-roald, SmartX, 3.072
1622104714.521, lauv-roald, SmartX, 3.073
1622104715.021, lauv-roald, SmartX, 3.073
1622104715.521, lauv-roald, SmartX, 3.074
1622104716.021, lauv-roald, SmartX, 3.075
1622104716.521, lauv-roald, SmartX, 3.075
1622104717.021, lauv-roald, SmartX, 3.076
1622104717.521, lauv-roald, SmartX, 3.076
1622104718.021, lauv-roald, SmartX, 3.077
1622104718.521, lauv-roald, SmartX, 3.077
1622104719.021, lauv-roald, SmartX, 3.076
1622104719.521, lauv-roald, SmartX, 3.076
1622104720.021, lauv-roald, SmartX, 3.075
1622104720.521, lauv-roald, SmartX, 3.075
1622104721.021, lauv-roald, SmartX, 3.074
1622104721.521, lauv-roald, SmartX, 3.074
1622104722.021, lauv-roald, SmartX, 3.075
1622104722.521, lauv-roald, SmartX, 3.074
1622104723.021, lauv-roald, SmartX, 3.075
1622104723.521, lauv-roald, SmartX, 3.074
1622104724.021, lauv-roald, SmartX, 3.075
1622104724.520, lauv-roald, SmartX, 3.076
1622104725.021, lauv-roald, SmartX, 3.075
1622104725.521, lauv-roald, SmartX, 3.075
1622104726.021, lauv-roald, SmartX, 3.076
1622104726.520, lauv-roald, SmartX, 3.076
1622104727.020, lauv-roald, SmartX, 3.076
1622104727.520, lauv-roald, SmartX, 3.076
1622104728.020, lauv-roald, SmartX, 3.076
1622104728.520, lauv-roald, SmartX, 3.076
1622104729.020, lauv-roald, SmartX, 3.076
1622104729.520, lauv-roald, SmartX, 3.075
1622104730.020, lauv-roald, SmartX, 3.075
1622104730.520, lauv-roald, SmartX, 3.075
1622104731.020, lauv-roald, SmartX, 3.075
1622104731.520, lauv-roald, SmartX, 3.075
1622104732.020, lauv-roald, SmartX, 3.075
1622104732.520, lauv-roald, SmartX, 3.075
1622104733.020, lauv-roald, SmartX, 3.075
1622104733.520, lauv-roald, SmartX, 3.075
1622104734.020, lauv-roald, SmartX, 3.075
1622104734.520, lauv-roald, SmartX, 3.074
1622104735.020, lauv-roald, SmartX, 3.074
1622104735.521, lauv-roald, SmartX, 3.075
1622104736.020, lauv-roald, SmartX, 3.074
1622104736.520, lauv-roald, SmartX, 3.073
1622104737.020, lauv-roald, SmartX, 3.073
1622104737.520, lauv-roald, SmartX, 3.070
1622104738.020, lauv-roald, SmartX, 3.070
1622104738.520, lauv-roald, SmartX, 3.071
1622104739.019, lauv-roald, SmartX, 3.071
1622104739.520, lauv-roald, SmartX, 3.071
1622104740.019, lauv-roald, SmartX, 3.072
1622104740.520, lauv-roald, SmartX, 3.072
1622104741.019, lauv-roald, SmartX, 3.073
1622104741.519, lauv-roald, SmartX, 3.074
1622104742.019, lauv-roald, SmartX, 3.074
1622104742.519, lauv-roald, SmartX, 3.074
1622104743.019, lauv-roald, SmartX, 3.074
1622104743.519, lauv-roald, SmartX, 3.074
1622104744.019, lauv-roald, SmartX, 3.074
1622104744.519, lauv-roald, SmartX, 3.073
1622104745.019, lauv-roald, SmartX, 3.073
1622104745.519, lauv-roald, SmartX, 3.073
1622104746.019, lauv-roald, SmartX, 3.073
1622104746.519, lauv-roald, SmartX, 3.072
1622104747.019, lauv-roald, SmartX, 3.072
1622104747.519, lauv-roald, SmartX, 3.073
1622104748.019, lauv-roald, SmartX, 3.073
1622104748.519, lauv-roald, SmartX, 3.073
1622104749.019, lauv-roald, SmartX, 3.073
1622104749.519, lauv-roald, SmartX, 3.073
1622104750.019, lauv-roald, SmartX, 3.074
1622104750.519, lauv-roald, SmartX, 3.075
1622104751.019, lauv-roald, SmartX, 3.076
1622104751.519, lauv-roald, SmartX, 3.077
1622104752.019, lauv-roald, SmartX, 3.078
1622104752.519, lauv-roald, SmartX, 3.078
1622104753.019, lauv-roald, SmartX, 3.079
1622104753.519, lauv-roald, SmartX, 3.080
1622104754.018, lauv-roald, SmartX, 3.080
1622104754.518, lauv-roald, SmartX, 3.080
1622104755.018, lauv-roald, SmartX, 3.080
1622104755.518, lauv-roald, SmartX, 3.080
1622104756.018, lauv-roald, SmartX, 3.080
1622104756.518, lauv-roald, SmartX, 3.078
1622104757.018, lauv-roald, SmartX, 3.077
1622104757.518, lauv-roald, SmartX, 3.075
1622104758.018, lauv-roald, SmartX, 3.072
1622104758.518, lauv-roald, SmartX, 3.068
1622104759.018, lauv-roald, SmartX, 3.057
1622104759.518, lauv-roald, SmartX, 3.042
1622104760.018, lauv-roald, SmartX, 3.045
1622104760.518, lauv-roald, SmartX, 3.052
1622104761.018, lauv-roald, SmartX, 3.054
1622104761.518, lauv-roald, SmartX, 3.058
1622104762.018, lauv-roald, SmartX, 3.061
1622104762.518, lauv-roald, SmartX, 3.062
1622104763.018, lauv-roald, SmartX, 3.065
1622104763.518, lauv-roald, SmartX, 3.068
1622104764.018, lauv-roald, SmartX, 3.067
1622104764.518, lauv-roald, SmartX, 3.069
1622104765.018, lauv-roald, SmartX, 3.072
1622104765.518, lauv-roald, SmartX, 3.074
1622104766.018, lauv-roald, SmartX, 3.073
1622104766.518, lauv-roald, SmartX, 3.073
1622104767.018, lauv-roald, SmartX, 3.075
1622104767.518, lauv-roald, SmartX, 3.076
1622104768.018, lauv-roald, SmartX, 3.077
1622104768.518, lauv-roald, SmartX, 3.074
1622104769.018, lauv-roald, SmartX, 3.071
1622104769.518, lauv-roald, SmartX, 3.072
1622104770.018, lauv-roald, SmartX, 3.074
1622104770.517, lauv-roald, SmartX, 3.073
1622104771.017, lauv-roald, SmartX, 3.068
1622104771.517, lauv-roald, SmartX, 3.063
1622104772.017, lauv-roald, SmartX, 3.053
1622104772.517, lauv-roald, SmartX, 3.049
1622104773.017, lauv-roald, SmartX, 3.051
1622104773.517, lauv-roald, SmartX, 3.047
1622104774.017, lauv-roald, SmartX, 3.045
1622104774.517, lauv-roald, SmartX, 3.037
1622104775.017, lauv-roald, SmartX, 3.027
1622104775.517, lauv-roald, SmartX, 3.026
1622104776.017, lauv-roald, SmartX, 3.023
1622104776.517, lauv-roald, SmartX, 3.014
1622104777.017, lauv-roald, SmartX, 3.012
1622104777.517, lauv-roald, SmartX, 3.009
1622104778.017, lauv-roald, SmartX, 3.009
1622104778.517, lauv-roald, SmartX, 3.008
1622104779.017, lauv-roald, SmartX, 3.009
1622104779.517, lauv-roald, SmartX, 3.010
1622104780.017, lauv-roald, SmartX, 3.011
1622104780.517, lauv-roald, SmartX, 3.013
1622104781.017, lauv-roald, SmartX, 3.015
1622104781.517, lauv-roald, SmartX, 3.016
1622104782.017, lauv-roald, SmartX, 3.016
1622104782.517, lauv-roald, SmartX, 3.017
1622104783.017, lauv-roald, SmartX, 3.027
1622104783.517, lauv-roald, SmartX, 3.026
1622104784.017, lauv-roald, SmartX, 3.029
1622104784.517, lauv-roald, SmartX, 3.034
1622104785.017, lauv-roald, SmartX, 3.042
1622104785.517, lauv-roald, SmartX, 3.044
1622104786.016, lauv-roald, SmartX, 3.047
1622104786.516, lauv-roald, SmartX, 3.047
1622104787.017, lauv-roald, SmartX, 3.049
1622104787.516, lauv-roald, SmartX, 3.049
1622104788.016, lauv-roald, SmartX, 3.053
1622104788.516, lauv-roald, SmartX, 3.054
1622104789.016, lauv-roald, SmartX, 3.056
1622104789.516, lauv-roald, SmartX, 3.059
1622104790.016, lauv-roald, SmartX, 3.058
1622104790.516, lauv-roald, SmartX, 3.060
1622104791.016, lauv-roald, SmartX, 3.062
1622104791.516, lauv-roald, SmartX, 3.063
1622104792.016, lauv-roald, SmartX, 3.066
1622104792.516, lauv-roald, SmartX, 3.068
1622104793.016, lauv-roald, SmartX, 3.069
1622104793.516, lauv-roald, SmartX, 3.070
1622104794.016, lauv-roald, SmartX, 3.070
1622104794.517, lauv-roald, SmartX, 3.071
1622104795.016, lauv-roald, SmartX, 3.072
1622104795.516, lauv-roald, SmartX, 3.072
1622104796.016, lauv-roald, SmartX, 3.072
1622104796.516, lauv-roald, SmartX, 3.072
1622104797.016, lauv-roald, SmartX, 3.072
1622104797.516, lauv-roald, SmartX, 3.071
1622104798.016, lauv-roald, SmartX, 3.071
1622104798.516, lauv-roald, SmartX, 3.071
1622104799.016, lauv-roald, SmartX, 3.071
1622104799.516, lauv-roald, SmartX, 3.071
1622104800.016, lauv-roald, SmartX, 3.071
1622104800.516, lauv-roald, SmartX, 3.071
1622104801.015, lauv-roald, SmartX, 3.072
1622104801.516, lauv-roald, SmartX, 3.072
1622104802.015, lauv-roald, SmartX, 3.072
1622104802.515, lauv-roald, SmartX, 3.072
1622104803.015, lauv-roald, SmartX, 3.073
1622104803.515, lauv-roald, SmartX, 3.073
1622104804.015, lauv-roald, SmartX, 3.073
1622104804.515, lauv-roald, SmartX, 3.074
1622104805.015, lauv-roald, SmartX, 3.075
1622104805.515, lauv-roald, SmartX, 3.075
1622104806.015, lauv-roald, SmartX, 3.075
1622104806.515, lauv-roald, SmartX, 3.074
1622104807.015, lauv-roald, SmartX, 3.074
1622104807.515, lauv-roald, SmartX, 3.073
1622104808.015, lauv-roald, SmartX, 3.075
1622104808.515, lauv-roald, SmartX, 3.076
1622104809.015, lauv-roald, SmartX, 3.079
1622104809.515, lauv-roald, SmartX, 3.080
1622104810.015, lauv-roald, SmartX, 3.081
1622104810.515, lauv-roald, SmartX, 3.080
1622104811.015, lauv-roald, SmartX, 3.081
1622104811.515, lauv-roald, SmartX, 3.081
1622104812.015, lauv-roald, SmartX, 3.081
1622104812.515, lauv-roald, SmartX, 3.081
1622104813.015, lauv-roald, SmartX, 3.081
1622104813.515, lauv-roald, SmartX, 3.079
1622104814.015, lauv-roald, SmartX, 3.079
1622104814.515, lauv-roald, SmartX, 3.079
1622104815.015, lauv-roald, SmartX, 3.078
1622104815.514, lauv-roald, SmartX, 3.077
1622104816.014, lauv-roald, SmartX, 3.078
1622104816.515, lauv-roald, SmartX, 3.078
1622104817.014, lauv-roald, SmartX, 3.079
1622104817.514, lauv-roald, SmartX, 3.079
1622104818.014, lauv-roald, SmartX, 3.079
1622104818.514, lauv-roald, SmartX, 3.077
1622104819.014, lauv-roald, SmartX, 3.077
1622104819.514, lauv-roald, SmartX, 3.078
1622104820.014, lauv-roald, SmartX, 3.079
1622104820.514, lauv-roald, SmartX, 3.080
1622104821.014, lauv-roald, SmartX, 3.079
1622104821.514, lauv-roald, SmartX, 3.079
1622104822.014, lauv-roald, SmartX, 3.080
1622104822.514, lauv-roald, SmartX, 3.081
1622104823.014, lauv-roald, SmartX, 3.080
1622104823.514, lauv-roald, SmartX, 3.080
1622104824.014, lauv-roald, SmartX, 3.081
1622104824.514, lauv-roald, SmartX, 3.081
1622104825.014, lauv-roald, SmartX, 3.081
1622104825.514, lauv-roald, SmartX, 3.081
1622104826.014, lauv-roald, SmartX, 3.081
1622104826.514, lauv-roald, SmartX, 3.080
1622104827.013, lauv-roald, SmartX, 3.081
1622104827.513, lauv-roald, SmartX, 3.081
1622104828.013, lauv-roald, SmartX, 3.080
1622104828.513, lauv-roald, SmartX, 3.080
1622104829.013, lauv-roald, SmartX, 3.080
1622104829.514, lauv-roald, SmartX, 3.079
1622104830.013, lauv-roald, SmartX, 3.078
1622104830.513, lauv-roald, SmartX, 3.078
1622104831.013, lauv-roald, SmartX, 3.078
1622104831.513, lauv-roald, SmartX, 3.078
1622104832.013, lauv-roald, SmartX, 3.079
1622104832.513, lauv-roald, SmartX, 3.079
1622104833.013, lauv-roald, SmartX, 3.079
1622104833.513, lauv-roald, SmartX, 3.077
1622104834.013, lauv-roald, SmartX, 3.077
1622104834.513, lauv-roald, SmartX, 3.076
1622104835.013, lauv-roald, SmartX, 3.076
1622104835.513, lauv-roald, SmartX, 3.075
1622104836.013, lauv-roald, SmartX, 3.076
1622104836.513, lauv-roald, SmartX, 3.076
1622104837.013, lauv-roald, SmartX, 3.075
1622104837.513, lauv-roald, SmartX, 3.075
1622104838.013, lauv-roald, SmartX, 3.075
1622104838.513, lauv-roald, SmartX, 3.075
1622104839.013, lauv-roald, SmartX, 3.075
1622104839.513, lauv-roald, SmartX, 3.075
1622104840.013, lauv-roald, SmartX, 3.075
1622104840.513, lauv-roald, SmartX, 3.075
1622104841.013, lauv-roald, SmartX, 3.075
1622104841.513, lauv-roald, SmartX, 3.075
1622104842.013, lauv-roald, SmartX, 3.075
1622104842.513, lauv-roald, SmartX, 3.074
1622104843.013, lauv-roald, SmartX, 3.075
1622104843.513, lauv-roald, SmartX, 3.075
1622104844.013, lauv-roald, SmartX, 3.075
1622104844.512, lauv-roald, SmartX, 3.074
1622104845.012, lauv-roald, SmartX, 3.074
1622104845.512, lauv-roald, SmartX, 3.075
1622104846.012, lauv-roald, SmartX, 3.074
1622104846.512, lauv-roald, SmartX, 3.075
1622104847.012, lauv-roald, SmartX, 3.077
1622104847.512, lauv-roald, SmartX, 3.077
1622104848.012, lauv-roald, SmartX, 3.078
1622104848.512, lauv-roald, SmartX, 3.078
1622104849.012, lauv-roald, SmartX, 3.079
1622104849.512, lauv-roald, SmartX, 3.079
1622104850.012, lauv-roald, SmartX, 3.079
1622104850.512, lauv-roald, SmartX, 3.080
1622104851.012, lauv-roald, SmartX, 3.079
1622104851.512, lauv-roald, SmartX, 3.079
1622104852.012, lauv-roald, SmartX, 3.080
1622104852.512, lauv-roald, SmartX, 3.079
1622104853.012, lauv-roald, SmartX, 3.080
1622104853.512, lauv-roald, SmartX, 3.079
1622104854.012, lauv-roald, SmartX, 3.080
1622104854.512, lauv-roald, SmartX, 3.079
1622104855.012, lauv-roald, SmartX, 3.079
1622104855.512, lauv-roald, SmartX, 3.079
1622104856.012, lauv-roald, SmartX, 3.079
1622104856.512, lauv-roald, SmartX, 3.079
1622104857.012, lauv-roald, SmartX, 3.079
1622104857.512, lauv-roald, SmartX, 3.079
1622104858.012, lauv-roald, SmartX, 3.080
1622104858.512, lauv-roald, SmartX, 3.080
1622104859.011, lauv-roald, SmartX, 3.080
1622104859.511, lauv-roald, SmartX, 3.080
1622104860.011, lauv-roald, SmartX, 3.080
1622104860.511, lauv-roald, SmartX, 3.079
1622104861.011, lauv-roald, SmartX, 3.077
1622104861.511, lauv-roald, SmartX, 3.076
1622104862.011, lauv-roald, SmartX, 3.077
1622104862.511, lauv-roald, SmartX, 3.078
1622104863.011, lauv-roald, SmartX, 3.078
1622104863.511, lauv-roald, SmartX, 3.079
1622104864.011, lauv-roald, SmartX, 3.079
1622104864.511, lauv-roald, SmartX, 3.079
1622104865.011, lauv-roald, SmartX, 3.078
1622104865.511, lauv-roald, SmartX, 3.078
1622104866.011, lauv-roald, SmartX, 3.078
1622104866.511, lauv-roald, SmartX, 3.079
1622104867.011, lauv-roald, SmartX, 3.079
1622104867.511, lauv-roald, SmartX, 3.080
1622104868.011, lauv-roald, SmartX, 3.080
1622104868.511, lauv-roald, SmartX, 3.080
1622104869.011, lauv-roald, SmartX, 3.079
1622104869.511, lauv-roald, SmartX, 3.079
1622104870.011, lauv-roald, SmartX, 3.079
1622104870.511, lauv-roald, SmartX, 3.078
1622104871.011, lauv-roald, SmartX, 3.078
1622104871.511, lauv-roald, SmartX, 3.078
1622104872.011, lauv-roald, SmartX, 3.078
1622104872.511, lauv-roald, SmartX, 3.078
1622104873.011, lauv-roald, SmartX, 3.078
1622104873.510, lauv-roald, SmartX, 3.077
1622104874.011, lauv-roald, SmartX, 3.076
1622104874.510, lauv-roald, SmartX, 3.075
1622104875.010, lauv-roald, SmartX, 3.075
1622104875.510, lauv-roald, SmartX, 3.075
1622104876.010, lauv-roald, SmartX, 3.072
1622104876.510, lauv-roald, SmartX, 3.071
1622104877.010, lauv-roald, SmartX, 3.071
1622104877.510, lauv-roald, SmartX, 3.070
1622104878.010, lauv-roald, SmartX, 3.069
1622104878.510, lauv-roald, SmartX, 3.068
1622104879.010, lauv-roald, SmartX, 3.066
1622104879.510, lauv-roald, SmartX, 3.066
1622104880.010, lauv-roald, SmartX, 3.065
1622104880.510, lauv-roald, SmartX, 3.065
1622104881.010, lauv-roald, SmartX, 3.064
1622104881.510, lauv-roald, SmartX, 3.065
1622104882.010, lauv-roald, SmartX, 3.064
1622104882.510, lauv-roald, SmartX, 3.063
1622104883.010, lauv-roald, SmartX, 3.062
1622104883.510, lauv-roald, SmartX, 3.062
1622104884.010, lauv-roald, SmartX, 3.060
1622104884.510, lauv-roald, SmartX, 3.060
1622104885.010, lauv-roald, SmartX, 3.060
1622104885.510, lauv-roald, SmartX, 3.059
1622104886.009, lauv-roald, SmartX, 3.059
1622104886.510, lauv-roald, SmartX, 3.060
1622104887.010, lauv-roald, SmartX, 3.063
1622104887.509, lauv-roald, SmartX, 3.070
1622104888.010, lauv-roald, SmartX, 3.073
1622104888.509, lauv-roald, SmartX, 3.070
1622104889.009, lauv-roald, SmartX, 3.063
1622104889.509, lauv-roald, SmartX, 3.062
1622104890.009, lauv-roald, SmartX, 3.062
1622104890.509, lauv-roald, SmartX, 3.060
1622104891.009, lauv-roald, SmartX, 3.058
1622104891.509, lauv-roald, SmartX, 3.057
1622104892.009, lauv-roald, SmartX, 3.056
1622104892.509, lauv-roald, SmartX, 3.055
1622104893.009, lauv-roald, SmartX, 3.054
1622104893.509, lauv-roald, SmartX, 3.054
1622104894.009, lauv-roald, SmartX, 3.053
1622104894.509, lauv-roald, SmartX, 3.053
1622104895.009, lauv-roald, SmartX, 3.053
1622104895.509, lauv-roald, SmartX, 3.052
1622104896.009, lauv-roald, SmartX, 3.052
1622104896.509, lauv-roald, SmartX, 3.051
1622104897.009, lauv-roald, SmartX, 3.051
1622104897.509, lauv-roald, SmartX, 3.058
1622104898.009, lauv-roald, SmartX, 3.058
1622104898.509, lauv-roald, SmartX, 3.059
1622104899.009, lauv-roald, SmartX, 3.061
1622104899.509, lauv-roald, SmartX, 3.063
1622104900.009, lauv-roald, SmartX, 3.064
1622104900.509, lauv-roald, SmartX, 3.065
1622104901.009, lauv-roald, SmartX, 3.066
1622104901.509, lauv-roald, SmartX, 3.065
1622104902.009, lauv-roald, SmartX, 3.065
1622104902.508, lauv-roald, SmartX, 3.065
1622104903.008, lauv-roald, SmartX, 3.065
1622104903.508, lauv-roald, SmartX, 3.065
1622104904.009, lauv-roald, SmartX, 3.065
1622104904.508, lauv-roald, SmartX, 3.064
1622104905.008, lauv-roald, SmartX, 3.064
1622104905.508, lauv-roald, SmartX, 3.064
1622104906.008, lauv-roald, SmartX, 3.064
1622104906.508, lauv-roald, SmartX, 3.064
1622104907.008, lauv-roald, SmartX, 3.064
1622104907.508, lauv-roald, SmartX, 3.063
1622104908.008, lauv-roald, SmartX, 3.063
1622104908.508, lauv-roald, SmartX, 3.063
1622104909.008, lauv-roald, SmartX, 3.064
1622104909.508, lauv-roald, SmartX, 3.064
1622104910.009, lauv-roald, SmartX, 3.064
1622104910.508, lauv-roald, SmartX, 3.064
1622104911.008, lauv-roald, SmartX, 3.064
1622104911.508, lauv-roald, SmartX, 3.064
1622104912.008, lauv-roald, SmartX, 3.064
1622104912.508, lauv-roald, SmartX, 3.064
1622104913.008, lauv-roald, SmartX, 3.065
1622104913.508, lauv-roald, SmartX, 3.064
1622104914.008, lauv-roald, SmartX, 3.063
1622104914.508, lauv-roald, SmartX, 3.064
1622104915.008, lauv-roald, SmartX, 3.065
1622104915.508, lauv-roald, SmartX, 3.066
1622104916.008, lauv-roald, SmartX, 3.066
1622104916.508, lauv-roald, SmartX, 3.067
1622104917.008, lauv-roald, SmartX, 3.068
1622104917.508, lauv-roald, SmartX, 3.068
1622104918.007, lauv-roald, SmartX, 3.067
1622104918.508, lauv-roald, SmartX, 3.067
1622104919.007, lauv-roald, SmartX, 3.066
1622104919.507, lauv-roald, SmartX, 3.066
1622104920.007, lauv-roald, SmartX, 3.066
1622104920.507, lauv-roald, SmartX, 3.066
1622104921.007, lauv-roald, SmartX, 3.066
1622104921.507, lauv-roald, SmartX, 3.065
1622104922.007, lauv-roald, SmartX, 3.064
1622104922.507, lauv-roald, SmartX, 3.063
1622104923.007, lauv-roald, SmartX, 3.063
1622104923.507, lauv-roald, SmartX, 3.062
1622104924.007, lauv-roald, SmartX, 3.062
1622104924.507, lauv-roald, SmartX, 3.062
1622104925.007, lauv-roald, SmartX, 3.062
1622104925.507, lauv-roald, SmartX, 3.062
1622104926.007, lauv-roald, SmartX, 3.060
1622104926.507, lauv-roald, SmartX, 3.059
1622104927.007, lauv-roald, SmartX, 3.059
1622104927.507, lauv-roald, SmartX, 3.058
1622104928.007, lauv-roald, SmartX, 3.058
1622104928.507, lauv-roald, SmartX, 3.058
1622104929.007, lauv-roald, SmartX, 3.058
1622104929.506, lauv-roald, SmartX, 3.057
1622104930.007, lauv-roald, SmartX, 3.057
1622104930.507, lauv-roald, SmartX, 3.057
1622104931.006, lauv-roald, SmartX, 3.058
1622104931.507, lauv-roald, SmartX, 3.059
1622104932.006, lauv-roald, SmartX, 3.061
1622104932.506, lauv-roald, SmartX, 3.061
1622104933.006, lauv-roald, SmartX, 3.061
1622104933.506, lauv-roald, SmartX, 3.060
1622104934.006, lauv-roald, SmartX, 3.060
1622104934.506, lauv-roald, SmartX, 3.060
1622104935.006, lauv-roald, SmartX, 3.061
1622104935.506, lauv-roald, SmartX, 3.062
1622104936.006, lauv-roald, SmartX, 3.062
1622104936.506, lauv-roald, SmartX, 3.062
1622104937.006, lauv-roald, SmartX, 3.062
1622104937.506, lauv-roald, SmartX, 3.062
1622104938.006, lauv-roald, SmartX, 3.061
1622104938.506, lauv-roald, SmartX, 3.060
1622104939.006, lauv-roald, SmartX, 3.060
1622104939.506, lauv-roald, SmartX, 3.060
1622104940.006, lauv-roald, SmartX, 3.059
1622104940.506, lauv-roald, SmartX, 3.058
1622104941.006, lauv-roald, SmartX, 3.057
1622104941.506, lauv-roald, SmartX, 3.057
1622104942.006, lauv-roald, SmartX, 3.056
1622104942.506, lauv-roald, SmartX, 3.056
1622104943.006, lauv-roald, SmartX, 3.054
1622104943.506, lauv-roald, SmartX, 3.054
1622104944.006, lauv-roald, SmartX, 3.054
1622104944.506, lauv-roald, SmartX, 3.054
1622104945.006, lauv-roald, SmartX, 3.054
1622104945.506, lauv-roald, SmartX, 3.054
1622104946.006, lauv-roald, SmartX, 3.053
1622104946.506, lauv-roald, SmartX, 3.051
1622104947.005, lauv-roald, SmartX, 3.051
1622104947.506, lauv-roald, SmartX, 3.050
1622104948.005, lauv-roald, SmartX, 3.049
1622104948.505, lauv-roald, SmartX, 3.049
1622104949.007, lauv-roald, SmartX, 3.046
1622104949.505, lauv-roald, SmartX, 3.045
1622104950.005, lauv-roald, SmartX, 3.045
1622104950.505, lauv-roald, SmartX, 3.046
1622104951.005, lauv-roald, SmartX, 3.046
1622104951.505, lauv-roald, SmartX, 3.046
1622104952.005, lauv-roald, SmartX, 3.045
1622104952.505, lauv-roald, SmartX, 3.045
1622104953.005, lauv-roald, SmartX, 3.046
1622104953.505, lauv-roald, SmartX, 3.046
1622104954.005, lauv-roald, SmartX, 3.046
1622104954.505, lauv-roald, SmartX, 3.046
1622104955.005, lauv-roald, SmartX, 3.046
1622104955.505, lauv-roald, SmartX, 3.046
1622104956.005, lauv-roald, SmartX, 3.046
1622104956.505, lauv-roald, SmartX, 3.045
1622104957.005, lauv-roald, SmartX, 3.044
1622104957.505, lauv-roald, SmartX, 3.043
1622104958.005, lauv-roald, SmartX, 3.043
1622104958.505, lauv-roald, SmartX, 3.043
1622104959.005, lauv-roald, SmartX, 3.043
1622104959.505, lauv-roald, SmartX, 3.043
1622104960.005, lauv-roald, SmartX, 3.042
1622104960.505, lauv-roald, SmartX, 3.041
1622104961.004, lauv-roald, SmartX, 3.041
1622104961.505, lauv-roald, SmartX, 3.040
1622104962.004, lauv-roald, SmartX, 3.040
1622104962.505, lauv-roald, SmartX, 3.040
1622104963.004, lauv-roald, SmartX, 3.038
1622104963.505, lauv-roald, SmartX, 3.035
1622104964.004, lauv-roald, SmartX, 3.033
1622104964.504, lauv-roald, SmartX, 3.034
1622104965.004, lauv-roald, SmartX, 3.034
1622104965.504, lauv-roald, SmartX, 3.034
1622104966.004, lauv-roald, SmartX, 3.034
1622104966.504, lauv-roald, SmartX, 3.034
1622104967.004, lauv-roald, SmartX, 3.034
1622104967.504, lauv-roald, SmartX, 3.034
1622104968.004, lauv-roald, SmartX, 3.031
1622104968.504, lauv-roald, SmartX, 3.032
1622104969.004, lauv-roald, SmartX, 3.033
1622104969.504, lauv-roald, SmartX, 3.032
1622104970.004, lauv-roald, SmartX, 3.031
1622104970.504, lauv-roald, SmartX, 3.030
1622104971.004, lauv-roald, SmartX, 3.030
1622104971.504, lauv-roald, SmartX, 3.030
1622104972.004, lauv-roald, SmartX, 3.032
1622104972.504, lauv-roald, SmartX, 3.032
1622104973.004, lauv-roald, SmartX, 3.032
1622104973.504, lauv-roald, SmartX, 3.032
1622104974.004, lauv-roald, SmartX, 3.032
1622104974.504, lauv-roald, SmartX, 3.032
1622104975.004, lauv-roald, SmartX, 3.031
1622104975.504, lauv-roald, SmartX, 3.031
1622104976.004, lauv-roald, SmartX, 3.031
1622104976.504, lauv-roald, SmartX, 3.031
1622104977.003, lauv-roald, SmartX, 3.030
1622104977.503, lauv-roald, SmartX, 3.030
1622104978.004, lauv-roald, SmartX, 3.029
1622104978.503, lauv-roald, SmartX, 3.029
1622104979.003, lauv-roald, SmartX, 3.029
1622104979.503, lauv-roald, SmartX, 3.029
1622104980.003, lauv-roald, SmartX, 3.028
1622104980.503, lauv-roald, SmartX, 3.027
1622104981.003, lauv-roald, SmartX, 3.027
1622104981.503, lauv-roald, SmartX, 3.026
1622104982.006, lauv-roald, SmartX, 3.025
1622104982.503, lauv-roald, SmartX, 3.020
1622104983.003, lauv-roald, SmartX, 3.016
1622104983.503, lauv-roald, SmartX, 3.011
1622104984.003, lauv-roald, SmartX, 3.009
1622104984.503, lauv-roald, SmartX, 3.003
1622104985.003, lauv-roald, SmartX, 2.994
1622104985.503, lauv-roald, SmartX, 2.967
1622104986.003, lauv-roald, SmartX, 2.764
1622104986.503, lauv-roald, SmartX, 2.749
1622104987.003, lauv-roald, SmartX, 2.490
1622104987.503, lauv-roald, SmartX, 2.436
1622104988.003, lauv-roald, SmartX, 2.464
1622104988.503, lauv-roald, SmartX, 2.429
1622104989.003, lauv-roald, SmartX, 2.348
1622104989.503, lauv-roald, SmartX, 2.335
1622104990.003, lauv-roald, SmartX, 2.329
1622104990.503, lauv-roald, SmartX, 2.320
1622104991.003, lauv-roald, SmartX, 2.322
1622104991.503, lauv-roald, SmartX, 2.296
1622104992.003, lauv-roald, SmartX, 2.283
1622104992.503, lauv-roald, SmartX, 2.238
1622104993.003, lauv-roald, SmartX, 2.208
1622104993.503, lauv-roald, SmartX, 2.190
1622104994.003, lauv-roald, SmartX, 2.157
1622104994.503, lauv-roald, SmartX, 2.152
1622104995.003, lauv-roald, SmartX, 2.157
1622104995.503, lauv-roald, SmartX, 2.168
1622104996.003, lauv-roald, SmartX, 2.248
1622104996.503, lauv-roald, SmartX, 2.157
1622104997.003, lauv-roald, SmartX, 2.186
1622104997.502, lauv-roald, SmartX, 2.304
1622104998.003, lauv-roald, SmartX, 2.350
1622104998.502, lauv-roald, SmartX, 2.417
1622104999.002, lauv-roald, SmartX, 2.452
1622104999.502, lauv-roald, SmartX, 2.478
1622105000.002, lauv-roald, SmartX, 2.623
1622105000.502, lauv-roald, SmartX, 2.691
1622105001.002, lauv-roald, SmartX, 2.745
1622105001.502, lauv-roald, SmartX, 2.796
1622105002.002, lauv-roald, SmartX, 2.806
1622105002.502, lauv-roald, SmartX, 2.845
1622105003.002, lauv-roald, SmartX, 2.860
1622105003.502, lauv-roald, SmartX, 2.866
1622105004.002, lauv-roald, SmartX, 2.877
1622105004.502, lauv-roald, SmartX, 2.904
1622105005.002, lauv-roald, SmartX, 2.930
1622105005.502, lauv-roald, SmartX, 2.955
1622105006.002, lauv-roald, SmartX, 2.972
1622105006.502, lauv-roald, SmartX, 2.985
1622105007.002, lauv-roald, SmartX, 2.971
1622105007.502, lauv-roald, SmartX, 2.939
1622105008.002, lauv-roald, SmartX, 2.925
1622105008.502, lauv-roald, SmartX, 2.924
1622105009.002, lauv-roald, SmartX, 2.955
1622105009.501, lauv-roald, SmartX, 2.930
1622105010.001, lauv-roald, SmartX, 2.911
1622105010.501, lauv-roald, SmartX, 2.767
1622105011.001, lauv-roald, SmartX, 2.695
1622105011.501, lauv-roald, SmartX, 2.788
1622105012.001, lauv-roald, SmartX, 2.818
1622105012.501, lauv-roald, SmartX, 2.854
1622105013.001, lauv-roald, SmartX, 2.832
1622105013.501, lauv-roald, SmartX, 2.628
1622105014.001, lauv-roald, SmartX, 2.355
1622105014.501, lauv-roald, SmartX, 2.420
1622105015.001, lauv-roald, SmartX, 2.632
1622105015.501, lauv-roald, SmartX, 2.781
1622105016.002, lauv-roald, SmartX, 2.750
1622105016.501, lauv-roald, SmartX, 2.741
1622105017.001, lauv-roald, SmartX, 2.806
1622105017.501, lauv-roald, SmartX, 2.820
1622105018.001, lauv-roald, SmartX, 2.692
1622105018.501, lauv-roald, SmartX, 2.747
1622105019.001, lauv-roald, SmartX, 2.804
1622105019.501, lauv-roald, SmartX, 2.804
1622105020.001, lauv-roald, SmartX, 2.801
1622105020.501, lauv-roald, SmartX, 2.794
1622105021.001, lauv-roald, SmartX, 2.780
1622105021.501, lauv-roald, SmartX, 2.760
1622105022.001, lauv-roald, SmartX, 2.730
1622105022.501, lauv-roald, SmartX, 2.735
1622105023.000, lauv-roald, SmartX, 2.779
1622105023.500, lauv-roald, SmartX, 2.801
1622105024.001, lauv-roald, SmartX, 2.753
1622105024.501, lauv-roald, SmartX, 2.643
1622105025.000, lauv-roald, SmartX, 2.642
1622105025.500, lauv-roald, SmartX, 2.524
1622105026.000, lauv-roald, SmartX, 2.543
1622105026.500, lauv-roald, SmartX, 2.643
1622105027.000, lauv-roald, SmartX, 2.707
1622105027.500, lauv-roald, SmartX, 2.788
1622105028.000, lauv-roald, SmartX, 2.740
1622105028.500, lauv-roald, SmartX, 2.577
1622105029.000, lauv-roald, SmartX, 2.520
1622105029.500, lauv-roald, SmartX, 2.526
1622105030.000, lauv-roald, SmartX, 2.532
1622105030.500, lauv-roald, SmartX, 2.578
1622105031.000, lauv-roald, SmartX, 2.704
1622105031.500, lauv-roald, SmartX, 2.700
1622105032.000, lauv-roald, SmartX, 2.523
1622105032.500, lauv-roald, SmartX, 2.433
1622105033.000, lauv-roald, SmartX, 2.410
1622105033.500, lauv-roald, SmartX, 2.378
1622105034.000, lauv-roald, SmartX, 2.349
1622105034.500, lauv-roald, SmartX, 2.337
1622105035.000, lauv-roald, SmartX, 2.325
1622105035.500, lauv-roald, SmartX, 2.310
1622105036.000, lauv-roald, SmartX, 2.256
1622105036.500, lauv-roald, SmartX, 2.244
1622105037.000, lauv-roald, SmartX, 2.253
1622105037.500, lauv-roald, SmartX, 2.279
1622105038.000, lauv-roald, SmartX, 2.389
1622105038.499, lauv-roald, SmartX, 2.449
1622105039.000, lauv-roald, SmartX, 2.393
1622105039.500, lauv-roald, SmartX, 2.332
1622105040.001, lauv-roald, SmartX, 2.332
1622105040.499, lauv-roald, SmartX, 2.298
1622105041.000, lauv-roald, SmartX, 2.271
1622105041.500, lauv-roald, SmartX, 2.272
1622105041.999, lauv-roald, SmartX, 2.283
1622105042.499, lauv-roald, SmartX, 2.298
1622105042.999, lauv-roald, SmartX, 2.336
1622105043.499, lauv-roald, SmartX, 2.338
1622105044.000, lauv-roald, SmartX, 2.343
1622105044.499, lauv-roald, SmartX, 2.327
1622105044.999, lauv-roald, SmartX, 2.327
1622105045.499, lauv-roald, SmartX, 2.326
1622105045.999, lauv-roald, SmartX, 2.295
1622105046.499, lauv-roald, SmartX, 2.278
1622105046.999, lauv-roald, SmartX, 2.259
1622105047.499, lauv-roald, SmartX, 2.277
1622105047.999, lauv-roald, SmartX, 2.279
1622105048.499, lauv-roald, SmartX, 2.286
1622105048.999, lauv-roald, SmartX, 2.346
1622105049.499, lauv-roald, SmartX, 2.376
1622105049.999, lauv-roald, SmartX, 2.380
1622105050.499, lauv-roald, SmartX, 2.360
1622105050.999, lauv-roald, SmartX, 2.353
1622105051.499, lauv-roald, SmartX, 2.387
1622105051.999, lauv-roald, SmartX, 2.375
1622105052.499, lauv-roald, SmartX, 2.365
1622105052.999, lauv-roald, SmartX, 2.373
1622105053.499, lauv-roald, SmartX, 2.407
1622105053.998, lauv-roald, SmartX, 2.430
1622105054.499, lauv-roald, SmartX, 2.425
1622105054.998, lauv-roald, SmartX, 2.408
1622105055.499, lauv-roald, SmartX, 2.350
1622105055.998, lauv-roald, SmartX, 2.345
1622105056.499, lauv-roald, SmartX, 2.333
1622105056.998, lauv-roald, SmartX, 2.336
1622105057.498, lauv-roald, SmartX, 2.356
1622105057.998, lauv-roald, SmartX, 2.342
1622105058.498, lauv-roald, SmartX, 2.325
1622105058.998, lauv-roald, SmartX, 2.322
1622105059.498, lauv-roald, SmartX, 2.332
1622105059.998, lauv-roald, SmartX, 2.319
1622105060.498, lauv-roald, SmartX, 2.330
1622105060.999, lauv-roald, SmartX, 2.408
1622105061.498, lauv-roald, SmartX, 2.459
1622105061.998, lauv-roald, SmartX, 2.452
1622105062.498, lauv-roald, SmartX, 2.475
1622105062.998, lauv-roald, SmartX, 2.509
1622105063.498, lauv-roald, SmartX, 2.511
1622105063.998, lauv-roald, SmartX, 2.452
1622105064.498, lauv-roald, SmartX, 2.439
1622105064.998, lauv-roald, SmartX, 2.494
1622105065.498, lauv-roald, SmartX, 2.575
1622105065.998, lauv-roald, SmartX, 2.599
1622105066.498, lauv-roald, SmartX, 2.525
1622105066.998, lauv-roald, SmartX, 2.519
1622105067.498, lauv-roald, SmartX, 2.575
1622105067.998, lauv-roald, SmartX, 2.563
1622105068.498, lauv-roald, SmartX, 2.532
1622105068.997, lauv-roald, SmartX, 2.542
1622105069.497, lauv-roald, SmartX, 2.537
1622105069.997, lauv-roald, SmartX, 2.533
1622105070.498, lauv-roald, SmartX, 2.512
1622105070.997, lauv-roald, SmartX, 2.532
1622105071.497, lauv-roald, SmartX, 2.606
1622105071.997, lauv-roald, SmartX, 2.656
1622105072.497, lauv-roald, SmartX, 2.642
1622105072.997, lauv-roald, SmartX, 2.616
1622105073.497, lauv-roald, SmartX, 2.608
1622105073.997, lauv-roald, SmartX, 2.630
1622105074.497, lauv-roald, SmartX, 2.647
1622105074.997, lauv-roald, SmartX, 2.673
1622105075.497, lauv-roald, SmartX, 2.686
1622105075.997, lauv-roald, SmartX, 2.733
1622105076.497, lauv-roald, SmartX, 2.752
1622105076.997, lauv-roald, SmartX, 2.767
1622105077.497, lauv-roald, SmartX, 2.816
1622105077.997, lauv-roald, SmartX, 2.843
1622105078.497, lauv-roald, SmartX, 2.849
1622105078.996, lauv-roald, SmartX, 2.868
1622105079.497, lauv-roald, SmartX, 2.866
1622105079.997, lauv-roald, SmartX, 2.865
1622105080.497, lauv-roald, SmartX, 2.818
1622105080.997, lauv-roald, SmartX, 2.782
1622105081.496, lauv-roald, SmartX, 2.754
1622105081.996, lauv-roald, SmartX, 2.751
1622105082.497, lauv-roald, SmartX, 2.728
1622105082.997, lauv-roald, SmartX, 2.614
1622105083.497, lauv-roald, SmartX, 2.475
1622105083.997, lauv-roald, SmartX, 2.381
1622105084.497, lauv-roald, SmartX, 2.362
1622105084.997, lauv-roald, SmartX, 2.328
1622105085.496, lauv-roald, SmartX, 2.285
1622105085.996, lauv-roald, SmartX, 2.225
1622105086.496, lauv-roald, SmartX, 2.206
1622105086.996, lauv-roald, SmartX, 2.248
1622105087.499, lauv-roald, SmartX, 2.169
1622105087.996, lauv-roald, SmartX, 2.110
1622105088.496, lauv-roald, SmartX, 2.096
1622105088.996, lauv-roald, SmartX, 2.052
1622105089.496, lauv-roald, SmartX, 2.038
1622105089.996, lauv-roald, SmartX, 1.964
1622105090.496, lauv-roald, SmartX, 1.985
1622105090.996, lauv-roald, SmartX, 1.948
1622105091.496, lauv-roald, SmartX, 1.870
1622105091.996, lauv-roald, SmartX, 1.910
1622105092.496, lauv-roald, SmartX, 1.905
1622105092.996, lauv-roald, SmartX, 1.914
1622105093.496, lauv-roald, SmartX, 1.922
1622105093.996, lauv-roald, SmartX, 1.918
1622105094.496, lauv-roald, SmartX, 1.913
1622105094.996, lauv-roald, SmartX, 1.913
1622105095.496, lauv-roald, SmartX, 1.902
1622105095.996, lauv-roald, SmartX, 1.901
1622105096.496, lauv-roald, SmartX, 1.895
1622105096.996, lauv-roald, SmartX, 1.889
1622105097.496, lauv-roald, SmartX, 1.884
1622105097.996, lauv-roald, SmartX, 1.887
1622105098.496, lauv-roald, SmartX, 1.885
1622105098.996, lauv-roald, SmartX, 1.884
1622105099.496, lauv-roald, SmartX, 1.879
1622105099.995, lauv-roald, SmartX, 1.879
1622105100.496, lauv-roald, SmartX, 1.872
1622105100.996, lauv-roald, SmartX, 1.870
1622105101.496, lauv-roald, SmartX, 1.867
1622105101.996, lauv-roald, SmartX, 1.863
1622105102.495, lauv-roald, SmartX, 1.860
1622105102.995, lauv-roald, SmartX, 1.850
1622105103.495, lauv-roald, SmartX, 1.845
1622105103.995, lauv-roald, SmartX, 1.839
1622105104.495, lauv-roald, SmartX, 1.839
1622105104.995, lauv-roald, SmartX, 1.830
1622105105.495, lauv-roald, SmartX, 1.831
1622105105.995, lauv-roald, SmartX, 1.828
1622105106.494, lauv-roald, SmartX, 1.817
1622105106.994, lauv-roald, SmartX, 1.811
1622105107.495, lauv-roald, SmartX, 1.816
1622105107.995, lauv-roald, SmartX, 1.817
1622105108.494, lauv-roald, SmartX, 1.803
1622105108.994, lauv-roald, SmartX, 1.814
1622105109.494, lauv-roald, SmartX, 1.812
1622105109.994, lauv-roald, SmartX, 1.811
1622105110.494, lauv-roald, SmartX, 1.790
1622105110.994, lauv-roald, SmartX, 1.777
1622105111.494, lauv-roald, SmartX, 1.802
1622105111.995, lauv-roald, SmartX, 1.871
1622105112.495, lauv-roald, SmartX, 1.893
1622105112.995, lauv-roald, SmartX, 1.994
1622105113.495, lauv-roald, SmartX, 1.986
1622105113.995, lauv-roald, SmartX, 2.023
1622105114.494, lauv-roald, SmartX, 2.208
1622105114.995, lauv-roald, SmartX, 2.228
1622105115.494, lauv-roald, SmartX, 2.240
1622105115.994, lauv-roald, SmartX, 2.332
1622105116.494, lauv-roald, SmartX, 2.425
1622105116.994, lauv-roald, SmartX, 2.533
1622105117.494, lauv-roald, SmartX, 2.588
1622105117.994, lauv-roald, SmartX, 2.725
1622105118.494, lauv-roald, SmartX, 2.876
1622105118.994, lauv-roald, SmartX, 2.901
1622105119.494, lauv-roald, SmartX, 2.742
1622105119.994, lauv-roald, SmartX, 2.443
1622105120.494, lauv-roald, SmartX, 2.253
1622105120.994, lauv-roald, SmartX, 2.297
1622105121.494, lauv-roald, SmartX, 2.440
1622105121.994, lauv-roald, SmartX, 2.598
1622105122.494, lauv-roald, SmartX, 2.711
1622105122.994, lauv-roald, SmartX, 2.819
1622105123.494, lauv-roald, SmartX, 2.817
1622105123.994, lauv-roald, SmartX, 2.718
1622105124.494, lauv-roald, SmartX, 2.632
1622105124.994, lauv-roald, SmartX, 2.640
1622105125.493, lauv-roald, SmartX, 2.775
1622105125.993, lauv-roald, SmartX, 2.898
1622105126.494, lauv-roald, SmartX, 2.933
1622105126.994, lauv-roald, SmartX, 2.948
1622105127.494, lauv-roald, SmartX, 2.960
1622105127.994, lauv-roald, SmartX, 2.935
1622105128.493, lauv-roald, SmartX, 2.895
1622105128.993, lauv-roald, SmartX, 2.799
1622105129.493, lauv-roald, SmartX, 2.724
1622105129.993, lauv-roald, SmartX, 2.614
1622105130.493, lauv-roald, SmartX, 2.511
1622105130.993, lauv-roald, SmartX, 2.456
1622105131.493, lauv-roald, SmartX, 2.427
1622105131.993, lauv-roald, SmartX, 2.446
1622105132.493, lauv-roald, SmartX, 2.658
1622105132.993, lauv-roald, SmartX, 2.779
1622105133.493, lauv-roald, SmartX, 2.833
1622105133.993, lauv-roald, SmartX, 2.751
1622105134.493, lauv-roald, SmartX, 2.551
1622105134.993, lauv-roald, SmartX, 2.413
1622105135.493, lauv-roald, SmartX, 2.380
1622105135.993, lauv-roald, SmartX, 2.308
1622105136.493, lauv-roald, SmartX, 2.226
1622105136.993, lauv-roald, SmartX, 2.170
1622105137.493, lauv-roald, SmartX, 2.172
1622105137.993, lauv-roald, SmartX, 2.147
1622105138.493, lauv-roald, SmartX, 2.127
1622105138.993, lauv-roald, SmartX, 2.044
1622105139.493, lauv-roald, SmartX, 1.929
1622105139.993, lauv-roald, SmartX, 1.916
1622105140.493, lauv-roald, SmartX, 2.004
1622105140.993, lauv-roald, SmartX, 2.001
1622105141.493, lauv-roald, SmartX, 1.976
1622105141.993, lauv-roald, SmartX, 1.925
1622105142.493, lauv-roald, SmartX, 1.948
1622105142.993, lauv-roald, SmartX, 1.982
1622105143.493, lauv-roald, SmartX, 1.977
1622105143.993, lauv-roald, SmartX, 1.970
1622105144.493, lauv-roald, SmartX, 1.948
1622105144.993, lauv-roald, SmartX, 1.944
1622105145.492, lauv-roald, SmartX, 1.938
1622105145.992, lauv-roald, SmartX, 1.930
1622105146.492, lauv-roald, SmartX, 1.919
1622105146.992, lauv-roald, SmartX, 1.909
1622105147.492, lauv-roald, SmartX, 1.912
1622105147.992, lauv-roald, SmartX, 1.903
1622105148.492, lauv-roald, SmartX, 1.887
1622105148.992, lauv-roald, SmartX, 1.890
1622105149.492, lauv-roald, SmartX, 1.886
1622105149.992, lauv-roald, SmartX, 1.844
1622105150.492, lauv-roald, SmartX, 1.840
1622105150.992, lauv-roald, SmartX, 1.844
1622105151.492, lauv-roald, SmartX, 1.838
1622105151.992, lauv-roald, SmartX, 1.854
1622105152.492, lauv-roald, SmartX, 1.861
1622105152.991, lauv-roald, SmartX, 1.857
1622105153.491, lauv-roald, SmartX, 1.856
1622105153.992, lauv-roald, SmartX, 1.878
1622105154.492, lauv-roald, SmartX, 1.906
1622105154.992, lauv-roald, SmartX, 1.892
1622105155.492, lauv-roald, SmartX, 1.877
1622105155.992, lauv-roald, SmartX, 1.864
1622105156.492, lauv-roald, SmartX, 1.863
1622105156.991, lauv-roald, SmartX, 1.855
1622105157.492, lauv-roald, SmartX, 1.873
1622105157.992, lauv-roald, SmartX, 1.954
1622105158.492, lauv-roald, SmartX, 1.987
1622105158.991, lauv-roald, SmartX, 1.966
1622105159.491, lauv-roald, SmartX, 2.023
1622105159.991, lauv-roald, SmartX, 2.087
1622105160.491, lauv-roald, SmartX, 2.199
1622105160.991, lauv-roald, SmartX, 2.316
1622105161.492, lauv-roald, SmartX, 2.378
1622105161.991, lauv-roald, SmartX, 2.418
1622105162.491, lauv-roald, SmartX, 2.374
1622105162.991, lauv-roald, SmartX, 2.389
1622105163.491, lauv-roald, SmartX, 2.472
1622105163.991, lauv-roald, SmartX, 2.655
1622105164.491, lauv-roald, SmartX, 2.798
1622105164.992, lauv-roald, SmartX, 2.822
1622105165.492, lauv-roald, SmartX, 2.822
1622105165.993, lauv-roald, SmartX, 2.818
1622105166.493, lauv-roald, SmartX, 2.678
1622105166.991, lauv-roald, SmartX, 2.551
1622105167.491, lauv-roald, SmartX, 2.345
1622105167.991, lauv-roald, SmartX, 2.080
1622105168.491, lauv-roald, SmartX, 2.067
1622105168.991, lauv-roald, SmartX, 2.242
1622105169.491, lauv-roald, SmartX, 2.357
1622105169.991, lauv-roald, SmartX, 2.372
1622105170.491, lauv-roald, SmartX, 2.368
1622105170.991, lauv-roald, SmartX, 2.394
1622105171.491, lauv-roald, SmartX, 2.462
1622105171.990, lauv-roald, SmartX, 2.590
1622105172.491, lauv-roald, SmartX, 2.797
1622105172.990, lauv-roald, SmartX, 2.904
1622105173.490, lauv-roald, SmartX, 2.913
1622105173.990, lauv-roald, SmartX, 2.857
1622105174.490, lauv-roald, SmartX, 2.593
1622105174.990, lauv-roald, SmartX, 2.497
1622105175.490, lauv-roald, SmartX, 2.469
1622105175.991, lauv-roald, SmartX, 2.532
1622105176.491, lauv-roald, SmartX, 2.699
1622105176.990, lauv-roald, SmartX, 2.791
1622105177.490, lauv-roald, SmartX, 2.702
1622105177.990, lauv-roald, SmartX, 2.534
1622105178.490, lauv-roald, SmartX, 2.469
1622105178.990, lauv-roald, SmartX, 2.442
1622105179.490, lauv-roald, SmartX, 2.487
1622105179.990, lauv-roald, SmartX, 2.651
1622105180.490, lauv-roald, SmartX, 2.821
1622105180.990, lauv-roald, SmartX, 2.828
1622105181.490, lauv-roald, SmartX, 2.769
1622105181.991, lauv-roald, SmartX, 2.710
1622105182.490, lauv-roald, SmartX, 2.643
1622105182.990, lauv-roald, SmartX, 2.594
1622105183.490, lauv-roald, SmartX, 2.586
1622105183.990, lauv-roald, SmartX, 2.631
1622105184.490, lauv-roald, SmartX, 2.645
1622105184.991, lauv-roald, SmartX, 2.706
1622105185.490, lauv-roald, SmartX, 2.755
1622105185.991, lauv-roald, SmartX, 2.839
1622105186.490, lauv-roald, SmartX, 2.886
1622105186.989, lauv-roald, SmartX, 2.930
1622105187.489, lauv-roald, SmartX, 2.942
1622105187.990, lauv-roald, SmartX, 2.966
1622105188.490, lauv-roald, SmartX, 2.963
1622105188.989, lauv-roald, SmartX, 2.936
1622105189.489, lauv-roald, SmartX, 2.891
1622105189.989, lauv-roald, SmartX, 2.840
1622105190.489, lauv-roald, SmartX, 2.879
1622105190.989, lauv-roald, SmartX, 2.896
1622105191.489, lauv-roald, SmartX, 2.937
1622105191.989, lauv-roald, SmartX, 2.961
1622105192.489, lauv-roald, SmartX, 2.976
1622105192.992, lauv-roald, SmartX, 2.983
1622105193.489, lauv-roald, SmartX, 2.991
1622105193.989, lauv-roald, SmartX, 2.994
1622105194.489, lauv-roald, SmartX, 3.001
1622105194.989, lauv-roald, SmartX, 3.006
1622105195.489, lauv-roald, SmartX, 3.008
1622105195.989, lauv-roald, SmartX, 3.012
1622105196.489, lauv-roald, SmartX, 3.014
1622105196.989, lauv-roald, SmartX, 3.016
1622105197.489, lauv-roald, SmartX, 3.017
1622105197.988, lauv-roald, SmartX, 3.018
1622105198.489, lauv-roald, SmartX, 3.020
1622105198.988, lauv-roald, SmartX, 3.019
1622105199.489, lauv-roald, SmartX, 3.019
1622105199.989, lauv-roald, SmartX, 3.018
1622105200.488, lauv-roald, SmartX, 3.019
1622105200.988, lauv-roald, SmartX, 3.014
1622105201.489, lauv-roald, SmartX, 2.995
1622105201.988, lauv-roald, SmartX, 2.805
1622105202.488, lauv-roald, SmartX, 2.598
1622105202.988, lauv-roald, SmartX, 2.629
1622105203.488, lauv-roald, SmartX, 2.600
1622105203.988, lauv-roald, SmartX, 2.631
1622105204.488, lauv-roald, SmartX, 2.643
1622105204.988, lauv-roald, SmartX, 2.542
1622105205.488, lauv-roald, SmartX, 2.539
1622105205.988, lauv-roald, SmartX, 2.517
1622105206.488, lauv-roald, SmartX, 2.433
1622105206.988, lauv-roald, SmartX, 2.406
1622105207.488, lauv-roald, SmartX, 2.359
1622105207.988, lauv-roald, SmartX, 2.269
1622105208.488, lauv-roald, SmartX, 2.288
1622105208.988, lauv-roald, SmartX, 2.192
1622105339.479, lauv-roald, SmartX, 2.056
1622105339.979, lauv-roald, SmartX, 2.098
1622105340.479, lauv-roald, SmartX, 2.030
1622105340.979, lauv-roald, SmartX, 1.974
1622105341.479, lauv-roald, SmartX, 1.980
1622105341.979, lauv-roald, SmartX, 2.050
1622105342.479, lauv-roald, SmartX, 2.082
1622105342.979, lauv-roald, SmartX, 2.024
1622105343.479, lauv-roald, SmartX, 2.016
1622105343.979, lauv-roald, SmartX, 2.078
1622105344.479, lauv-roald, SmartX, 2.090
1622105344.979, lauv-roald, SmartX, 2.057
1622105345.479, lauv-roald, SmartX, 2.040
1622105345.979, lauv-roald, SmartX, 1.985
1622105346.479, lauv-roald, SmartX, 1.944
1622105346.978, lauv-roald, SmartX, 1.790
1622105347.478, lauv-roald, SmartX, 1.713
1622105347.979, lauv-roald, SmartX, 1.756
1622105348.478, lauv-roald, SmartX, 1.795
1622105348.979, lauv-roald, SmartX, 1.886
1622105349.479, lauv-roald, SmartX, 2.006
1622105349.979, lauv-roald, SmartX, 2.048
1622105350.479, lauv-roald, SmartX, 2.174
1622105350.978, lauv-roald, SmartX, 2.238
1622105351.478, lauv-roald, SmartX, 2.278
1622105351.978, lauv-roald, SmartX, 2.267
1622105352.478, lauv-roald, SmartX, 2.289
1622105352.978, lauv-roald, SmartX, 2.342
1622105353.478, lauv-roald, SmartX, 2.463
1622105353.978, lauv-roald, SmartX, 2.604
1622105354.478, lauv-roald, SmartX, 2.635
1622105354.978, lauv-roald, SmartX, 2.643
1622105355.478, lauv-roald, SmartX, 2.618
1622105355.978, lauv-roald, SmartX, 2.561
1622105356.478, lauv-roald, SmartX, 2.451
1622105356.978, lauv-roald, SmartX, 2.477
1622105357.478, lauv-roald, SmartX, 2.544
1622105357.978, lauv-roald, SmartX, 2.665
1622105358.478, lauv-roald, SmartX, 2.738
1622105358.978, lauv-roald, SmartX, 2.727
1622105359.478, lauv-roald, SmartX, 2.563
1622105359.978, lauv-roald, SmartX, 2.466
1622105360.478, lauv-roald, SmartX, 2.415
1622105360.978, lauv-roald, SmartX, 2.409
1622105361.478, lauv-roald, SmartX, 2.474
1622105361.978, lauv-roald, SmartX, 2.586
1622105362.478, lauv-roald, SmartX, 2.753
1622105362.977, lauv-roald, SmartX, 2.845
1622105363.478, lauv-roald, SmartX, 2.877
1622105363.977, lauv-roald, SmartX, 2.879
1622105364.478, lauv-roald, SmartX, 2.853
1622105364.978, lauv-roald, SmartX, 2.815
1622105365.477, lauv-roald, SmartX, 2.804
1622105365.977, lauv-roald, SmartX, 2.822
1622105366.477, lauv-roald, SmartX, 2.860
1622105366.977, lauv-roald, SmartX, 2.906
1622105367.477, lauv-roald, SmartX, 2.944
1622105367.977, lauv-roald, SmartX, 2.968
1622105368.477, lauv-roald, SmartX, 2.974
1622105368.977, lauv-roald, SmartX, 2.952
1622105369.477, lauv-roald, SmartX, 2.835
1622105369.977, lauv-roald, SmartX, 2.665
1622105370.477, lauv-roald, SmartX, 2.628
1622105370.977, lauv-roald, SmartX, 2.611
1622105371.477, lauv-roald, SmartX, 2.624
1622105371.977, lauv-roald, SmartX, 2.637
1622105372.477, lauv-roald, SmartX, 2.644
1622105372.977, lauv-roald, SmartX, 2.660
1622105373.477, lauv-roald, SmartX, 2.702
1622105373.977, lauv-roald, SmartX, 2.731
1622105374.477, lauv-roald, SmartX, 2.724
1622105374.977, lauv-roald, SmartX, 2.733
1622105375.477, lauv-roald, SmartX, 2.820
1622105375.977, lauv-roald, SmartX, 2.896
1622105376.477, lauv-roald, SmartX, 2.937
1622105376.977, lauv-roald, SmartX, 2.952
1622105377.477, lauv-roald, SmartX, 2.936
1622105377.976, lauv-roald, SmartX, 2.860
1622105378.476, lauv-roald, SmartX, 2.820
1622105378.976, lauv-roald, SmartX, 2.850
1622105379.476, lauv-roald, SmartX, 2.915
1622105379.977, lauv-roald, SmartX, 2.964
1622105380.477, lauv-roald, SmartX, 2.976
1622105380.977, lauv-roald, SmartX, 2.936
1622105381.476, lauv-roald, SmartX, 2.806
1622105381.976, lauv-roald, SmartX, 2.450
1622105382.476, lauv-roald, SmartX, 2.286
1622105382.976, lauv-roald, SmartX, 2.333
1622105383.476, lauv-roald, SmartX, 2.484
1622105383.976, lauv-roald, SmartX, 2.682
1622105384.476, lauv-roald, SmartX, 2.817
1622105384.976, lauv-roald, SmartX, 2.896
1622105385.476, lauv-roald, SmartX, 2.925
1622105385.976, lauv-roald, SmartX, 2.814
1622105386.476, lauv-roald, SmartX, 2.536
1622105386.976, lauv-roald, SmartX, 2.452
1622105387.476, lauv-roald, SmartX, 2.478
1622105387.976, lauv-roald, SmartX, 2.649
1622105388.476, lauv-roald, SmartX, 2.778
1622105388.976, lauv-roald, SmartX, 2.895
1622105389.476, lauv-roald, SmartX, 2.892
1622105389.976, lauv-roald, SmartX, 2.650
1622105390.476, lauv-roald, SmartX, 2.279
1622105390.976, lauv-roald, SmartX, 2.083
1622105391.476, lauv-roald, SmartX, 2.119
1622105391.976, lauv-roald, SmartX, 2.202
1622105392.476, lauv-roald, SmartX, 2.286
1622105392.976, lauv-roald, SmartX, 2.389
1622105393.475, lauv-roald, SmartX, 2.520
1622105393.975, lauv-roald, SmartX, 2.694
1622105394.475, lauv-roald, SmartX, 2.828
1622105394.975, lauv-roald, SmartX, 2.685
1622105395.476, lauv-roald, SmartX, 2.426
1622105395.976, lauv-roald, SmartX, 1.940
1622105396.476, lauv-roald, SmartX, 1.873
1622105396.975, lauv-roald, SmartX, 1.932
1622105397.475, lauv-roald, SmartX, 2.110
1622105397.975, lauv-roald, SmartX, 2.311
1622105398.475, lauv-roald, SmartX, 2.658
1622105398.975, lauv-roald, SmartX, 2.729
1622105399.475, lauv-roald, SmartX, 2.611
1622105399.975, lauv-roald, SmartX, 2.180
1622105400.475, lauv-roald, SmartX, 1.945
1622105400.975, lauv-roald, SmartX, 1.986
1622105401.475, lauv-roald, SmartX, 2.243
1622105401.975, lauv-roald, SmartX, 2.453
1622105402.475, lauv-roald, SmartX, 2.559
1622105402.975, lauv-roald, SmartX, 2.484
1622105403.475, lauv-roald, SmartX, 2.199
1622105403.975, lauv-roald, SmartX, 2.066
1622105404.475, lauv-roald, SmartX, 2.110
1622105404.975, lauv-roald, SmartX, 2.296
1622105405.475, lauv-roald, SmartX, 2.460
1622105405.975, lauv-roald, SmartX, 2.460
1622105406.475, lauv-roald, SmartX, 2.382
1622105406.975, lauv-roald, SmartX, 2.332
1622105407.475, lauv-roald, SmartX, 2.388
1622105407.974, lauv-roald, SmartX, 2.617
1622105408.475, lauv-roald, SmartX, 2.692
1622105408.974, lauv-roald, SmartX, 2.601
1622105409.475, lauv-roald, SmartX, 2.339
1622105409.975, lauv-roald, SmartX, 2.160
1622105410.475, lauv-roald, SmartX, 2.042
1622105410.974, lauv-roald, SmartX, 2.070
1622105411.474, lauv-roald, SmartX, 2.197
1622105411.974, lauv-roald, SmartX, 2.431
1622105412.474, lauv-roald, SmartX, 2.625
1622105412.974, lauv-roald, SmartX, 2.586
1622105413.475, lauv-roald, SmartX, 2.135
1622105413.974, lauv-roald, SmartX, 1.736
1622105414.474, lauv-roald, SmartX, 1.750
1622105414.974, lauv-roald, SmartX, 1.815
1622105415.474, lauv-roald, SmartX, 2.132
1622105415.974, lauv-roald, SmartX, 2.443
1622105416.474, lauv-roald, SmartX, 2.600
1622105416.974, lauv-roald, SmartX, 2.709
1622105417.474, lauv-roald, SmartX, 2.319
1622105417.974, lauv-roald, SmartX, 2.140
1622105418.474, lauv-roald, SmartX, 2.020
1622105418.974, lauv-roald, SmartX, 1.957
1622105419.474, lauv-roald, SmartX, 2.084
1622105419.974, lauv-roald, SmartX, 2.336
1622105420.474, lauv-roald, SmartX, 2.612
1622105420.974, lauv-roald, SmartX, 2.756
1622105421.474, lauv-roald, SmartX, 2.798
1622105421.974, lauv-roald, SmartX, 2.566
1622105422.474, lauv-roald, SmartX, 2.295
1622105422.974, lauv-roald, SmartX, 2.036
1622105423.473, lauv-roald, SmartX, 1.727
1622105423.973, lauv-roald, SmartX, 1.775
1622105424.473, lauv-roald, SmartX, 1.788
1622105424.973, lauv-roald, SmartX, 1.887
1622105425.473, lauv-roald, SmartX, 2.101
1622105425.973, lauv-roald, SmartX, 2.605
1622105426.473, lauv-roald, SmartX, 2.782
1622105426.973, lauv-roald, SmartX, 2.531
1622105427.474, lauv-roald, SmartX, 2.244
1622105427.973, lauv-roald, SmartX, 2.034
1622105428.473, lauv-roald, SmartX, 1.894
1622105428.973, lauv-roald, SmartX, 1.865
1622105429.473, lauv-roald, SmartX, 1.959
1622105429.973, lauv-roald, SmartX, 2.551
1622105430.473, lauv-roald, SmartX, 2.649
1622105430.973, lauv-roald, SmartX, 2.790
1622105431.473, lauv-roald, SmartX, 2.626
1622105431.974, lauv-roald, SmartX, 2.265
1622105432.474, lauv-roald, SmartX, 2.059
1622105432.973, lauv-roald, SmartX, 2.101
1622105433.473, lauv-roald, SmartX, 2.274
1622105433.973, lauv-roald, SmartX, 2.471
1622105434.473, lauv-roald, SmartX, 2.642
1622105434.973, lauv-roald, SmartX, 2.617
1622105435.473, lauv-roald, SmartX, 2.416
1622105435.973, lauv-roald, SmartX, 2.185
1622105436.474, lauv-roald, SmartX, 2.036
1622105436.973, lauv-roald, SmartX, 2.006
1622105437.473, lauv-roald, SmartX, 2.062
1622105437.973, lauv-roald, SmartX, 2.163
1622105438.473, lauv-roald, SmartX, 2.305
1622105438.973, lauv-roald, SmartX, 2.250
1622105439.473, lauv-roald, SmartX, 2.004
1622105439.972, lauv-roald, SmartX, 1.788
1622105440.472, lauv-roald, SmartX, 1.770
1622105440.972, lauv-roald, SmartX, 1.710
1622105441.472, lauv-roald, SmartX, 1.751
1622105441.972, lauv-roald, SmartX, 2.001
1622105442.472, lauv-roald, SmartX, 2.330
1622105442.972, lauv-roald, SmartX, 2.556
1622105443.472, lauv-roald, SmartX, 2.424
1622105443.972, lauv-roald, SmartX, 2.105
1622105444.472, lauv-roald, SmartX, 1.888
1622105444.972, lauv-roald, SmartX, 1.907
1622105445.472, lauv-roald, SmartX, 2.214
1622105445.972, lauv-roald, SmartX, 2.472
1622105446.472, lauv-roald, SmartX, 2.654
1622105446.972, lauv-roald, SmartX, 2.643
1622105447.472, lauv-roald, SmartX, 2.345
1622105447.972, lauv-roald, SmartX, 1.930
1622105448.471, lauv-roald, SmartX, 1.803
1622105448.972, lauv-roald, SmartX, 1.827
1622105449.471, lauv-roald, SmartX, 1.847
1622105449.972, lauv-roald, SmartX, 2.085
1622105450.472, lauv-roald, SmartX, 2.630
1622105450.972, lauv-roald, SmartX, 2.720
1622105451.472, lauv-roald, SmartX, 2.899
1622105451.972, lauv-roald, SmartX, 2.869
1622105452.472, lauv-roald, SmartX, 2.380
1622105452.972, lauv-roald, SmartX, 2.055
1622105453.472, lauv-roald, SmartX, 1.863
1622105453.971, lauv-roald, SmartX, 1.827
1622105454.472, lauv-roald, SmartX, 2.036
1622105454.972, lauv-roald, SmartX, 2.358
1622105455.471, lauv-roald, SmartX, 2.415
1622105455.971, lauv-roald, SmartX, 2.122
1622105456.471, lauv-roald, SmartX, 1.849
1622105456.971, lauv-roald, SmartX, 1.629
1622105457.471, lauv-roald, SmartX, 1.604
1622105457.971, lauv-roald, SmartX, 1.596
1622105458.471, lauv-roald, SmartX, 1.651
1622105458.971, lauv-roald, SmartX, 1.910
1622105459.471, lauv-roald, SmartX, 2.374
1622105459.971, lauv-roald, SmartX, 2.605
1622105460.471, lauv-roald, SmartX, 2.727
1622105460.971, lauv-roald, SmartX, 2.307
1622105461.471, lauv-roald, SmartX, 2.135
1622105461.971, lauv-roald, SmartX, 2.033
1622105462.471, lauv-roald, SmartX, 2.014
1622105462.971, lauv-roald, SmartX, 2.139
1622105463.471, lauv-roald, SmartX, 2.444
1622105463.971, lauv-roald, SmartX, 2.712
1622105464.471, lauv-roald, SmartX, 2.563
1622105464.971, lauv-roald, SmartX, 2.221
1622105465.471, lauv-roald, SmartX, 2.112
1622105465.971, lauv-roald, SmartX, 1.888
1622105466.470, lauv-roald, SmartX, 1.785
1622105466.970, lauv-roald, SmartX, 1.776
1622105467.471, lauv-roald, SmartX, 1.889
1622105467.971, lauv-roald, SmartX, 1.977
1622105468.471, lauv-roald, SmartX, 2.104
1622105468.970, lauv-roald, SmartX, 2.100
1622105469.471, lauv-roald, SmartX, 1.961
1622105469.972, lauv-roald, SmartX, 1.791
1622105470.470, lauv-roald, SmartX, 1.771
1622105470.970, lauv-roald, SmartX, 2.008
1622105471.470, lauv-roald, SmartX, 2.370
1622105471.970, lauv-roald, SmartX, 2.397
1622105472.470, lauv-roald, SmartX, 2.473
1622105472.970, lauv-roald, SmartX, 2.387
1622105473.473, lauv-roald, SmartX, 2.271
1622105473.970, lauv-roald, SmartX, 2.264
1622105474.470, lauv-roald, SmartX, 2.419
1622105474.970, lauv-roald, SmartX, 2.536
1622105475.470, lauv-roald, SmartX, 2.541
1622105475.970, lauv-roald, SmartX, 2.463
1622105476.470, lauv-roald, SmartX, 2.180
1622105476.970, lauv-roald, SmartX, 1.907
1622105477.469, lauv-roald, SmartX, 1.749
1622105477.969, lauv-roald, SmartX, 1.663
1622105478.469, lauv-roald, SmartX, 1.664
1622105478.969, lauv-roald, SmartX, 1.830
1622105479.470, lauv-roald, SmartX, 2.014
1622105479.970, lauv-roald, SmartX, 2.036
1622105480.469, lauv-roald, SmartX, 1.810
1622105480.969, lauv-roald, SmartX, 1.652
1622105481.469, lauv-roald, SmartX, 1.666
1622105481.969, lauv-roald, SmartX, 1.620
1622105482.469, lauv-roald, SmartX, 1.673
1622105482.970, lauv-roald, SmartX, 2.146
1622105483.469, lauv-roald, SmartX, 2.536
1622105483.969, lauv-roald, SmartX, 2.759
1622105484.469, lauv-roald, SmartX, 2.549
1622105484.969, lauv-roald, SmartX, 2.192
1622105485.469, lauv-roald, SmartX, 2.007
1622105485.969, lauv-roald, SmartX, 1.974
1622105486.469, lauv-roald, SmartX, 2.025
1622105486.969, lauv-roald, SmartX, 2.520
1622105487.469, lauv-roald, SmartX, 2.627
1622105487.969, lauv-roald, SmartX, 2.538
1622105488.469, lauv-roald, SmartX, 2.273
1622105488.969, lauv-roald, SmartX, 1.894
1622105489.469, lauv-roald, SmartX, 1.688
1622105489.969, lauv-roald, SmartX, 1.651
1622105490.469, lauv-roald, SmartX, 1.656
1622105490.968, lauv-roald, SmartX, 1.693
1622105491.469, lauv-roald, SmartX, 1.634
1622105491.969, lauv-roald, SmartX, 1.493
1622105492.469, lauv-roald, SmartX, 1.387
1622105492.969, lauv-roald, SmartX, 1.384
1622105493.469, lauv-roald, SmartX, 1.443
1622105493.968, lauv-roald, SmartX, 1.493
1622105494.468, lauv-roald, SmartX, 1.626
1622105494.968, lauv-roald, SmartX, 1.835
1622105495.469, lauv-roald, SmartX, 2.179
1622105495.969, lauv-roald, SmartX, 2.127
1622105496.469, lauv-roald, SmartX, 1.944
1622105496.968, lauv-roald, SmartX, 1.721
1622105497.468, lauv-roald, SmartX, 1.669
1622105497.968, lauv-roald, SmartX, 1.738
1622105498.469, lauv-roald, SmartX, 1.897
1622105498.969, lauv-roald, SmartX, 2.296
1622105499.468, lauv-roald, SmartX, 2.583
1622105499.968, lauv-roald, SmartX, 2.779
1622105500.468, lauv-roald, SmartX, 2.840
1622105500.968, lauv-roald, SmartX, 2.672
1622105501.468, lauv-roald, SmartX, 2.337
1622105501.968, lauv-roald, SmartX, 2.167
1622105502.468, lauv-roald, SmartX, 2.160
1622105502.968, lauv-roald, SmartX, 2.161
1622105503.468, lauv-roald, SmartX, 2.061
1622105503.968, lauv-roald, SmartX, 1.950
1622105504.468, lauv-roald, SmartX, 1.891
1622105504.968, lauv-roald, SmartX, 1.787
1622105505.468, lauv-roald, SmartX, 1.721
1622105505.968, lauv-roald, SmartX, 1.763
1622105506.468, lauv-roald, SmartX, 2.017
1622105506.968, lauv-roald, SmartX, 2.328
1622105507.468, lauv-roald, SmartX, 2.455
1622105507.968, lauv-roald, SmartX, 2.314
1622105508.468, lauv-roald, SmartX, 2.017
1622105508.968, lauv-roald, SmartX, 1.791
1622105509.467, lauv-roald, SmartX, 1.745
1622105509.967, lauv-roald, SmartX, 1.717
1622105510.467, lauv-roald, SmartX, 1.714
1622105510.967, lauv-roald, SmartX, 1.695
1622105511.467, lauv-roald, SmartX, 1.674
1622105511.967, lauv-roald, SmartX, 1.586
1622105512.467, lauv-roald, SmartX, 1.581
1622105512.967, lauv-roald, SmartX, 1.654
1622105513.467, lauv-roald, SmartX, 1.838
1622105513.967, lauv-roald, SmartX, 2.078
1622105514.468, lauv-roald, SmartX, 2.186
1622105514.968, lauv-roald, SmartX, 2.052
1622105515.467, lauv-roald, SmartX, 1.796
1622105515.967, lauv-roald, SmartX, 1.654
1622105516.467, lauv-roald, SmartX, 1.548
1622105516.967, lauv-roald, SmartX, 1.524
1622105517.467, lauv-roald, SmartX, 1.547
1622105517.967, lauv-roald, SmartX, 1.668
1622105518.467, lauv-roald, SmartX, 1.928
1622105518.967, lauv-roald, SmartX, 2.249
1622105519.467, lauv-roald, SmartX, 2.536
1622105519.967, lauv-roald, SmartX, 2.561
1622105520.467, lauv-roald, SmartX, 2.371
1622105520.967, lauv-roald, SmartX, 2.111
1622105521.467, lauv-roald, SmartX, 1.943
1622105521.967, lauv-roald, SmartX, 1.934
1622105522.467, lauv-roald, SmartX, 2.000
1622105522.967, lauv-roald, SmartX, 2.129
1622105523.467, lauv-roald, SmartX, 2.236
1622105523.967, lauv-roald, SmartX, 2.166
1622105524.467, lauv-roald, SmartX, 1.888
1622105524.966, lauv-roald, SmartX, 1.604
1622105525.466, lauv-roald, SmartX, 1.511
1622105525.966, lauv-roald, SmartX, 1.420
1622105526.466, lauv-roald, SmartX, 1.450
1622105526.966, lauv-roald, SmartX, 1.480
1622105527.466, lauv-roald, SmartX, 1.531
1622105527.966, lauv-roald, SmartX, 1.549
1622105528.466, lauv-roald, SmartX, 1.550
1622105528.966, lauv-roald, SmartX, 1.543
1622105529.466, lauv-roald, SmartX, 1.508
1622105529.966, lauv-roald, SmartX, 1.440
1622105530.466, lauv-roald, SmartX, 1.365
1622105530.966, lauv-roald, SmartX, 1.337
1622105531.466, lauv-roald, SmartX, 1.335
1622105531.966, lauv-roald, SmartX, 1.380
1622105532.466, lauv-roald, SmartX, 1.458
1622105532.966, lauv-roald, SmartX, 1.615
1622105533.466, lauv-roald, SmartX, 1.623
1622105533.966, lauv-roald, SmartX, 1.619
1622105534.466, lauv-roald, SmartX, 1.604
1622105534.966, lauv-roald, SmartX, 1.634
1622105535.466, lauv-roald, SmartX, 1.716
1622105535.966, lauv-roald, SmartX, 1.878
1622105536.466, lauv-roald, SmartX, 2.117
1622105536.966, lauv-roald, SmartX, 2.248
1622105537.466, lauv-roald, SmartX, 2.341
1622105537.966, lauv-roald, SmartX, 2.319
1622105538.466, lauv-roald, SmartX, 2.278
1622105538.966, lauv-roald, SmartX, 2.228
1622105539.466, lauv-roald, SmartX, 2.234
1622105539.966, lauv-roald, SmartX, 2.272
1622105540.466, lauv-roald, SmartX, 2.284
1622105540.966, lauv-roald, SmartX, 2.276
1622105541.466, lauv-roald, SmartX, 2.230
1622105541.966, lauv-roald, SmartX, 2.111
1622105542.466, lauv-roald, SmartX, 1.922
1622105542.965, lauv-roald, SmartX, 1.645
1622105543.465, lauv-roald, SmartX, 1.557
1622105543.965, lauv-roald, SmartX, 1.615
1622105544.465, lauv-roald, SmartX, 1.738
1622105544.966, lauv-roald, SmartX, 2.061
1622105545.465, lauv-roald, SmartX, 2.404
1622105545.965, lauv-roald, SmartX, 2.585
1622105546.465, lauv-roald, SmartX, 2.731
1622105546.965, lauv-roald, SmartX, 2.666
1622105547.465, lauv-roald, SmartX, 2.211
1622105547.965, lauv-roald, SmartX, 1.888
1622105548.465, lauv-roald, SmartX, 1.848
1622105548.965, lauv-roald, SmartX, 1.986
1622105549.465, lauv-roald, SmartX, 2.230
1622105549.965, lauv-roald, SmartX, 2.281
1622105550.465, lauv-roald, SmartX, 2.147
1622105550.965, lauv-roald, SmartX, 1.953
1622105551.464, lauv-roald, SmartX, 1.640
1622105551.964, lauv-roald, SmartX, 1.547
1622105552.465, lauv-roald, SmartX, 1.546
1622105552.964, lauv-roald, SmartX, 1.725
1622105553.465, lauv-roald, SmartX, 2.126
1622105553.965, lauv-roald, SmartX, 2.587
1622105554.464, lauv-roald, SmartX, 2.385
1622105554.965, lauv-roald, SmartX, 2.046
1622105555.464, lauv-roald, SmartX, 1.782
1622105555.965, lauv-roald, SmartX, 1.632
1622105556.464, lauv-roald, SmartX, 1.689
1622105556.965, lauv-roald, SmartX, 1.952
1622105557.465, lauv-roald, SmartX, 2.199
1622105557.965, lauv-roald, SmartX, 2.166
1622105558.464, lauv-roald, SmartX, 1.905
1622105558.964, lauv-roald, SmartX, 1.624
1622105559.464, lauv-roald, SmartX, 1.616
1622105559.964, lauv-roald, SmartX, 1.596
1622105560.464, lauv-roald, SmartX, 1.756
1622105560.964, lauv-roald, SmartX, 1.980
1622105561.464, lauv-roald, SmartX, 1.987
1622105561.964, lauv-roald, SmartX, 1.768
1622105562.464, lauv-roald, SmartX, 1.317
1622105562.964, lauv-roald, SmartX, 1.336
1622105563.464, lauv-roald, SmartX, 1.296
1622105563.964, lauv-roald, SmartX, 1.287
1622105564.464, lauv-roald, SmartX, 1.325
1622105564.964, lauv-roald, SmartX, 1.373
1622105565.463, lauv-roald, SmartX, 1.502
1622105565.963, lauv-roald, SmartX, 1.566
1622105566.464, lauv-roald, SmartX, 2.067
1622105566.964, lauv-roald, SmartX, 2.594
1622105567.464, lauv-roald, SmartX, 2.679
1622105567.964, lauv-roald, SmartX, 2.757
1622105568.464, lauv-roald, SmartX, 2.240
1622105568.963, lauv-roald, SmartX, 1.721
1622105569.463, lauv-roald, SmartX, 1.723
1622105569.963, lauv-roald, SmartX, 1.536
1622105570.463, lauv-roald, SmartX, 1.510
1622105570.963, lauv-roald, SmartX, 1.684
1622105571.463, lauv-roald, SmartX, 2.060
1622105571.963, lauv-roald, SmartX, 2.333
1622105572.464, lauv-roald, SmartX, 2.500
1622105572.963, lauv-roald, SmartX, 2.181
1622105573.463, lauv-roald, SmartX, 1.822
1622105573.963, lauv-roald, SmartX, 1.751
1622105574.463, lauv-roald, SmartX, 1.677
1622105574.963, lauv-roald, SmartX, 1.714
1622105575.463, lauv-roald, SmartX, 1.957
1622105575.963, lauv-roald, SmartX, 2.523
1622105576.463, lauv-roald, SmartX, 2.780
1622105576.963, lauv-roald, SmartX, 2.886
1622105577.463, lauv-roald, SmartX, 2.619
1622105577.963, lauv-roald, SmartX, 1.978
1622105578.462, lauv-roald, SmartX, 1.609
1622105578.963, lauv-roald, SmartX, 1.494
1622105579.463, lauv-roald, SmartX, 1.521
1622105579.963, lauv-roald, SmartX, 1.765
1622105580.463, lauv-roald, SmartX, 1.958
1622105580.963, lauv-roald, SmartX, 2.179
1622105581.463, lauv-roald, SmartX, 2.202
1622105581.963, lauv-roald, SmartX, 1.995
1622105582.462, lauv-roald, SmartX, 1.702
1622105582.962, lauv-roald, SmartX, 1.518
1622105583.462, lauv-roald, SmartX, 1.477
1622105583.962, lauv-roald, SmartX, 1.509
1622105584.462, lauv-roald, SmartX, 1.535
1622105584.962, lauv-roald, SmartX, 1.500
1622105585.462, lauv-roald, SmartX, 1.459
1622105585.962, lauv-roald, SmartX, 1.405
1622105586.462, lauv-roald, SmartX, 1.403
1622105586.962, lauv-roald, SmartX, 1.421
1622105587.462, lauv-roald, SmartX, 1.485
1622105587.962, lauv-roald, SmartX, 1.610
1622105588.462, lauv-roald, SmartX, 1.715
1622105588.962, lauv-roald, SmartX, 1.854
1622105589.463, lauv-roald, SmartX, 2.013
1622105589.962, lauv-roald, SmartX, 2.052
1622105590.463, lauv-roald, SmartX, 1.964
1622105590.962, lauv-roald, SmartX, 1.745
1622105591.462, lauv-roald, SmartX, 1.566
1622105591.962, lauv-roald, SmartX, 1.512
1622105592.462, lauv-roald, SmartX, 1.727
1622105592.962, lauv-roald, SmartX, 2.081
1622105593.462, lauv-roald, SmartX, 2.284
1622105593.962, lauv-roald, SmartX, 2.514
1622105594.462, lauv-roald, SmartX, 2.456
1622105594.962, lauv-roald, SmartX, 1.990
1622105595.462, lauv-roald, SmartX, 1.657
1622105595.962, lauv-roald, SmartX, 1.590
1622105596.462, lauv-roald, SmartX, 1.475
1622105596.961, lauv-roald, SmartX, 1.431
1622105597.461, lauv-roald, SmartX, 1.418
1622105597.961, lauv-roald, SmartX, 1.438
1622105598.461, lauv-roald, SmartX, 1.592
1622105598.962, lauv-roald, SmartX, 2.097
1622105599.462, lauv-roald, SmartX, 2.348
1622105599.962, lauv-roald, SmartX, 2.647
1622105600.461, lauv-roald, SmartX, 2.506
1622105600.962, lauv-roald, SmartX, 2.213
1622105601.462, lauv-roald, SmartX, 1.909
1622105601.961, lauv-roald, SmartX, 1.807
1622105602.461, lauv-roald, SmartX, 1.806
1622105602.961, lauv-roald, SmartX, 1.815
1622105603.461, lauv-roald, SmartX, 1.782
1622105603.961, lauv-roald, SmartX, 1.719
1622105604.461, lauv-roald, SmartX, 1.717
1622105604.961, lauv-roald, SmartX, 1.733
1622105605.461, lauv-roald, SmartX, 1.760
1622105605.962, lauv-roald, SmartX, 1.735
1622105606.461, lauv-roald, SmartX, 1.701
1622105606.962, lauv-roald, SmartX, 1.641
1622105607.461, lauv-roald, SmartX, 1.630
1622105607.961, lauv-roald, SmartX, 1.645
1622105608.460, lauv-roald, SmartX, 1.688
1622105608.961, lauv-roald, SmartX, 1.707
1622105609.460, lauv-roald, SmartX, 1.762
1622105609.961, lauv-roald, SmartX, 1.806
1622105610.461, lauv-roald, SmartX, 1.878
1622105610.961, lauv-roald, SmartX, 1.916
1622105611.461, lauv-roald, SmartX, 1.993
1622105611.961, lauv-roald, SmartX, 2.049
1622105612.461, lauv-roald, SmartX, 1.993
1622105612.960, lauv-roald, SmartX, 1.772
1622105613.460, lauv-roald, SmartX, 1.406
1622105613.961, lauv-roald, SmartX, 1.278
1622105614.460, lauv-roald, SmartX, 1.173
1622105614.960, lauv-roald, SmartX, 1.170
1622105615.460, lauv-roald, SmartX, 1.281
1622105615.960, lauv-roald, SmartX, 1.559
1622105616.460, lauv-roald, SmartX, 1.706
1622105616.961, lauv-roald, SmartX, 1.886
1622105617.461, lauv-roald, SmartX, 2.134
1622105617.961, lauv-roald, SmartX, 1.918
1622105618.460, lauv-roald, SmartX, 1.470
1622105618.960, lauv-roald, SmartX, 1.423
1622105619.460, lauv-roald, SmartX, 1.310
1622105619.960, lauv-roald, SmartX, 1.256
1622105620.460, lauv-roald, SmartX, 1.257
1622105620.960, lauv-roald, SmartX, 1.415
1622105621.460, lauv-roald, SmartX, 2.223
1622105621.960, lauv-roald, SmartX, 2.307
1622105622.460, lauv-roald, SmartX, 2.204
1622105622.960, lauv-roald, SmartX, 1.859
1622105623.460, lauv-roald, SmartX, 1.555
1622105623.960, lauv-roald, SmartX, 1.493
1622105624.460, lauv-roald, SmartX, 1.356
1622105624.959, lauv-roald, SmartX, 1.323
1622105625.459, lauv-roald, SmartX, 1.466
1622105625.960, lauv-roald, SmartX, 1.744
1622105626.459, lauv-roald, SmartX, 1.799
1622105626.960, lauv-roald, SmartX, 1.928
1622105627.459, lauv-roald, SmartX, 1.714
1622105627.959, lauv-roald, SmartX, 1.546
1622105628.459, lauv-roald, SmartX, 1.406
1622105628.959, lauv-roald, SmartX, 1.365
1622105629.459, lauv-roald, SmartX, 1.429
1622105629.959, lauv-roald, SmartX, 1.476
1622105630.459, lauv-roald, SmartX, 1.443
1622105630.959, lauv-roald, SmartX, 1.385
1622105631.459, lauv-roald, SmartX, 1.210
1622105631.959, lauv-roald, SmartX, 1.046
1622105632.459, lauv-roald, SmartX, 0.970
1622105632.959, lauv-roald, SmartX, 1.000
1622105633.459, lauv-roald, SmartX, 1.107
1622105633.959, lauv-roald, SmartX, 1.370
1622105634.459, lauv-roald, SmartX, 1.702
1622105634.959, lauv-roald, SmartX, 1.921
1622105635.459, lauv-roald, SmartX, 1.682
1622105635.959, lauv-roald, SmartX, 1.367
1622105636.459, lauv-roald, SmartX, 1.210
1622105636.959, lauv-roald, SmartX, 1.062
1622105637.459, lauv-roald, SmartX, 1.047
1622105637.959, lauv-roald, SmartX, 1.124
1622105638.458, lauv-roald, SmartX, 1.215
1622105638.959, lauv-roald, SmartX, 1.464
1622105639.459, lauv-roald, SmartX, 1.526
1622105639.958, lauv-roald, SmartX, 1.387
1622105640.459, lauv-roald, SmartX, 1.244
1622105640.959, lauv-roald, SmartX, 1.147
1622105641.458, lauv-roald, SmartX, 1.122
1622105641.958, lauv-roald, SmartX, 1.172
1622105642.458, lauv-roald, SmartX, 1.269
1622105642.958, lauv-roald, SmartX, 1.814
1622105643.459, lauv-roald, SmartX, 2.032
1622105643.959, lauv-roald, SmartX, 2.220
1622105644.458, lauv-roald, SmartX, 2.060
1622105644.959, lauv-roald, SmartX, 1.672
1622105645.458, lauv-roald, SmartX, 1.370
1622105645.958, lauv-roald, SmartX, 1.242
1622105646.458, lauv-roald, SmartX, 1.192
1622105646.958, lauv-roald, SmartX, 1.215
1622105647.458, lauv-roald, SmartX, 1.217
1622105647.958, lauv-roald, SmartX, 1.268
1622105648.458, lauv-roald, SmartX, 1.383
1622105648.958, lauv-roald, SmartX, 1.544
1622105649.458, lauv-roald, SmartX, 1.689
1622105649.958, lauv-roald, SmartX, 1.710
1622105650.458, lauv-roald, SmartX, 1.623
1622105650.958, lauv-roald, SmartX, 1.522
1622105651.458, lauv-roald, SmartX, 1.353
1622105651.958, lauv-roald, SmartX, 1.151
1622105652.458, lauv-roald, SmartX, 1.164
1622105652.957, lauv-roald, SmartX, 1.268
1622105653.458, lauv-roald, SmartX, 1.539
1622105653.957, lauv-roald, SmartX, 1.807
1622105654.458, lauv-roald, SmartX, 1.938
1622105654.958, lauv-roald, SmartX, 1.824
1622105655.457, lauv-roald, SmartX, 1.545
1622105655.957, lauv-roald, SmartX, 1.249
1622105656.457, lauv-roald, SmartX, 1.137
1622105656.957, lauv-roald, SmartX, 1.086
1622105657.457, lauv-roald, SmartX, 1.100
1622105657.958, lauv-roald, SmartX, 1.122
1622105658.457, lauv-roald, SmartX, 1.106
1622105658.957, lauv-roald, SmartX, 1.081
1622105659.457, lauv-roald, SmartX, 1.061
1622105659.957, lauv-roald, SmartX, 1.107
1622105660.457, lauv-roald, SmartX, 1.146
1622105660.957, lauv-roald, SmartX, 1.152
1622105661.457, lauv-roald, SmartX, 1.115
1622105661.957, lauv-roald, SmartX, 1.059
1622105662.457, lauv-roald, SmartX, 1.107
1622105662.957, lauv-roald, SmartX, 1.306
1622105663.457, lauv-roald, SmartX, 1.591
1622105663.957, lauv-roald, SmartX, 1.627
1622105664.457, lauv-roald, SmartX, 1.456
1622105664.957, lauv-roald, SmartX, 1.094
1622105665.457, lauv-roald, SmartX, 1.103
1622105665.957, lauv-roald, SmartX, 1.015
1622105666.456, lauv-roald, SmartX, 1.000
1622105666.957, lauv-roald, SmartX, 1.113
1622105667.457, lauv-roald, SmartX, 1.466
1622105667.956, lauv-roald, SmartX, 1.709
1622105668.457, lauv-roald, SmartX, 1.876
1622105668.957, lauv-roald, SmartX, 1.749
1622105669.456, lauv-roald, SmartX, 1.557
1622105669.956, lauv-roald, SmartX, 1.301
1622105670.457, lauv-roald, SmartX, 1.177
1622105670.956, lauv-roald, SmartX, 1.168
1622105671.456, lauv-roald, SmartX, 1.223
1622105671.956, lauv-roald, SmartX, 1.314
1622105672.456, lauv-roald, SmartX, 1.383
1622105672.956, lauv-roald, SmartX, 1.440
1622105673.456, lauv-roald, SmartX, 1.346
1622105673.956, lauv-roald, SmartX, 1.103
1622105674.456, lauv-roald, SmartX, 1.035
1622105674.956, lauv-roald, SmartX, 0.946
1622105675.456, lauv-roald, SmartX, 0.932
1622105675.956, lauv-roald, SmartX, 1.000
1622105676.456, lauv-roald, SmartX, 1.138
1622105676.956, lauv-roald, SmartX, 1.329
1622105677.456, lauv-roald, SmartX, 1.395
1622105677.956, lauv-roald, SmartX, 1.321
1622105678.456, lauv-roald, SmartX, 1.107
1622105678.955, lauv-roald, SmartX, 0.906
1622105679.456, lauv-roald, SmartX, 0.897
1622105679.956, lauv-roald, SmartX, 0.944
1622105680.456, lauv-roald, SmartX, 1.077
1622105680.956, lauv-roald, SmartX, 1.196
1622105681.456, lauv-roald, SmartX, 1.260
1622105681.956, lauv-roald, SmartX, 1.251
1622105682.456, lauv-roald, SmartX, 1.194
1622105682.956, lauv-roald, SmartX, 1.197
1622105683.455, lauv-roald, SmartX, 1.324
1622105683.955, lauv-roald, SmartX, 1.504
1622105684.456, lauv-roald, SmartX, 1.656
1622105684.955, lauv-roald, SmartX, 1.776
1622105685.456, lauv-roald, SmartX, 1.843
1622105685.955, lauv-roald, SmartX, 1.469
1622105686.455, lauv-roald, SmartX, 1.248
1622105686.955, lauv-roald, SmartX, 1.094
1622105687.455, lauv-roald, SmartX, 0.971
1622105687.955, lauv-roald, SmartX, 0.965
1622105688.455, lauv-roald, SmartX, 1.025
1622105688.955, lauv-roald, SmartX, 1.144
1622105689.455, lauv-roald, SmartX, 1.362
1622105689.955, lauv-roald, SmartX, 1.790
1622105690.455, lauv-roald, SmartX, 1.721
1622105690.955, lauv-roald, SmartX, 1.408
1622105691.455, lauv-roald, SmartX, 1.247
1622105691.955, lauv-roald, SmartX, 1.061
1622105692.455, lauv-roald, SmartX, 1.010
1622105692.955, lauv-roald, SmartX, 1.073
1622105693.455, lauv-roald, SmartX, 1.202
1622105693.955, lauv-roald, SmartX, 1.337
1622105694.455, lauv-roald, SmartX, 1.298
1622105694.955, lauv-roald, SmartX, 1.166
1622105695.455, lauv-roald, SmartX, 1.031
1622105695.954, lauv-roald, SmartX, 1.001
1622105696.455, lauv-roald, SmartX, 1.032
1622105696.954, lauv-roald, SmartX, 1.108
1622105697.455, lauv-roald, SmartX, 1.274
1622105697.955, lauv-roald, SmartX, 1.632
1622105698.455, lauv-roald, SmartX, 1.743
1622105698.954, lauv-roald, SmartX, 1.651
1622105699.454, lauv-roald, SmartX, 1.287
1622105699.954, lauv-roald, SmartX, 1.252
1622105700.454, lauv-roald, SmartX, 1.017
1622105700.954, lauv-roald, SmartX, 0.940
1622105701.454, lauv-roald, SmartX, 0.990
1622105701.954, lauv-roald, SmartX, 1.058
1622105702.454, lauv-roald, SmartX, 1.464
1622105702.954, lauv-roald, SmartX, 1.628
1622105703.455, lauv-roald, SmartX, 1.829
1622105703.954, lauv-roald, SmartX, 1.584
1622105704.454, lauv-roald, SmartX, 1.118
1622105704.954, lauv-roald, SmartX, 1.037
1622105705.454, lauv-roald, SmartX, 0.907
1622105705.954, lauv-roald, SmartX, 0.853
1622105706.454, lauv-roald, SmartX, 0.938
1622105706.954, lauv-roald, SmartX, 0.921
1622105707.454, lauv-roald, SmartX, 0.903
1622105707.954, lauv-roald, SmartX, 0.879
1622105708.454, lauv-roald, SmartX, 0.844
1622105708.954, lauv-roald, SmartX, 0.841
1622105709.454, lauv-roald, SmartX, 0.924
1622105709.954, lauv-roald, SmartX, 1.083
1622105710.454, lauv-roald, SmartX, 1.257
1622105710.954, lauv-roald, SmartX, 1.353
1622105711.453, lauv-roald, SmartX, 1.353
1622105711.954, lauv-roald, SmartX, 1.365
1622105712.453, lauv-roald, SmartX, 1.375
1622105712.953, lauv-roald, SmartX, 1.350
1622105713.454, lauv-roald, SmartX, 1.223
1622105713.954, lauv-roald, SmartX, 1.082
1622105714.453, lauv-roald, SmartX, 1.009
1622105714.953, lauv-roald, SmartX, 1.024
1622105715.453, lauv-roald, SmartX, 1.050
1622105715.953, lauv-roald, SmartX, 1.176
1622105716.453, lauv-roald, SmartX, 1.354
1622105716.953, lauv-roald, SmartX, 1.431
1622105717.453, lauv-roald, SmartX, 1.301
1622105717.953, lauv-roald, SmartX, 1.081
1622105718.453, lauv-roald, SmartX, 0.913
1622105718.953, lauv-roald, SmartX, 0.847
1622105719.453, lauv-roald, SmartX, 0.837
1622105719.953, lauv-roald, SmartX, 0.871
1622105720.453, lauv-roald, SmartX, 0.997
1622105720.953, lauv-roald, SmartX, 1.368
1622105721.453, lauv-roald, SmartX, 1.572
1622105721.953, lauv-roald, SmartX, 1.534
1622105722.453, lauv-roald, SmartX, 1.188
1622105722.953, lauv-roald, SmartX, 1.046
1622105723.453, lauv-roald, SmartX, 0.955
1622105723.953, lauv-roald, SmartX, 0.820
1622105724.453, lauv-roald, SmartX, 0.837
1622105724.953, lauv-roald, SmartX, 0.992
1622105725.453, lauv-roald, SmartX, 1.120
1622105725.952, lauv-roald, SmartX, 1.375
1622105726.453, lauv-roald, SmartX, 1.382
1622105726.953, lauv-roald, SmartX, 1.289
1622105727.452, lauv-roald, SmartX, 0.989
1622105727.953, lauv-roald, SmartX, 0.757
1622105728.452, lauv-roald, SmartX, 0.703
1622105728.952, lauv-roald, SmartX, 0.805
1622105729.452, lauv-roald, SmartX, 0.933
1622105729.952, lauv-roald, SmartX, 0.960
1622105730.452, lauv-roald, SmartX, 0.862
1622105730.952, lauv-roald, SmartX, 0.699
1622105731.453, lauv-roald, SmartX, 0.561
1622105731.952, lauv-roald, SmartX, 0.558
1622105732.452, lauv-roald, SmartX, 0.501
1622105732.952, lauv-roald, SmartX, 0.552
1622105733.452, lauv-roald, SmartX, 0.646
1622105733.952, lauv-roald, SmartX, 0.726
1622105734.452, lauv-roald, SmartX, 0.837
1622105734.952, lauv-roald, SmartX, 1.239
1622105735.452, lauv-roald, SmartX, 1.413
1622105735.952, lauv-roald, SmartX, 1.416
1622105736.452, lauv-roald, SmartX, 1.169
1622105736.952, lauv-roald, SmartX, 0.944
1622105737.452, lauv-roald, SmartX, 0.782
1622105737.952, lauv-roald, SmartX, 0.723
1622105738.452, lauv-roald, SmartX, 0.715
1622105738.952, lauv-roald, SmartX, 0.735
1622105739.452, lauv-roald, SmartX, 1.206
1622105739.952, lauv-roald, SmartX, 1.380
1622105740.452, lauv-roald, SmartX, 1.320
1622105740.952, lauv-roald, SmartX, 1.122
1622105741.452, lauv-roald, SmartX, 0.867
1622105741.951, lauv-roald, SmartX, 0.750
1622105742.452, lauv-roald, SmartX, 0.683
1622105742.951, lauv-roald, SmartX, 0.717
1622105743.452, lauv-roald, SmartX, 0.818
1622105743.951, lauv-roald, SmartX, 0.881
1622105744.453, lauv-roald, SmartX, 0.916
1622105744.951, lauv-roald, SmartX, 0.758
1622105745.451, lauv-roald, SmartX, 0.646
1622105745.951, lauv-roald, SmartX, 0.542
1622105746.451, lauv-roald, SmartX, 0.514
1622105746.951, lauv-roald, SmartX, 0.542
1622105747.451, lauv-roald, SmartX, 0.688
1622105747.951, lauv-roald, SmartX, 0.971
1622105748.451, lauv-roald, SmartX, 1.091
1622105748.951, lauv-roald, SmartX, 1.130
1622105749.451, lauv-roald, SmartX, 1.049
1622105749.951, lauv-roald, SmartX, 0.854
1622105750.451, lauv-roald, SmartX, 0.580
1622105750.951, lauv-roald, SmartX, 0.612
1622105751.451, lauv-roald, SmartX, 0.586
1622105751.951, lauv-roald, SmartX, 0.558
1622105752.451, lauv-roald, SmartX, 0.514
1622105752.951, lauv-roald, SmartX, 0.410
1622105753.451, lauv-roald, SmartX, 0.356
1622105753.951, lauv-roald, SmartX, 0.332
1622105754.451, lauv-roald, SmartX, 0.375
1622105754.951, lauv-roald, SmartX, 0.465
1622105755.451, lauv-roald, SmartX, 0.614
1622105755.951, lauv-roald, SmartX, 0.874
1622105756.451, lauv-roald, SmartX, 1.042
1622105756.951, lauv-roald, SmartX, 1.139
1622105757.451, lauv-roald, SmartX, 0.737
1622105757.951, lauv-roald, SmartX, 0.534
1622105758.450, lauv-roald, SmartX, 0.418
1622105758.950, lauv-roald, SmartX, 0.430
1622105759.450, lauv-roald, SmartX, 0.670
1622105759.951, lauv-roald, SmartX, 0.879
1622105760.450, lauv-roald, SmartX, 0.972
1622105760.950, lauv-roald, SmartX, 0.946
1622105761.450, lauv-roald, SmartX, 0.890
1622105761.950, lauv-roald, SmartX, 0.697
1622105762.450, lauv-roald, SmartX, 0.523
1622105762.950, lauv-roald, SmartX, 0.525
1622105763.450, lauv-roald, SmartX, 0.613
1622105763.950, lauv-roald, SmartX, 0.627
1622105764.450, lauv-roald, SmartX, 0.651
1622105764.950, lauv-roald, SmartX, 0.644
1622105765.450, lauv-roald, SmartX, 0.711
1622105765.950, lauv-roald, SmartX, 0.737
1622105766.450, lauv-roald, SmartX, 0.681
1622105766.950, lauv-roald, SmartX, 0.638
1622105767.450, lauv-roald, SmartX, 0.673
1622105767.950, lauv-roald, SmartX, 0.767
1622105768.450, lauv-roald, SmartX, 0.786
1622105768.950, lauv-roald, SmartX, 0.740
1622105769.450, lauv-roald, SmartX, 0.662
1622105769.950, lauv-roald, SmartX, 0.593
1622105770.450, lauv-roald, SmartX, 0.686
1622105770.949, lauv-roald, SmartX, 0.908
1622105771.450, lauv-roald, SmartX, 1.019
1622105771.950, lauv-roald, SmartX, 1.011
1622105772.450, lauv-roald, SmartX, 0.837
1622105772.949, lauv-roald, SmartX, 0.691
1622105773.450, lauv-roald, SmartX, 0.582
1622105773.950, lauv-roald, SmartX, 0.426
1622105774.449, lauv-roald, SmartX, 0.383
1622105774.949, lauv-roald, SmartX, 0.419
1622105775.449, lauv-roald, SmartX, 0.520
1622105775.950, lauv-roald, SmartX, 0.595
1622105776.449, lauv-roald, SmartX, 0.436
1622105776.949, lauv-roald, SmartX, 0.375
1622105777.449, lauv-roald, SmartX, 0.298
1622105777.949, lauv-roald, SmartX, 0.287
1622105778.449, lauv-roald, SmartX, 0.491
1622105778.949, lauv-roald, SmartX, 0.661
1622105779.449, lauv-roald, SmartX, 0.884
1622105779.950, lauv-roald, SmartX, 0.963
1622105780.449, lauv-roald, SmartX, 1.041
1622105780.949, lauv-roald, SmartX, 1.035
1622105781.449, lauv-roald, SmartX, 0.986
1622105781.949, lauv-roald, SmartX, 0.969
1622105782.449, lauv-roald, SmartX, 0.906
1622105782.949, lauv-roald, SmartX, 0.878
1622105783.449, lauv-roald, SmartX, 0.897
1622105783.949, lauv-roald, SmartX, 0.970
1622105784.449, lauv-roald, SmartX, 1.162
1622105784.949, lauv-roald, SmartX, 1.340
1622105785.449, lauv-roald, SmartX, 1.389
1622105785.949, lauv-roald, SmartX, 1.385
1622105786.448, lauv-roald, SmartX, 1.331
1622105786.949, lauv-roald, SmartX, 1.300
1622105787.448, lauv-roald, SmartX, 1.363
1622105787.949, lauv-roald, SmartX, 1.416
1622105788.448, lauv-roald, SmartX, 1.389
1622105788.948, lauv-roald, SmartX, 1.446
1622105789.448, lauv-roald, SmartX, 1.503
1622105789.948, lauv-roald, SmartX, 1.494
1622105790.448, lauv-roald, SmartX, 1.582
1622105790.949, lauv-roald, SmartX, 1.646
1622105791.448, lauv-roald, SmartX, 1.616
1622105791.948, lauv-roald, SmartX, 1.648
1622105792.448, lauv-roald, SmartX, 1.613
1622105792.948, lauv-roald, SmartX, 1.568
1622105793.448, lauv-roald, SmartX, 1.462
1622105793.948, lauv-roald, SmartX, 1.504
1622105794.448, lauv-roald, SmartX, 1.484
1622105794.948, lauv-roald, SmartX, 1.523
1622105795.448, lauv-roald, SmartX, 1.468
1622105795.948, lauv-roald, SmartX, 1.490
1622105796.448, lauv-roald, SmartX, 1.513
1622105796.948, lauv-roald, SmartX, 1.555
1622105797.448, lauv-roald, SmartX, 1.585
1622105797.948, lauv-roald, SmartX, 1.612
1622105798.448, lauv-roald, SmartX, 1.564
1622105798.948, lauv-roald, SmartX, 1.439
1622105799.448, lauv-roald, SmartX, 1.429
1622105799.948, lauv-roald, SmartX, 1.514
1622105800.449, lauv-roald, SmartX, 1.566
1622105800.948, lauv-roald, SmartX, 1.605
1622105801.448, lauv-roald, SmartX, 1.681
1622105801.948, lauv-roald, SmartX, 1.630
1622105802.448, lauv-roald, SmartX, 1.453
1622105802.947, lauv-roald, SmartX, 1.439
1622105803.448, lauv-roald, SmartX, 1.468
1622105803.947, lauv-roald, SmartX, 1.493
1622105804.447, lauv-roald, SmartX, 1.536
1622105804.947, lauv-roald, SmartX, 1.476
1622105805.447, lauv-roald, SmartX, 1.468
1622105805.948, lauv-roald, SmartX, 1.487
1622105806.447, lauv-roald, SmartX, 1.585
1622105806.947, lauv-roald, SmartX, 1.636
1622105807.447, lauv-roald, SmartX, 1.719
1622105807.947, lauv-roald, SmartX, 1.737
1622105808.448, lauv-roald, SmartX, 1.642
1622105808.948, lauv-roald, SmartX, 1.642
1622105809.447, lauv-roald, SmartX, 1.563
1622105809.947, lauv-roald, SmartX, 1.490
1622105810.447, lauv-roald, SmartX, 1.513
1622105810.947, lauv-roald, SmartX, 1.617
1622105811.447, lauv-roald, SmartX, 1.800
1622105811.947, lauv-roald, SmartX, 1.982
1622105812.448, lauv-roald, SmartX, 1.874
1622105812.947, lauv-roald, SmartX, 1.845
1622105813.447, lauv-roald, SmartX, 1.813
1622105813.947, lauv-roald, SmartX, 1.959
1622105814.447, lauv-roald, SmartX, 2.180
1622105814.947, lauv-roald, SmartX, 2.233
1622105815.447, lauv-roald, SmartX, 2.061
1622105815.947, lauv-roald, SmartX, 1.812
1622105816.446, lauv-roald, SmartX, 1.706
1622105816.947, lauv-roald, SmartX, 1.756
1622105817.447, lauv-roald, SmartX, 1.958
1622105817.947, lauv-roald, SmartX, 2.103
1622105818.447, lauv-roald, SmartX, 2.098
1622105818.947, lauv-roald, SmartX, 2.126
1622105819.447, lauv-roald, SmartX, 2.193
1622105819.947, lauv-roald, SmartX, 2.286
1622105820.447, lauv-roald, SmartX, 2.350
1622105820.947, lauv-roald, SmartX, 2.609
1622105821.447, lauv-roald, SmartX, 2.720
1622105821.947, lauv-roald, SmartX, 2.733
1622105822.447, lauv-roald, SmartX, 2.619
1622105822.947, lauv-roald, SmartX, 2.395
1622105823.447, lauv-roald, SmartX, 2.434
1622105823.947, lauv-roald, SmartX, 2.421
1622105824.447, lauv-roald, SmartX, 2.336
1622105824.947, lauv-roald, SmartX, 2.283
1622105825.446, lauv-roald, SmartX, 2.379
1622105825.946, lauv-roald, SmartX, 2.430
1622105826.446, lauv-roald, SmartX, 2.361
1622105826.946, lauv-roald, SmartX, 2.207
1622105827.446, lauv-roald, SmartX, 2.197
1622105827.946, lauv-roald, SmartX, 2.247
1622105828.446, lauv-roald, SmartX, 2.382
1622105828.946, lauv-roald, SmartX, 2.461
1622105829.446, lauv-roald, SmartX, 2.478
1622105829.946, lauv-roald, SmartX, 2.408
1622105830.446, lauv-roald, SmartX, 2.328
1622105830.946, lauv-roald, SmartX, 2.314
1622105831.446, lauv-roald, SmartX, 2.313
1622105831.946, lauv-roald, SmartX, 2.301
1622105832.446, lauv-roald, SmartX, 2.350
1622105832.946, lauv-roald, SmartX, 2.349
1622105833.446, lauv-roald, SmartX, 2.304
1622105833.946, lauv-roald, SmartX, 2.341
1622105834.446, lauv-roald, SmartX, 2.455
1622105834.946, lauv-roald, SmartX, 2.489
1622105835.446, lauv-roald, SmartX, 2.566
1622105835.946, lauv-roald, SmartX, 2.632
1622105836.446, lauv-roald, SmartX, 2.658
1622105836.946, lauv-roald, SmartX, 2.519
1622105837.446, lauv-roald, SmartX, 2.415
1622105837.945, lauv-roald, SmartX, 2.617
1622105838.445, lauv-roald, SmartX, 2.708
1622105838.946, lauv-roald, SmartX, 2.486
1622105839.446, lauv-roald, SmartX, 2.422
1622105839.945, lauv-roald, SmartX, 2.573
1622105840.445, lauv-roald, SmartX, 2.690
1622105840.946, lauv-roald, SmartX, 2.689
1622105841.445, lauv-roald, SmartX, 2.476
1622105841.945, lauv-roald, SmartX, 2.643
1622105842.445, lauv-roald, SmartX, 2.676
1622105842.945, lauv-roald, SmartX, 2.732
1622105843.445, lauv-roald, SmartX, 2.769
1622105843.945, lauv-roald, SmartX, 2.866
1622105844.445, lauv-roald, SmartX, 2.913
1622105844.945, lauv-roald, SmartX, 2.817
1622105845.445, lauv-roald, SmartX, 2.687
1622105845.945, lauv-roald, SmartX, 2.841
1622105846.445, lauv-roald, SmartX, 2.908
1622105846.945, lauv-roald, SmartX, 2.860
1622105847.445, lauv-roald, SmartX, 2.781
1622105847.945, lauv-roald, SmartX, 2.869
1622105848.445, lauv-roald, SmartX, 2.884
1622105848.945, lauv-roald, SmartX, 2.911
1622105849.445, lauv-roald, SmartX, 2.933
1622105849.945, lauv-roald, SmartX, 2.930
1622105850.445, lauv-roald, SmartX, 2.934
1622105850.944, lauv-roald, SmartX, 2.973
1622105851.444, lauv-roald, SmartX, 2.984
1622105851.944, lauv-roald, SmartX, 3.003
1622105852.444, lauv-roald, SmartX, 3.014
1622105852.944, lauv-roald, SmartX, 3.027
1622105853.444, lauv-roald, SmartX, 3.033
1622105853.944, lauv-roald, SmartX, 3.026
1622105854.444, lauv-roald, SmartX, 3.010
1622105854.944, lauv-roald, SmartX, 3.034
1622105855.444, lauv-roald, SmartX, 3.033
1622105855.944, lauv-roald, SmartX, 3.038
1622105856.444, lauv-roald, SmartX, 3.043
1622105856.944, lauv-roald, SmartX, 3.046
1622105857.444, lauv-roald, SmartX, 3.048
1622105857.944, lauv-roald, SmartX, 3.050
1622105858.444, lauv-roald, SmartX, 3.052
1622105858.944, lauv-roald, SmartX, 3.053
1622105859.444, lauv-roald, SmartX, 3.054
1622105859.944, lauv-roald, SmartX, 3.056
1622105860.444, lauv-roald, SmartX, 3.057
1622105860.944, lauv-roald, SmartX, 3.057
1622105861.444, lauv-roald, SmartX, 3.057
1622105861.944, lauv-roald, SmartX, 3.057
1622105862.443, lauv-roald, SmartX, 3.056
1622105862.944, lauv-roald, SmartX, 3.056
1622105863.444, lauv-roald, SmartX, 3.056
1622105863.944, lauv-roald, SmartX, 3.056
1622105864.443, lauv-roald, SmartX, 3.056
1622105864.943, lauv-roald, SmartX, 3.056
1622105865.444, lauv-roald, SmartX, 3.055
1622105865.943, lauv-roald, SmartX, 3.055
1622105866.443, lauv-roald, SmartX, 3.055
1622105866.943, lauv-roald, SmartX, 3.055
1622105867.443, lauv-roald, SmartX, 3.055
1622105867.943, lauv-roald, SmartX, 3.055
1622105868.443, lauv-roald, SmartX, 3.055
1622105868.943, lauv-roald, SmartX, 3.055
1622105869.443, lauv-roald, SmartX, 3.054
1622105869.943, lauv-roald, SmartX, 3.055
1622105870.443, lauv-roald, SmartX, 3.054
1622105870.943, lauv-roald, SmartX, 3.054
1622105871.443, lauv-roald, SmartX, 3.053
1622105871.943, lauv-roald, SmartX, 3.053
1622105872.443, lauv-roald, SmartX, 3.052
1622105872.943, lauv-roald, SmartX, 3.052
1622105873.443, lauv-roald, SmartX, 3.052
1622105873.943, lauv-roald, SmartX, 3.051
1622105874.443, lauv-roald, SmartX, 3.051
1622105874.943, lauv-roald, SmartX, 3.050
1622105875.443, lauv-roald, SmartX, 3.049
1622105875.943, lauv-roald, SmartX, 3.049
1622105876.443, lauv-roald, SmartX, 3.049
1622105876.943, lauv-roald, SmartX, 3.048
1622105877.443, lauv-roald, SmartX, 3.048
1622105877.943, lauv-roald, SmartX, 3.047
1622105878.442, lauv-roald, SmartX, 3.047
1622105878.942, lauv-roald, SmartX, 3.047
1622105879.443, lauv-roald, SmartX, 3.047
1622105879.943, lauv-roald, SmartX, 3.049
1622105880.442, lauv-roald, SmartX, 3.051
1622105880.942, lauv-roald, SmartX, 3.051
1622105881.442, lauv-roald, SmartX, 3.050
1622105881.942, lauv-roald, SmartX, 3.051
1622105882.442, lauv-roald, SmartX, 3.048
1622105882.942, lauv-roald, SmartX, 3.047
1622105883.442, lauv-roald, SmartX, 3.046
1622105883.942, lauv-roald, SmartX, 3.045
1622105884.442, lauv-roald, SmartX, 3.045
1622105884.942, lauv-roald, SmartX, 3.046
1622105885.443, lauv-roald, SmartX, 3.049
1622105885.944, lauv-roald, SmartX, 3.052
1622105886.442, lauv-roald, SmartX, 3.055
1622105886.942, lauv-roald, SmartX, 3.055
1622105887.442, lauv-roald, SmartX, 3.057
1622105887.942, lauv-roald, SmartX, 3.059
1622105888.442, lauv-roald, SmartX, 3.059
1622105888.942, lauv-roald, SmartX, 3.058
1622105889.442, lauv-roald, SmartX, 3.058
1622105889.942, lauv-roald, SmartX, 3.055
1622105890.442, lauv-roald, SmartX, 3.051
1622105890.942, lauv-roald, SmartX, 3.054
1622105891.442, lauv-roald, SmartX, 3.054
1622105891.942, lauv-roald, SmartX, 3.056
1622105892.442, lauv-roald, SmartX, 3.057
1622105892.942, lauv-roald, SmartX, 3.058
1622105893.442, lauv-roald, SmartX, 3.059
1622105893.942, lauv-roald, SmartX, 3.060
1622105894.441, lauv-roald, SmartX, 3.060
1622105894.941, lauv-roald, SmartX, 3.060
1622105895.441, lauv-roald, SmartX, 3.060
1622105895.941, lauv-roald, SmartX, 3.060
1622105896.441, lauv-roald, SmartX, 3.062
1622105896.941, lauv-roald, SmartX, 3.064
1622105897.441, lauv-roald, SmartX, 3.063
1622105897.941, lauv-roald, SmartX, 3.062
1622105898.441, lauv-roald, SmartX, 3.061
1622105898.941, lauv-roald, SmartX, 3.060
1622105899.441, lauv-roald, SmartX, 3.060
1622105899.941, lauv-roald, SmartX, 3.060
1622105900.441, lauv-roald, SmartX, 3.061
1622105900.941, lauv-roald, SmartX, 3.060
1622105901.441, lauv-roald, SmartX, 3.060
1622105901.941, lauv-roald, SmartX, 3.060
1622105902.441, lauv-roald, SmartX, 3.061
1622105902.941, lauv-roald, SmartX, 3.062
1622105903.441, lauv-roald, SmartX, 3.061
1622105903.941, lauv-roald, SmartX, 3.061
1622105904.441, lauv-roald, SmartX, 3.062
1622105904.941, lauv-roald, SmartX, 3.064
1622105905.441, lauv-roald, SmartX, 3.065
1622105905.941, lauv-roald, SmartX, 3.065
1622105906.441, lauv-roald, SmartX, 3.067
1622105906.941, lauv-roald, SmartX, 3.068
1622105907.441, lauv-roald, SmartX, 3.068
1622105907.941, lauv-roald, SmartX, 3.068
1622105908.441, lauv-roald, SmartX, 3.069
1622105908.941, lauv-roald, SmartX, 3.070
1622105909.441, lauv-roald, SmartX, 3.070
1622105909.941, lauv-roald, SmartX, 3.070
1622105910.440, lauv-roald, SmartX, 3.070
1622105910.941, lauv-roald, SmartX, 3.069
1622105911.440, lauv-roald, SmartX, 3.070
1622105911.941, lauv-roald, SmartX, 3.070
1622105912.440, lauv-roald, SmartX, 3.070
1622105912.940, lauv-roald, SmartX, 3.070
1622105913.440, lauv-roald, SmartX, 3.070
1622105913.940, lauv-roald, SmartX, 3.070
1622105914.440, lauv-roald, SmartX, 3.070
1622105914.940, lauv-roald, SmartX, 3.070
1622105915.440, lauv-roald, SmartX, 3.071
1622105915.940, lauv-roald, SmartX, 3.070
1622105916.440, lauv-roald, SmartX, 3.070
1622105916.940, lauv-roald, SmartX, 3.071
1622105917.440, lauv-roald, SmartX, 3.071
1622105917.940, lauv-roald, SmartX, 3.070
1622105918.440, lauv-roald, SmartX, 3.070
1622105918.940, lauv-roald, SmartX, 3.070
1622105919.440, lauv-roald, SmartX, 3.070
1622105919.940, lauv-roald, SmartX, 3.070
1622105920.440, lauv-roald, SmartX, 3.070
1622105920.940, lauv-roald, SmartX, 3.069
1622105921.440, lauv-roald, SmartX, 3.069
1622105921.940, lauv-roald, SmartX, 3.069
1622105922.440, lauv-roald, SmartX, 3.069
1622105922.940, lauv-roald, SmartX, 3.068
1622105923.440, lauv-roald, SmartX, 3.069
1622105923.940, lauv-roald, SmartX, 3.069
1622105924.440, lauv-roald, SmartX, 3.069
1622105924.940, lauv-roald, SmartX, 3.069
1622105925.440, lauv-roald, SmartX, 3.069
1622105925.939, lauv-roald, SmartX, 3.069
1622105926.440, lauv-roald, SmartX, 3.069
1622105926.939, lauv-roald, SmartX, 3.069
1622105927.441, lauv-roald, SmartX, 3.069
1622105927.939, lauv-roald, SmartX, 3.069
1622105928.441, lauv-roald, SmartX, 3.069
1622105928.939, lauv-roald, SmartX, 3.068
1622105929.439, lauv-roald, SmartX, 3.068
1622105929.939, lauv-roald, SmartX, 3.068
1622105930.439, lauv-roald, SmartX, 3.067
1622105930.939, lauv-roald, SmartX, 3.067
1622105931.439, lauv-roald, SmartX, 3.067
1622105931.939, lauv-roald, SmartX, 3.067
1622105932.439, lauv-roald, SmartX, 3.067
1622105932.939, lauv-roald, SmartX, 3.067
1622105933.439, lauv-roald, SmartX, 3.066
1622105933.939, lauv-roald, SmartX, 3.066
1622105934.439, lauv-roald, SmartX, 3.066
1622105934.939, lauv-roald, SmartX, 3.067
1622105935.439, lauv-roald, SmartX, 3.066
1622105935.939, lauv-roald, SmartX, 3.066
1622105936.439, lauv-roald, SmartX, 3.066
1622105936.939, lauv-roald, SmartX, 3.067
1622105937.439, lauv-roald, SmartX, 3.066
1622105937.939, lauv-roald, SmartX, 3.066
1622105938.439, lauv-roald, SmartX, 3.066
1622105938.939, lauv-roald, SmartX, 3.066
1622105939.439, lauv-roald, SmartX, 3.066
1622105939.938, lauv-roald, SmartX, 3.067
1622105940.438, lauv-roald, SmartX, 3.067
1622105940.938, lauv-roald, SmartX, 3.067
1622105941.438, lauv-roald, SmartX, 3.067
1622105941.938, lauv-roald, SmartX, 3.067
1622105942.438, lauv-roald, SmartX, 3.067
1622105942.938, lauv-roald, SmartX, 3.067
1622105943.438, lauv-roald, SmartX, 3.066
1622105943.938, lauv-roald, SmartX, 3.066
1622105944.438, lauv-roald, SmartX, 3.064
1622105944.938, lauv-roald, SmartX, 3.064
1622105945.438, lauv-roald, SmartX, 3.064
1622105945.938, lauv-roald, SmartX, 3.064
1622105946.438, lauv-roald, SmartX, 3.066
1622105946.938, lauv-roald, SmartX, 3.065
1622105947.438, lauv-roald, SmartX, 3.066
1622105947.938, lauv-roald, SmartX, 3.066
1622105948.438, lauv-roald, SmartX, 3.066
1622105948.938, lauv-roald, SmartX, 3.066
1622105949.438, lauv-roald, SmartX, 3.067
1622105949.938, lauv-roald, SmartX, 3.067
1622105950.438, lauv-roald, SmartX, 3.066
1622105950.938, lauv-roald, SmartX, 3.066
1622105951.438, lauv-roald, SmartX, 3.066
1622105951.937, lauv-roald, SmartX, 3.066
1622105952.438, lauv-roald, SmartX, 3.066
1622105952.938, lauv-roald, SmartX, 3.066
1622105953.438, lauv-roald, SmartX, 3.066
1622105953.938, lauv-roald, SmartX, 3.066
1622105954.437, lauv-roald, SmartX, 3.065
1622105954.937, lauv-roald, SmartX, 3.065
1622105955.437, lauv-roald, SmartX, 3.066
1622105955.937, lauv-roald, SmartX, 3.066
1622105956.437, lauv-roald, SmartX, 3.066
1622105956.937, lauv-roald, SmartX, 3.065
1622105957.437, lauv-roald, SmartX, 3.065
1622105957.937, lauv-roald, SmartX, 3.066
1622105958.437, lauv-roald, SmartX, 3.065
1622105958.938, lauv-roald, SmartX, 3.065
1622105959.437, lauv-roald, SmartX, 3.065
1622105959.937, lauv-roald, SmartX, 3.065
1622105960.437, lauv-roald, SmartX, 3.064
1622105960.937, lauv-roald, SmartX, 3.064
1622105961.437, lauv-roald, SmartX, 3.064
1622105961.937, lauv-roald, SmartX, 3.063
1622105962.437, lauv-roald, SmartX, 3.063
1622105962.937, lauv-roald, SmartX, 3.063
1622105963.437, lauv-roald, SmartX, 3.063
1622105963.937, lauv-roald, SmartX, 3.062
1622105964.437, lauv-roald, SmartX, 3.062
1622105964.937, lauv-roald, SmartX, 3.063
1622105965.437, lauv-roald, SmartX, 3.062
1622105965.937, lauv-roald, SmartX, 3.062
1622105966.437, lauv-roald, SmartX, 3.062
1622105966.937, lauv-roald, SmartX, 3.062
1622105967.437, lauv-roald, SmartX, 3.062
1622105967.937, lauv-roald, SmartX, 3.062
1622105968.437, lauv-roald, SmartX, 3.062
1622105968.936, lauv-roald, SmartX, 3.062
1622105969.437, lauv-roald, SmartX, 3.061
1622105969.937, lauv-roald, SmartX, 3.061
1622105970.436, lauv-roald, SmartX, 3.061
1622105970.936, lauv-roald, SmartX, 3.061
1622105971.436, lauv-roald, SmartX, 3.061
1622105971.936, lauv-roald, SmartX, 3.061
1622105972.436, lauv-roald, SmartX, 3.061
1622105972.936, lauv-roald, SmartX, 3.061
1622105973.437, lauv-roald, SmartX, 3.061
1622105973.936, lauv-roald, SmartX, 3.061
1622105974.436, lauv-roald, SmartX, 3.061
1622105974.936, lauv-roald, SmartX, 3.061
1622105975.436, lauv-roald, SmartX, 3.060
1622105975.936, lauv-roald, SmartX, 3.060
1622105976.436, lauv-roald, SmartX, 3.060
1622105976.936, lauv-roald, SmartX, 3.060
1622105977.436, lauv-roald, SmartX, 3.060
1622105977.936, lauv-roald, SmartX, 3.060
1622105978.436, lauv-roald, SmartX, 3.060
1622105978.936, lauv-roald, SmartX, 3.059
1622105979.436, lauv-roald, SmartX, 3.059
1622105979.936, lauv-roald, SmartX, 3.059
1622105980.438, lauv-roald, SmartX, 3.059
1622105980.936, lauv-roald, SmartX, 3.059
1622105981.436, lauv-roald, SmartX, 3.059
1622105981.936, lauv-roald, SmartX, 3.058
1622105982.436, lauv-roald, SmartX, 3.058
1622105982.935, lauv-roald, SmartX, 3.058
1622105983.435, lauv-roald, SmartX, 3.058
1622105983.935, lauv-roald, SmartX, 3.058
1622105984.435, lauv-roald, SmartX, 3.058
1622105984.935, lauv-roald, SmartX, 3.058
1622105985.435, lauv-roald, SmartX, 3.058
1622105985.935, lauv-roald, SmartX, 3.057
1622105986.435, lauv-roald, SmartX, 3.057
1622105986.935, lauv-roald, SmartX, 3.057
1622105987.435, lauv-roald, SmartX, 3.057
1622105987.935, lauv-roald, SmartX, 3.057
1622105988.435, lauv-roald, SmartX, 3.057
1622105988.935, lauv-roald, SmartX, 3.056
1622105989.435, lauv-roald, SmartX, 3.056
1622105989.935, lauv-roald, SmartX, 3.056
1622105990.435, lauv-roald, SmartX, 3.056
1622105990.935, lauv-roald, SmartX, 3.056
1622105991.435, lauv-roald, SmartX, 3.056
1622105991.935, lauv-roald, SmartX, 3.055
1622105992.435, lauv-roald, SmartX, 3.055
1622105992.935, lauv-roald, SmartX, 3.055
1622105993.435, lauv-roald, SmartX, 3.055
1622105993.935, lauv-roald, SmartX, 3.054
1622105994.435, lauv-roald, SmartX, 3.054
1622105994.935, lauv-roald, SmartX, 3.054
1622105995.435, lauv-roald, SmartX, 3.054
1622105995.935, lauv-roald, SmartX, 3.053
1622105996.435, lauv-roald, SmartX, 3.053
1622105996.935, lauv-roald, SmartX, 3.053
1622105997.435, lauv-roald, SmartX, 3.053
1622105997.934, lauv-roald, SmartX, 3.052
1622105998.435, lauv-roald, SmartX, 3.052
1622105998.934, lauv-roald, SmartX, 3.052
1622105999.434, lauv-roald, SmartX, 3.051
1622105999.934, lauv-roald, SmartX, 3.051
1622106000.434, lauv-roald, SmartX, 3.050
1622106000.934, lauv-roald, SmartX, 3.050
1622106001.434, lauv-roald, SmartX, 3.050
1622106001.934, lauv-roald, SmartX, 3.049
1622106002.434, lauv-roald, SmartX, 3.049
1622106002.934, lauv-roald, SmartX, 3.049
1622106003.434, lauv-roald, SmartX, 3.049
1622106003.934, lauv-roald, SmartX, 3.049
1622106004.434, lauv-roald, SmartX, 3.049
1622106004.934, lauv-roald, SmartX, 3.049
1622106005.434, lauv-roald, SmartX, 3.049
1622106005.934, lauv-roald, SmartX, 3.048
1622106006.434, lauv-roald, SmartX, 3.048
1622106006.934, lauv-roald, SmartX, 3.047
1622106007.434, lauv-roald, SmartX, 3.048
1622106007.934, lauv-roald, SmartX, 3.048
1622106008.434, lauv-roald, SmartX, 3.048
1622106008.934, lauv-roald, SmartX, 3.048
1622106009.434, lauv-roald, SmartX, 3.048
1622106009.934, lauv-roald, SmartX, 3.048
1622106010.434, lauv-roald, SmartX, 3.048
1622106010.934, lauv-roald, SmartX, 3.047
1622106011.434, lauv-roald, SmartX, 3.047
1622106011.934, lauv-roald, SmartX, 3.047
1622106012.434, lauv-roald, SmartX, 3.047
1622106012.934, lauv-roald, SmartX, 3.047
1622106013.433, lauv-roald, SmartX, 3.047
1622106013.933, lauv-roald, SmartX, 3.047
1622106014.433, lauv-roald, SmartX, 3.047
1622106014.933, lauv-roald, SmartX, 3.047
1622106015.433, lauv-roald, SmartX, 3.045
1622106015.933, lauv-roald, SmartX, 3.044
1622106016.433, lauv-roald, SmartX, 3.043
1622106016.933, lauv-roald, SmartX, 3.043
1622106017.433, lauv-roald, SmartX, 3.043
1622106017.933, lauv-roald, SmartX, 3.043
1622106018.433, lauv-roald, SmartX, 3.043
1622106018.933, lauv-roald, SmartX, 3.042
1622106019.433, lauv-roald, SmartX, 3.043
1622106019.933, lauv-roald, SmartX, 3.041
1622106020.433, lauv-roald, SmartX, 3.041
1622106020.933, lauv-roald, SmartX, 3.039
1622106021.433, lauv-roald, SmartX, 3.042
1622106021.933, lauv-roald, SmartX, 3.042
1622106022.433, lauv-roald, SmartX, 3.042
1622106022.933, lauv-roald, SmartX, 3.042
1622106023.433, lauv-roald, SmartX, 3.042
1622106023.933, lauv-roald, SmartX, 3.042
1622106024.433, lauv-roald, SmartX, 3.043
1622106024.933, lauv-roald, SmartX, 3.043
1622106025.433, lauv-roald, SmartX, 3.044
1622106025.933, lauv-roald, SmartX, 3.044
1622106026.433, lauv-roald, SmartX, 3.044
1622106026.933, lauv-roald, SmartX, 3.044
1622106027.433, lauv-roald, SmartX, 3.044
1622106027.932, lauv-roald, SmartX, 3.045
1622106028.432, lauv-roald, SmartX, 3.046
1622106028.932, lauv-roald, SmartX, 3.046
1622106029.432, lauv-roald, SmartX, 3.046
1622106029.932, lauv-roald, SmartX, 3.046
1622106030.432, lauv-roald, SmartX, 3.046
1622106030.932, lauv-roald, SmartX, 3.045
1622106031.432, lauv-roald, SmartX, 3.045
1622106031.932, lauv-roald, SmartX, 3.044
1622106032.432, lauv-roald, SmartX, 3.043
1622106032.932, lauv-roald, SmartX, 3.042
1622106033.432, lauv-roald, SmartX, 3.041
1622106033.932, lauv-roald, SmartX, 3.042
1622106034.432, lauv-roald, SmartX, 3.041
1622106034.932, lauv-roald, SmartX, 3.039
1622106035.432, lauv-roald, SmartX, 3.038
1622106035.932, lauv-roald, SmartX, 3.037
1622106036.432, lauv-roald, SmartX, 3.035
1622106036.932, lauv-roald, SmartX, 3.036
1622106037.432, lauv-roald, SmartX, 3.036
1622106037.932, lauv-roald, SmartX, 3.037
1622106038.432, lauv-roald, SmartX, 3.037
1622106038.932, lauv-roald, SmartX, 3.036
1622106039.432, lauv-roald, SmartX, 3.035
1622106039.932, lauv-roald, SmartX, 3.033
1622106040.432, lauv-roald, SmartX, 3.033
1622106040.931, lauv-roald, SmartX, 3.033
1622106041.432, lauv-roald, SmartX, 3.033
1622106041.932, lauv-roald, SmartX, 3.034
1622106042.432, lauv-roald, SmartX, 3.035
1622106042.932, lauv-roald, SmartX, 3.034
1622106043.431, lauv-roald, SmartX, 3.034
1622106043.931, lauv-roald, SmartX, 3.034
1622106044.431, lauv-roald, SmartX, 3.035
1622106044.931, lauv-roald, SmartX, 3.035
1622106045.431, lauv-roald, SmartX, 3.036
1622106045.931, lauv-roald, SmartX, 3.035
1622106046.431, lauv-roald, SmartX, 3.035
1622106046.931, lauv-roald, SmartX, 3.034
1622106047.431, lauv-roald, SmartX, 3.034
1622106047.931, lauv-roald, SmartX, 3.033
1622106048.431, lauv-roald, SmartX, 3.034
1622106048.931, lauv-roald, SmartX, 3.033
1622106049.431, lauv-roald, SmartX, 3.033
1622106049.931, lauv-roald, SmartX, 3.032
1622106050.431, lauv-roald, SmartX, 3.031
1622106050.931, lauv-roald, SmartX, 3.030
1622106051.431, lauv-roald, SmartX, 3.030
1622106051.931, lauv-roald, SmartX, 3.031
1622106052.431, lauv-roald, SmartX, 3.031
1622106052.931, lauv-roald, SmartX, 3.030
1622106053.431, lauv-roald, SmartX, 3.029
1622106053.931, lauv-roald, SmartX, 3.029
1622106054.431, lauv-roald, SmartX, 3.029
1622106054.931, lauv-roald, SmartX, 3.029
1622106055.431, lauv-roald, SmartX, 3.029
1622106055.930, lauv-roald, SmartX, 3.029
1622106056.430, lauv-roald, SmartX, 3.029
1622106056.931, lauv-roald, SmartX, 3.029
1622106057.430, lauv-roald, SmartX, 3.029
1622106057.930, lauv-roald, SmartX, 3.028
1622106058.430, lauv-roald, SmartX, 3.028
1622106058.930, lauv-roald, SmartX, 3.027
1622106059.430, lauv-roald, SmartX, 3.028
1622106059.930, lauv-roald, SmartX, 3.027
1622106060.430, lauv-roald, SmartX, 3.027
1622106060.930, lauv-roald, SmartX, 3.026
1622106061.430, lauv-roald, SmartX, 3.026
1622106061.930, lauv-roald, SmartX, 3.024
1622106062.430, lauv-roald, SmartX, 3.024
1622106062.930, lauv-roald, SmartX, 3.024
1622106063.430, lauv-roald, SmartX, 3.023
1622106063.930, lauv-roald, SmartX, 3.022
1622106064.430, lauv-roald, SmartX, 3.023
1622106064.930, lauv-roald, SmartX, 3.023
1622106065.430, lauv-roald, SmartX, 3.023
1622106065.930, lauv-roald, SmartX, 3.024
1622106066.430, lauv-roald, SmartX, 3.023
1622106066.930, lauv-roald, SmartX, 3.022
1622106067.430, lauv-roald, SmartX, 3.023
1622106067.930, lauv-roald, SmartX, 3.024
1622106068.430, lauv-roald, SmartX, 3.026
1622106068.930, lauv-roald, SmartX, 3.026
1622106069.430, lauv-roald, SmartX, 3.027
1622106069.930, lauv-roald, SmartX, 3.025
1622106070.430, lauv-roald, SmartX, 3.024
1622106070.930, lauv-roald, SmartX, 3.023
1622106071.430, lauv-roald, SmartX, 3.027
1622106071.930, lauv-roald, SmartX, 3.027
1622106072.429, lauv-roald, SmartX, 3.026
1622106072.929, lauv-roald, SmartX, 3.025
1622106073.429, lauv-roald, SmartX, 3.024
1622106073.929, lauv-roald, SmartX, 3.024
1622106074.429, lauv-roald, SmartX, 3.023
1622106074.929, lauv-roald, SmartX, 3.022
1622106075.429, lauv-roald, SmartX, 3.024
1622106075.929, lauv-roald, SmartX, 3.026
1622106076.429, lauv-roald, SmartX, 3.026
1622106076.929, lauv-roald, SmartX, 3.027
1622106077.429, lauv-roald, SmartX, 3.026
1622106077.929, lauv-roald, SmartX, 3.027
1622106078.429, lauv-roald, SmartX, 3.027
1622106078.929, lauv-roald, SmartX, 3.028
1622106079.429, lauv-roald, SmartX, 3.029
1622106079.929, lauv-roald, SmartX, 3.029
1622106080.429, lauv-roald, SmartX, 3.030
1622106080.929, lauv-roald, SmartX, 3.030
1622106081.429, lauv-roald, SmartX, 3.035
1622106081.929, lauv-roald, SmartX, 3.033
1622106082.429, lauv-roald, SmartX, 3.033
1622106082.929, lauv-roald, SmartX, 3.036
1622106083.429, lauv-roald, SmartX, 3.036
1622106083.929, lauv-roald, SmartX, 3.035
1622106084.429, lauv-roald, SmartX, 3.033
1622106084.929, lauv-roald, SmartX, 3.033
1622106085.429, lauv-roald, SmartX, 3.033
1622106085.929, lauv-roald, SmartX, 3.034
1622106086.429, lauv-roald, SmartX, 3.033
1622106086.929, lauv-roald, SmartX, 3.032
1622106087.428, lauv-roald, SmartX, 3.029
1622106087.928, lauv-roald, SmartX, 3.028
1622106088.428, lauv-roald, SmartX, 3.028
1622106088.928, lauv-roald, SmartX, 3.029
1622106089.428, lauv-roald, SmartX, 3.040
1622106089.928, lauv-roald, SmartX, 3.043
1622106090.428, lauv-roald, SmartX, 3.037
1622106090.928, lauv-roald, SmartX, 3.038
1622106091.428, lauv-roald, SmartX, 3.034
1622106091.928, lauv-roald, SmartX, 3.031
1622106092.428, lauv-roald, SmartX, 3.028
1622106092.928, lauv-roald, SmartX, 3.027
1622106093.428, lauv-roald, SmartX, 3.025
1622106093.928, lauv-roald, SmartX, 3.018
1622106094.428, lauv-roald, SmartX, 3.013
1622106094.928, lauv-roald, SmartX, 3.004
1622106095.428, lauv-roald, SmartX, 2.996
1622106095.928, lauv-roald, SmartX, 2.984
1622106096.428, lauv-roald, SmartX, 3.014
1622106096.928, lauv-roald, SmartX, 3.030
1622106097.428, lauv-roald, SmartX, 3.039
1622106097.928, lauv-roald, SmartX, 3.033
1622106098.428, lauv-roald, SmartX, 3.010
1622106098.927, lauv-roald, SmartX, 3.005
1622106099.427, lauv-roald, SmartX, 3.017
1622106099.928, lauv-roald, SmartX, 3.028
1622106100.428, lauv-roald, SmartX, 3.030
1622106100.928, lauv-roald, SmartX, 3.029
1622106101.428, lauv-roald, SmartX, 3.035
1622106101.927, lauv-roald, SmartX, 3.040
1622106102.427, lauv-roald, SmartX, 3.040
1622106102.927, lauv-roald, SmartX, 3.033
1622106103.427, lauv-roald, SmartX, 3.019
1622106103.927, lauv-roald, SmartX, 3.022
1622106104.427, lauv-roald, SmartX, 3.021
1622106104.927, lauv-roald, SmartX, 3.025
1622106105.427, lauv-roald, SmartX, 3.027
1622106105.927, lauv-roald, SmartX, 3.014
1622106106.427, lauv-roald, SmartX, 3.007
1622106106.927, lauv-roald, SmartX, 3.011
1622106107.427, lauv-roald, SmartX, 3.020
1622106107.927, lauv-roald, SmartX, 3.023
1622106108.427, lauv-roald, SmartX, 3.029
1622106108.927, lauv-roald, SmartX, 3.031
1622106109.427, lauv-roald, SmartX, 3.034
1622106109.927, lauv-roald, SmartX, 3.032
1622106110.427, lauv-roald, SmartX, 3.030
1622106110.927, lauv-roald, SmartX, 3.026
1622106111.427, lauv-roald, SmartX, 3.022
1622106111.927, lauv-roald, SmartX, 3.000
1622106112.427, lauv-roald, SmartX, 2.996
1622106112.927, lauv-roald, SmartX, 2.987
1622106113.427, lauv-roald, SmartX, 2.992
1622106113.926, lauv-roald, SmartX, 3.007
1622106114.427, lauv-roald, SmartX, 3.016
1622106114.927, lauv-roald, SmartX, 3.023
1622106115.427, lauv-roald, SmartX, 3.032
1622106115.926, lauv-roald, SmartX, 3.035
1622106116.426, lauv-roald, SmartX, 3.041
1622106116.926, lauv-roald, SmartX, 3.047
1622106117.426, lauv-roald, SmartX, 3.047
1622106117.926, lauv-roald, SmartX, 3.048
1622106118.426, lauv-roald, SmartX, 3.051
1622106118.926, lauv-roald, SmartX, 3.053
1622106119.426, lauv-roald, SmartX, 3.055
1622106119.926, lauv-roald, SmartX, 3.059
1622106120.426, lauv-roald, SmartX, 3.062
1622106120.926, lauv-roald, SmartX, 3.064
1622106121.426, lauv-roald, SmartX, 3.066
1622106121.926, lauv-roald, SmartX, 3.069
1622106122.426, lauv-roald, SmartX, 3.071
1622106122.926, lauv-roald, SmartX, 3.071
1622106123.426, lauv-roald, SmartX, 3.071
1622106123.926, lauv-roald, SmartX, 3.071
1622106124.426, lauv-roald, SmartX, 3.070
1622106124.926, lauv-roald, SmartX, 3.070
1622106125.426, lauv-roald, SmartX, 3.069
1622106125.926, lauv-roald, SmartX, 3.068
1622106126.426, lauv-roald, SmartX, 3.068
1622106126.926, lauv-roald, SmartX, 3.068
1622106127.426, lauv-roald, SmartX, 3.069
1622106127.926, lauv-roald, SmartX, 3.069
1622106128.426, lauv-roald, SmartX, 3.067
1622106128.926, lauv-roald, SmartX, 3.066
1622106129.427, lauv-roald, SmartX, 3.064
1622106129.926, lauv-roald, SmartX, 3.064
1622106130.425, lauv-roald, SmartX, 3.064
1622106130.926, lauv-roald, SmartX, 3.065
1622106131.426, lauv-roald, SmartX, 3.066
1622106131.925, lauv-roald, SmartX, 3.065
1622106132.425, lauv-roald, SmartX, 3.064
1622106132.925, lauv-roald, SmartX, 3.064
1622106133.425, lauv-roald, SmartX, 3.064
1622106133.925, lauv-roald, SmartX, 3.065
1622106134.425, lauv-roald, SmartX, 3.068
1622106134.925, lauv-roald, SmartX, 3.068
1622106135.425, lauv-roald, SmartX, 3.069
1622106135.925, lauv-roald, SmartX, 3.069
1622106136.425, lauv-roald, SmartX, 3.070
1622106136.925, lauv-roald, SmartX, 3.069
1622106137.425, lauv-roald, SmartX, 3.069
1622106137.925, lauv-roald, SmartX, 3.070
1622106138.425, lauv-roald, SmartX, 3.070
1622106138.925, lauv-roald, SmartX, 3.070
1622106139.425, lauv-roald, SmartX, 3.070
1622106139.925, lauv-roald, SmartX, 3.070
1622106140.425, lauv-roald, SmartX, 3.070
1622106140.925, lauv-roald, SmartX, 3.070
1622106141.425, lauv-roald, SmartX, 3.070
1622106141.925, lauv-roald, SmartX, 3.070
1622106142.425, lauv-roald, SmartX, 3.070
1622106142.925, lauv-roald, SmartX, 3.071
1622106143.425, lauv-roald, SmartX, 3.070
1622106143.925, lauv-roald, SmartX, 3.071
1622106144.425, lauv-roald, SmartX, 3.070
1622106144.925, lauv-roald, SmartX, 3.070
1622106145.424, lauv-roald, SmartX, 3.069
1622106145.924, lauv-roald, SmartX, 3.069
1622106146.425, lauv-roald, SmartX, 3.068
1622106146.924, lauv-roald, SmartX, 3.068
1622106147.424, lauv-roald, SmartX, 3.068
1622106147.924, lauv-roald, SmartX, 3.068
1622106148.424, lauv-roald, SmartX, 3.068
1622106148.924, lauv-roald, SmartX, 3.068
1622106149.424, lauv-roald, SmartX, 3.068
1622106149.924, lauv-roald, SmartX, 3.069
1622106150.424, lauv-roald, SmartX, 3.071
1622106150.924, lauv-roald, SmartX, 3.071
1622106151.424, lauv-roald, SmartX, 3.073
1622106151.924, lauv-roald, SmartX, 3.073
1622106152.424, lauv-roald, SmartX, 3.072
1622106152.924, lauv-roald, SmartX, 3.072
1622106153.424, lauv-roald, SmartX, 3.071
1622106153.924, lauv-roald, SmartX, 3.070
1622106154.424, lauv-roald, SmartX, 3.070
1622106154.924, lauv-roald, SmartX, 3.070
1622106155.424, lauv-roald, SmartX, 3.070
1622106155.924, lauv-roald, SmartX, 3.069
1622106156.424, lauv-roald, SmartX, 3.069
1622106156.924, lauv-roald, SmartX, 3.068
1622106157.424, lauv-roald, SmartX, 3.068
1622106157.924, lauv-roald, SmartX, 3.068
1622106158.424, lauv-roald, SmartX, 3.068
1622106158.924, lauv-roald, SmartX, 3.068
1622106159.424, lauv-roald, SmartX, 3.068
1622106159.924, lauv-roald, SmartX, 3.068
1622106160.423, lauv-roald, SmartX, 3.068
1622106160.924, lauv-roald, SmartX, 3.068
1622106161.423, lauv-roald, SmartX, 3.068
1622106161.923, lauv-roald, SmartX, 3.068
1622106162.423, lauv-roald, SmartX, 3.068
1622106162.923, lauv-roald, SmartX, 3.068
1622106163.423, lauv-roald, SmartX, 3.069
1622106163.923, lauv-roald, SmartX, 3.069
1622106164.423, lauv-roald, SmartX, 3.070
1622106164.923, lauv-roald, SmartX, 3.070
1622106165.423, lauv-roald, SmartX, 3.070
1622106165.923, lauv-roald, SmartX, 3.070
1622106166.423, lauv-roald, SmartX, 3.069
1622106166.923, lauv-roald, SmartX, 3.069
1622106167.423, lauv-roald, SmartX, 3.070
1622106167.923, lauv-roald, SmartX, 3.069
1622106168.423, lauv-roald, SmartX, 3.069
1622106168.923, lauv-roald, SmartX, 3.069
1622106169.423, lauv-roald, SmartX, 3.068
1622106169.923, lauv-roald, SmartX, 3.068
1622106170.423, lauv-roald, SmartX, 3.067
1622106170.923, lauv-roald, SmartX, 3.067
1622106171.423, lauv-roald, SmartX, 3.067
1622106171.923, lauv-roald, SmartX, 3.067
1622106172.423, lauv-roald, SmartX, 3.067
1622106172.923, lauv-roald, SmartX, 3.067
1622106173.422, lauv-roald, SmartX, 3.067
1622106173.923, lauv-roald, SmartX, 3.067
1622106174.423, lauv-roald, SmartX, 3.067
1622106174.922, lauv-roald, SmartX, 3.067
1622106175.423, lauv-roald, SmartX, 3.067
1622106175.923, lauv-roald, SmartX, 3.067
1622106176.423, lauv-roald, SmartX, 3.067
1622106176.922, lauv-roald, SmartX, 3.068
1622106177.422, lauv-roald, SmartX, 3.067
1622106177.922, lauv-roald, SmartX, 3.068
1622106178.422, lauv-roald, SmartX, 3.068
1622106178.922, lauv-roald, SmartX, 3.068
1622106179.422, lauv-roald, SmartX, 3.069
1622106179.922, lauv-roald, SmartX, 3.069
1622106180.422, lauv-roald, SmartX, 3.068
1622106180.922, lauv-roald, SmartX, 3.067
1622106181.422, lauv-roald, SmartX, 3.067
1622106181.922, lauv-roald, SmartX, 3.066
1622106182.422, lauv-roald, SmartX, 3.066
1622106182.922, lauv-roald, SmartX, 3.065
1622106183.422, lauv-roald, SmartX, 3.066
1622106183.922, lauv-roald, SmartX, 3.066
1622106184.422, lauv-roald, SmartX, 3.066
1622106184.922, lauv-roald, SmartX, 3.066
1622106185.422, lauv-roald, SmartX, 3.066
1622106185.922, lauv-roald, SmartX, 3.066
1622106186.422, lauv-roald, SmartX, 3.066
1622106186.922, lauv-roald, SmartX, 3.065
1622106187.422, lauv-roald, SmartX, 3.065
1622106187.922, lauv-roald, SmartX, 3.065
1622106188.422, lauv-roald, SmartX, 3.066
1622106188.922, lauv-roald, SmartX, 3.066
1622106189.422, lauv-roald, SmartX, 3.066
1622106189.922, lauv-roald, SmartX, 3.065
1622106190.422, lauv-roald, SmartX, 3.066
1622106190.922, lauv-roald, SmartX, 3.066
1622106191.422, lauv-roald, SmartX, 3.067
1622106191.921, lauv-roald, SmartX, 3.066
1622106192.421, lauv-roald, SmartX, 3.067
1622106192.921, lauv-roald, SmartX, 3.067
1622106193.421, lauv-roald, SmartX, 3.067
1622106193.921, lauv-roald, SmartX, 3.067
1622106194.421, lauv-roald, SmartX, 3.067
1622106194.921, lauv-roald, SmartX, 3.067
1622106195.421, lauv-roald, SmartX, 3.067
1622106195.921, lauv-roald, SmartX, 3.067
1622106196.421, lauv-roald, SmartX, 3.066
1622106196.921, lauv-roald, SmartX, 3.067
1622106197.421, lauv-roald, SmartX, 3.067
1622106197.921, lauv-roald, SmartX, 3.066
1622106198.421, lauv-roald, SmartX, 3.066
1622106198.921, lauv-roald, SmartX, 3.066
1622106199.421, lauv-roald, SmartX, 3.066
1622106199.921, lauv-roald, SmartX, 3.066
1622106200.421, lauv-roald, SmartX, 3.066
1622106200.921, lauv-roald, SmartX, 3.065
1622106201.421, lauv-roald, SmartX, 3.065
1622106201.921, lauv-roald, SmartX, 3.065
1622106202.421, lauv-roald, SmartX, 3.065
1622106202.921, lauv-roald, SmartX, 3.065
1622106203.421, lauv-roald, SmartX, 3.065
1622106203.921, lauv-roald, SmartX, 3.065
1622106204.421, lauv-roald, SmartX, 3.064
1622106204.920, lauv-roald, SmartX, 3.064
1622106205.421, lauv-roald, SmartX, 3.064
1622106205.921, lauv-roald, SmartX, 3.064
1622106206.420, lauv-roald, SmartX, 3.064
1622106206.920, lauv-roald, SmartX, 3.064
1622106207.420, lauv-roald, SmartX, 3.064
1622106207.920, lauv-roald, SmartX, 3.063
1622106208.420, lauv-roald, SmartX, 3.063
1622106208.920, lauv-roald, SmartX, 3.063
1622106209.420, lauv-roald, SmartX, 3.063
1622106209.920, lauv-roald, SmartX, 3.063
1622106210.420, lauv-roald, SmartX, 3.064
1622106210.920, lauv-roald, SmartX, 3.065
1622106211.420, lauv-roald, SmartX, 3.066
1622106211.920, lauv-roald, SmartX, 3.066
1622106212.420, lauv-roald, SmartX, 3.066
1622106212.920, lauv-roald, SmartX, 3.066
1622106213.420, lauv-roald, SmartX, 3.067
1622106213.920, lauv-roald, SmartX, 3.067
1622106214.420, lauv-roald, SmartX, 3.066
1622106214.920, lauv-roald, SmartX, 3.066
1622106215.420, lauv-roald, SmartX, 3.065
1622106215.920, lauv-roald, SmartX, 3.064
1622106216.420, lauv-roald, SmartX, 3.064
1622106216.920, lauv-roald, SmartX, 3.064
1622106217.420, lauv-roald, SmartX, 3.064
1622106217.919, lauv-roald, SmartX, 3.064
1622106218.420, lauv-roald, SmartX, 3.064
1622106218.919, lauv-roald, SmartX, 3.063
1622106219.420, lauv-roald, SmartX, 3.063
1622106219.920, lauv-roald, SmartX, 3.063
1622106220.419, lauv-roald, SmartX, 3.063
1622106220.919, lauv-roald, SmartX, 3.062
1622106221.419, lauv-roald, SmartX, 3.063
1622106221.919, lauv-roald, SmartX, 3.062
1622106222.419, lauv-roald, SmartX, 3.062
1622106222.919, lauv-roald, SmartX, 3.061
1622106223.419, lauv-roald, SmartX, 3.061
1622106223.919, lauv-roald, SmartX, 3.061
1622106224.419, lauv-roald, SmartX, 3.061
1622106224.919, lauv-roald, SmartX, 3.061
1622106225.419, lauv-roald, SmartX, 3.061
1622106225.919, lauv-roald, SmartX, 3.061
1622106226.419, lauv-roald, SmartX, 3.061
1622106226.919, lauv-roald, SmartX, 3.061
1622106227.419, lauv-roald, SmartX, 3.061
1622106227.919, lauv-roald, SmartX, 3.061
1622106228.419, lauv-roald, SmartX, 3.062
1622106228.919, lauv-roald, SmartX, 3.062
1622106229.419, lauv-roald, SmartX, 3.062
1622106229.919, lauv-roald, SmartX, 3.062
1622106230.419, lauv-roald, SmartX, 3.063
1622106230.919, lauv-roald, SmartX, 3.063
1622106231.419, lauv-roald, SmartX, 3.062
1622106231.919, lauv-roald, SmartX, 3.063
1622106232.419, lauv-roald, SmartX, 3.062
1622106232.919, lauv-roald, SmartX, 3.062
1622106233.419, lauv-roald, SmartX, 3.062
1622106233.919, lauv-roald, SmartX, 3.062
1622106234.419, lauv-roald, SmartX, 3.063
1622106234.919, lauv-roald, SmartX, 3.063
1622106235.418, lauv-roald, SmartX, 3.063
1622106235.918, lauv-roald, SmartX, 3.063
1622106236.418, lauv-roald, SmartX, 3.063
1622106236.918, lauv-roald, SmartX, 3.063
1622106237.418, lauv-roald, SmartX, 3.063
1622106237.918, lauv-roald, SmartX, 3.063
1622106238.418, lauv-roald, SmartX, 3.064
1622106238.918, lauv-roald, SmartX, 3.064
1622106239.418, lauv-roald, SmartX, 3.065
1622106239.918, lauv-roald, SmartX, 3.065
1622106240.418, lauv-roald, SmartX, 3.065
1622106240.918, lauv-roald, SmartX, 3.065
1622106241.418, lauv-roald, SmartX, 3.066
1622106241.918, lauv-roald, SmartX, 3.066
1622106242.418, lauv-roald, SmartX, 3.066
1622106242.918, lauv-roald, SmartX, 3.065
1622106243.418, lauv-roald, SmartX, 3.065
1622106243.918, lauv-roald, SmartX, 3.065
1622106244.418, lauv-roald, SmartX, 3.065
1622106244.918, lauv-roald, SmartX, 3.064
1622106245.418, lauv-roald, SmartX, 3.064
1622106245.918, lauv-roald, SmartX, 3.063
1622106246.418, lauv-roald, SmartX, 3.063
1622106246.918, lauv-roald, SmartX, 3.062
1622106247.418, lauv-roald, SmartX, 3.063
1622106247.918, lauv-roald, SmartX, 3.063
1622106248.418, lauv-roald, SmartX, 3.063
1622106248.917, lauv-roald, SmartX, 3.063
1622106249.418, lauv-roald, SmartX, 3.063
1622106249.917, lauv-roald, SmartX, 3.063
1622106250.418, lauv-roald, SmartX, 3.062
1622106250.917, lauv-roald, SmartX, 3.062
1622106251.417, lauv-roald, SmartX, 3.062
1622106251.917, lauv-roald, SmartX, 3.062
1622106252.417, lauv-roald, SmartX, 3.062
1622106252.917, lauv-roald, SmartX, 3.062
1622106253.417, lauv-roald, SmartX, 3.062
1622106253.917, lauv-roald, SmartX, 3.062
1622106254.417, lauv-roald, SmartX, 3.062
1622106254.917, lauv-roald, SmartX, 3.062
1622106255.417, lauv-roald, SmartX, 3.063
1622106255.917, lauv-roald, SmartX, 3.063
1622106256.417, lauv-roald, SmartX, 3.064
1622106256.917, lauv-roald, SmartX, 3.064
1622106257.417, lauv-roald, SmartX, 3.064
1622106257.917, lauv-roald, SmartX, 3.064
1622106258.417, lauv-roald, SmartX, 3.064
1622106258.917, lauv-roald, SmartX, 3.064
1622106259.417, lauv-roald, SmartX, 3.064
1622106259.917, lauv-roald, SmartX, 3.064
1622106260.417, lauv-roald, SmartX, 3.065
1622106260.917, lauv-roald, SmartX, 3.065
1622106261.417, lauv-roald, SmartX, 3.065
1622106261.917, lauv-roald, SmartX, 3.065
1622106262.417, lauv-roald, SmartX, 3.064
1622106262.917, lauv-roald, SmartX, 3.064
1622106263.416, lauv-roald, SmartX, 3.064
1622106263.917, lauv-roald, SmartX, 3.064
1622106264.417, lauv-roald, SmartX, 3.064
1622106264.917, lauv-roald, SmartX, 3.064
1622106265.416, lauv-roald, SmartX, 3.065
1622106265.916, lauv-roald, SmartX, 3.065
1622106266.416, lauv-roald, SmartX, 3.065
1622106266.916, lauv-roald, SmartX, 3.065
1622106267.416, lauv-roald, SmartX, 3.064
1622106267.916, lauv-roald, SmartX, 3.064
1622106268.416, lauv-roald, SmartX, 3.065
1622106268.916, lauv-roald, SmartX, 3.065
1622106269.416, lauv-roald, SmartX, 3.065
1622106269.916, lauv-roald, SmartX, 3.064
1622106270.416, lauv-roald, SmartX, 3.064
1622106270.916, lauv-roald, SmartX, 3.063
1622106271.416, lauv-roald, SmartX, 3.064
1622106271.916, lauv-roald, SmartX, 3.064
1622106272.416, lauv-roald, SmartX, 3.065
1622106272.916, lauv-roald, SmartX, 3.064
1622106273.416, lauv-roald, SmartX, 3.064
1622106273.916, lauv-roald, SmartX, 3.064
1622106274.416, lauv-roald, SmartX, 3.065
1622106274.916, lauv-roald, SmartX, 3.064
1622106275.416, lauv-roald, SmartX, 3.065
1622106275.916, lauv-roald, SmartX, 3.064
1622106276.416, lauv-roald, SmartX, 3.064
1622106276.916, lauv-roald, SmartX, 3.065
1622106277.416, lauv-roald, SmartX, 3.064
1622106277.916, lauv-roald, SmartX, 3.064
1622106278.415, lauv-roald, SmartX, 3.063
1622106278.915, lauv-roald, SmartX, 3.062
1622106279.416, lauv-roald, SmartX, 3.062
1622106279.915, lauv-roald, SmartX, 3.061
1622106280.415, lauv-roald, SmartX, 3.061
1622106280.915, lauv-roald, SmartX, 3.060
1622106281.415, lauv-roald, SmartX, 3.061
1622106281.915, lauv-roald, SmartX, 3.061
1622106282.415, lauv-roald, SmartX, 3.062
1622106282.915, lauv-roald, SmartX, 3.062
1622106283.415, lauv-roald, SmartX, 3.062
1622106283.915, lauv-roald, SmartX, 3.062
1622106284.415, lauv-roald, SmartX, 3.063
1622106284.915, lauv-roald, SmartX, 3.063
1622106285.415, lauv-roald, SmartX, 3.064
1622106285.915, lauv-roald, SmartX, 3.064
1622106286.415, lauv-roald, SmartX, 3.066
1622106286.915, lauv-roald, SmartX, 3.066
1622106287.415, lauv-roald, SmartX, 3.067
1622106287.915, lauv-roald, SmartX, 3.066
1622106288.415, lauv-roald, SmartX, 3.067
1622106288.915, lauv-roald, SmartX, 3.067
1622106289.415, lauv-roald, SmartX, 3.068
1622106289.915, lauv-roald, SmartX, 3.068
1622106290.415, lauv-roald, SmartX, 3.069
1622106290.915, lauv-roald, SmartX, 3.068
1622106291.415, lauv-roald, SmartX, 3.067
1622106291.915, lauv-roald, SmartX, 3.067
1622106292.415, lauv-roald, SmartX, 3.067
1622106292.914, lauv-roald, SmartX, 3.067
1622106293.415, lauv-roald, SmartX, 3.068
1622106293.915, lauv-roald, SmartX, 3.069
1622106294.414, lauv-roald, SmartX, 3.071
1622106294.914, lauv-roald, SmartX, 3.072
1622106295.415, lauv-roald, SmartX, 3.072
1622106295.914, lauv-roald, SmartX, 3.071
1622106296.414, lauv-roald, SmartX, 3.072
1622106296.914, lauv-roald, SmartX, 3.071
1622106297.414, lauv-roald, SmartX, 3.071
1622106297.914, lauv-roald, SmartX, 3.072
1622106298.414, lauv-roald, SmartX, 3.072
1622106298.914, lauv-roald, SmartX, 3.071
1622106299.414, lauv-roald, SmartX, 3.071
1622106299.915, lauv-roald, SmartX, 3.070
1622106300.414, lauv-roald, SmartX, 3.068
1622106300.914, lauv-roald, SmartX, 3.068
1622106301.414, lauv-roald, SmartX, 3.068
1622106301.914, lauv-roald, SmartX, 3.066
1622106302.414, lauv-roald, SmartX, 3.067
1622106302.914, lauv-roald, SmartX, 3.067
1622106303.414, lauv-roald, SmartX, 3.067
1622106303.914, lauv-roald, SmartX, 3.065
1622106304.414, lauv-roald, SmartX, 3.064
1622106304.914, lauv-roald, SmartX, 3.064
1622106305.414, lauv-roald, SmartX, 3.063
1622106305.915, lauv-roald, SmartX, 3.062
1622106306.414, lauv-roald, SmartX, 3.061
1622106306.914, lauv-roald, SmartX, 3.061
1622106307.414, lauv-roald, SmartX, 3.062
1622106307.914, lauv-roald, SmartX, 3.061
1622106308.414, lauv-roald, SmartX, 3.060
1622106308.913, lauv-roald, SmartX, 3.058
1622106309.414, lauv-roald, SmartX, 3.058
1622106309.913, lauv-roald, SmartX, 3.059
1622106310.413, lauv-roald, SmartX, 3.060
1622106310.914, lauv-roald, SmartX, 3.059
1622106311.413, lauv-roald, SmartX, 3.059
1622106311.913, lauv-roald, SmartX, 3.058
1622106312.413, lauv-roald, SmartX, 3.059
1622106312.913, lauv-roald, SmartX, 3.058
1622106313.413, lauv-roald, SmartX, 3.059
1622106313.913, lauv-roald, SmartX, 3.058
1622106314.413, lauv-roald, SmartX, 3.058
1622106314.913, lauv-roald, SmartX, 3.058
1622106315.413, lauv-roald, SmartX, 3.059
1622106315.913, lauv-roald, SmartX, 3.060
1622106316.413, lauv-roald, SmartX, 3.063
1622106316.913, lauv-roald, SmartX, 3.066
1622106317.413, lauv-roald, SmartX, 3.067
1622106317.913, lauv-roald, SmartX, 3.066
1622106318.413, lauv-roald, SmartX, 3.064
1622106318.913, lauv-roald, SmartX, 3.064
1622106319.413, lauv-roald, SmartX, 3.065
1622106319.913, lauv-roald, SmartX, 3.065
1622106320.413, lauv-roald, SmartX, 3.065
1622106320.913, lauv-roald, SmartX, 3.062
1622106321.413, lauv-roald, SmartX, 3.063
1622106321.913, lauv-roald, SmartX, 3.062
1622106322.412, lauv-roald, SmartX, 3.060
1622106322.913, lauv-roald, SmartX, 3.058
1622106323.413, lauv-roald, SmartX, 3.059
1622106323.913, lauv-roald, SmartX, 3.059
1622106324.412, lauv-roald, SmartX, 3.059
1622106324.912, lauv-roald, SmartX, 3.059
1622106325.412, lauv-roald, SmartX, 3.059
1622106325.912, lauv-roald, SmartX, 3.059
1622106326.412, lauv-roald, SmartX, 3.060
1622106326.912, lauv-roald, SmartX, 3.062
1622106327.412, lauv-roald, SmartX, 3.063
1622106327.912, lauv-roald, SmartX, 3.067
1622106328.412, lauv-roald, SmartX, 3.069
1622106328.912, lauv-roald, SmartX, 3.068
1622106329.412, lauv-roald, SmartX, 3.070
1622106329.912, lauv-roald, SmartX, 3.072
1622106330.412, lauv-roald, SmartX, 3.072
1622106330.912, lauv-roald, SmartX, 3.072
1622106331.412, lauv-roald, SmartX, 3.074
1622106331.912, lauv-roald, SmartX, 3.074
1622106332.412, lauv-roald, SmartX, 3.074
1622106332.912, lauv-roald, SmartX, 3.074
1622106333.412, lauv-roald, SmartX, 3.073
1622106333.912, lauv-roald, SmartX, 3.070
1622106334.412, lauv-roald, SmartX, 3.071
1622106334.912, lauv-roald, SmartX, 3.072
1622106335.412, lauv-roald, SmartX, 3.074
1622106335.912, lauv-roald, SmartX, 3.074
1622106336.412, lauv-roald, SmartX, 3.074
1622106336.912, lauv-roald, SmartX, 3.074
1622106337.412, lauv-roald, SmartX, 3.074
1622106337.912, lauv-roald, SmartX, 3.074
1622106338.412, lauv-roald, SmartX, 3.074
1622106338.912, lauv-roald, SmartX, 3.074
1622106339.411, lauv-roald, SmartX, 3.074
1622106339.911, lauv-roald, SmartX, 3.074
1622106340.411, lauv-roald, SmartX, 3.074
1622106340.911, lauv-roald, SmartX, 3.074
1622106341.411, lauv-roald, SmartX, 3.074
1622106341.911, lauv-roald, SmartX, 3.073
1622106342.411, lauv-roald, SmartX, 3.073
1622106342.911, lauv-roald, SmartX, 3.073
1622106343.411, lauv-roald, SmartX, 3.073
1622106343.911, lauv-roald, SmartX, 3.073
1622106344.411, lauv-roald, SmartX, 3.073
1622106344.911, lauv-roald, SmartX, 3.073
1622106345.411, lauv-roald, SmartX, 3.073
1622106345.911, lauv-roald, SmartX, 3.073
1622106346.411, lauv-roald, SmartX, 3.073
1622106346.911, lauv-roald, SmartX, 3.073
1622106347.411, lauv-roald, SmartX, 3.074
1622106347.911, lauv-roald, SmartX, 3.074
1622106348.411, lauv-roald, SmartX, 3.074
1622106348.911, lauv-roald, SmartX, 3.074
1622106349.411, lauv-roald, SmartX, 3.074
1622106349.911, lauv-roald, SmartX, 3.074
1622106350.411, lauv-roald, SmartX, 3.074
1622106350.911, lauv-roald, SmartX, 3.074
1622106351.411, lauv-roald, SmartX, 3.074
1622106351.911, lauv-roald, SmartX, 3.074
1622106352.411, lauv-roald, SmartX, 3.074
1622106352.910, lauv-roald, SmartX, 3.075
1622106353.411, lauv-roald, SmartX, 3.075
1622106353.910, lauv-roald, SmartX, 3.074
1622106354.410, lauv-roald, SmartX, 3.074
1622106354.910, lauv-roald, SmartX, 3.074
1622106355.410, lauv-roald, SmartX, 3.074
1622106355.910, lauv-roald, SmartX, 3.074
1622106356.410, lauv-roald, SmartX, 3.074
1622106356.910, lauv-roald, SmartX, 3.075
1622106357.410, lauv-roald, SmartX, 3.075
1622106357.910, lauv-roald, SmartX, 3.075
1622106358.410, lauv-roald, SmartX, 3.075
1622106358.910, lauv-roald, SmartX, 3.075
1622106359.410, lauv-roald, SmartX, 3.075
1622106359.910, lauv-roald, SmartX, 3.075
1622106360.410, lauv-roald, SmartX, 3.076
1622106360.910, lauv-roald, SmartX, 3.075
1622106361.410, lauv-roald, SmartX, 3.075
1622106361.910, lauv-roald, SmartX, 3.075
1622106362.410, lauv-roald, SmartX, 3.076
1622106362.910, lauv-roald, SmartX, 3.075
1622106363.410, lauv-roald, SmartX, 3.075
1622106363.910, lauv-roald, SmartX, 3.075
1622106364.410, lauv-roald, SmartX, 3.076
1622106364.910, lauv-roald, SmartX, 3.076
1622106365.410, lauv-roald, SmartX, 3.076
1622106365.910, lauv-roald, SmartX, 3.076
1622106366.410, lauv-roald, SmartX, 3.076
1622106366.910, lauv-roald, SmartX, 3.076
1622106367.409, lauv-roald, SmartX, 3.076
1622106367.910, lauv-roald, SmartX, 3.074
1622106368.410, lauv-roald, SmartX, 3.075
1622106368.909, lauv-roald, SmartX, 3.075
1622106369.409, lauv-roald, SmartX, 3.075
1622106369.909, lauv-roald, SmartX, 3.075
1622106370.409, lauv-roald, SmartX, 3.075
1622106370.909, lauv-roald, SmartX, 3.075
1622106371.409, lauv-roald, SmartX, 3.075
1622106371.909, lauv-roald, SmartX, 3.076
1622106372.409, lauv-roald, SmartX, 3.076
1622106372.909, lauv-roald, SmartX, 3.076
1622106373.409, lauv-roald, SmartX, 3.076
1622106373.909, lauv-roald, SmartX, 3.076
1622106374.409, lauv-roald, SmartX, 3.076
1622106374.909, lauv-roald, SmartX, 3.076
1622106375.409, lauv-roald, SmartX, 3.076
1622106375.909, lauv-roald, SmartX, 3.076
1622106376.409, lauv-roald, SmartX, 3.076
1622106376.909, lauv-roald, SmartX, 3.076
1622106377.409, lauv-roald, SmartX, 3.076
1622106377.909, lauv-roald, SmartX, 3.076
1622106378.409, lauv-roald, SmartX, 3.076
1622106378.909, lauv-roald, SmartX, 3.076
1622106379.409, lauv-roald, SmartX, 3.076
1622106379.909, lauv-roald, SmartX, 3.076
1622106380.409, lauv-roald, SmartX, 3.076
1622106380.909, lauv-roald, SmartX, 3.076
1622106381.409, lauv-roald, SmartX, 3.076
1622106381.909, lauv-roald, SmartX, 3.076
1622106382.409, lauv-roald, SmartX, 3.076
1622106382.909, lauv-roald, SmartX, 3.076
1622106383.409, lauv-roald, SmartX, 3.076
1622106383.908, lauv-roald, SmartX, 3.076
1622106384.408, lauv-roald, SmartX, 3.077
1622106384.908, lauv-roald, SmartX, 3.076
1622106385.408, lauv-roald, SmartX, 3.076
1622106385.908, lauv-roald, SmartX, 3.076
1622106386.408, lauv-roald, SmartX, 3.076
1622106386.908, lauv-roald, SmartX, 3.076
1622106387.408, lauv-roald, SmartX, 3.077
1622106387.908, lauv-roald, SmartX, 3.076
1622106388.408, lauv-roald, SmartX, 3.076
1622106388.908, lauv-roald, SmartX, 3.076
1622106389.408, lauv-roald, SmartX, 3.077
1622106389.908, lauv-roald, SmartX, 3.077
1622106390.408, lauv-roald, SmartX, 3.077
1622106390.908, lauv-roald, SmartX, 3.076
1622106391.408, lauv-roald, SmartX, 3.077
1622106391.908, lauv-roald, SmartX, 3.076
1622106392.408, lauv-roald, SmartX, 3.077
1622106392.908, lauv-roald, SmartX, 3.077
1622106393.408, lauv-roald, SmartX, 3.077
1622106393.908, lauv-roald, SmartX, 3.076
1622106394.408, lauv-roald, SmartX, 3.077
1622106394.908, lauv-roald, SmartX, 3.077
1622106395.408, lauv-roald, SmartX, 3.077
1622106395.908, lauv-roald, SmartX, 3.076
1622106396.407, lauv-roald, SmartX, 3.077
1622106396.908, lauv-roald, SmartX, 3.077
1622106397.408, lauv-roald, SmartX, 3.077
1622106397.908, lauv-roald, SmartX, 3.077
1622106398.408, lauv-roald, SmartX, 3.077
1622106398.907, lauv-roald, SmartX, 3.077
1622106399.407, lauv-roald, SmartX, 3.077
1622106399.907, lauv-roald, SmartX, 3.077
1622106400.407, lauv-roald, SmartX, 3.077
1622106400.907, lauv-roald, SmartX, 3.077
1622106401.407, lauv-roald, SmartX, 3.077
1622106401.907, lauv-roald, SmartX, 3.077
1622106402.407, lauv-roald, SmartX, 3.077
1622106402.907, lauv-roald, SmartX, 3.077
1622106403.407, lauv-roald, SmartX, 3.077
1622106403.907, lauv-roald, SmartX, 3.077
1622106404.407, lauv-roald, SmartX, 3.077
1622106404.907, lauv-roald, SmartX, 3.077
1622106405.407, lauv-roald, SmartX, 3.077
1622106405.907, lauv-roald, SmartX, 3.077
1622106406.407, lauv-roald, SmartX, 3.077
1622106406.907, lauv-roald, SmartX, 3.077
1622106407.407, lauv-roald, SmartX, 3.077
1622106407.907, lauv-roald, SmartX, 3.077
1622106408.407, lauv-roald, SmartX, 3.077
1622106408.907, lauv-roald, SmartX, 3.077
1622106409.407, lauv-roald, SmartX, 3.077
1622106409.907, lauv-roald, SmartX, 3.077
1622106410.407, lauv-roald, SmartX, 3.077
1622106410.907, lauv-roald, SmartX, 3.077
1622106411.407, lauv-roald, SmartX, 3.077
1622106411.907, lauv-roald, SmartX, 3.077
1622106412.406, lauv-roald, SmartX, 3.077
1622106412.906, lauv-roald, SmartX, 3.077
1622106413.406, lauv-roald, SmartX, 3.077
1622106413.906, lauv-roald, SmartX, 3.077
1622106414.406, lauv-roald, SmartX, 3.077
1622106414.906, lauv-roald, SmartX, 3.077
1622106415.406, lauv-roald, SmartX, 3.077
1622106415.906, lauv-roald, SmartX, 3.077
1622106416.406, lauv-roald, SmartX, 3.077
1622106416.906, lauv-roald, SmartX, 3.076
1622106417.406, lauv-roald, SmartX, 3.077
1622106417.906, lauv-roald, SmartX, 3.077
1622106418.406, lauv-roald, SmartX, 3.077
1622106418.906, lauv-roald, SmartX, 3.076
1622106419.406, lauv-roald, SmartX, 3.076
1622106419.906, lauv-roald, SmartX, 3.077
1622106420.406, lauv-roald, SmartX, 3.077
1622106420.906, lauv-roald, SmartX, 3.077
1622106421.406, lauv-roald, SmartX, 3.077
1622106421.906, lauv-roald, SmartX, 3.076
1622106422.406, lauv-roald, SmartX, 3.077
1622106422.906, lauv-roald, SmartX, 3.077
1622106423.406, lauv-roald, SmartX, 3.077
1622106423.906, lauv-roald, SmartX, 3.077
1622106424.406, lauv-roald, SmartX, 3.077
1622106424.906, lauv-roald, SmartX, 3.077
1622106425.406, lauv-roald, SmartX, 3.077
1622106425.905, lauv-roald, SmartX, 3.077
1622106426.406, lauv-roald, SmartX, 3.077
1622106426.905, lauv-roald, SmartX, 3.077
1622106427.406, lauv-roald, SmartX, 3.077
1622106427.905, lauv-roald, SmartX, 3.077
1622106428.405, lauv-roald, SmartX, 3.077
1622106428.905, lauv-roald, SmartX, 3.077
1622106429.405, lauv-roald, SmartX, 3.077
1622106429.905, lauv-roald, SmartX, 3.077
1622106430.405, lauv-roald, SmartX, 3.077
1622106430.905, lauv-roald, SmartX, 3.077
1622106431.405, lauv-roald, SmartX, 3.078
1622106431.905, lauv-roald, SmartX, 3.077
1622106432.405, lauv-roald, SmartX, 3.078
1622106432.905, lauv-roald, SmartX, 3.078
1622106433.405, lauv-roald, SmartX, 3.078
1622106433.905, lauv-roald, SmartX, 3.078
1622106434.405, lauv-roald, SmartX, 3.078
1622106434.905, lauv-roald, SmartX, 3.078
1622106435.405, lauv-roald, SmartX, 3.078
1622106435.905, lauv-roald, SmartX, 3.077
1622106436.405, lauv-roald, SmartX, 3.078
1622106436.905, lauv-roald, SmartX, 3.075
1622106437.405, lauv-roald, SmartX, 3.074
1622106437.905, lauv-roald, SmartX, 3.072
1622106438.405, lauv-roald, SmartX, 3.072
1622106438.905, lauv-roald, SmartX, 3.073
1622106439.405, lauv-roald, SmartX, 3.073
1622106439.905, lauv-roald, SmartX, 3.072
1622106440.404, lauv-roald, SmartX, 3.072
1622106440.905, lauv-roald, SmartX, 3.073
1622106441.404, lauv-roald, SmartX, 3.075
1622106441.904, lauv-roald, SmartX, 3.075
1622106442.404, lauv-roald, SmartX, 3.076
1622106442.904, lauv-roald, SmartX, 3.076
1622106443.404, lauv-roald, SmartX, 3.077
1622106443.904, lauv-roald, SmartX, 3.076
1622106444.404, lauv-roald, SmartX, 3.077
1622106444.904, lauv-roald, SmartX, 3.077
1622106445.404, lauv-roald, SmartX, 3.077
1622106445.904, lauv-roald, SmartX, 3.077
1622106446.404, lauv-roald, SmartX, 3.078
1622106446.904, lauv-roald, SmartX, 3.077
1622106447.404, lauv-roald, SmartX, 3.077
1622106447.904, lauv-roald, SmartX, 3.077
1622106448.404, lauv-roald, SmartX, 3.077
1622106448.904, lauv-roald, SmartX, 3.077
1622106449.404, lauv-roald, SmartX, 3.077
1622106449.904, lauv-roald, SmartX, 3.077
1622106450.404, lauv-roald, SmartX, 3.077
1622106450.904, lauv-roald, SmartX, 3.077
1622106451.404, lauv-roald, SmartX, 3.078
1622106451.904, lauv-roald, SmartX, 3.077
1622106452.404, lauv-roald, SmartX, 3.078
1622106452.904, lauv-roald, SmartX, 3.077
1622106453.404, lauv-roald, SmartX, 3.078
1622106453.904, lauv-roald, SmartX, 3.077
1622106454.404, lauv-roald, SmartX, 3.077
1622106454.904, lauv-roald, SmartX, 3.077
1622106455.404, lauv-roald, SmartX, 3.078
1622106455.904, lauv-roald, SmartX, 3.077
1622106456.404, lauv-roald, SmartX, 3.078
1622106456.904, lauv-roald, SmartX, 3.077
1622106457.403, lauv-roald, SmartX, 3.078
1622106457.904, lauv-roald, SmartX, 3.077
1622106458.403, lauv-roald, SmartX, 3.077
1622106458.903, lauv-roald, SmartX, 3.077
1622106459.403, lauv-roald, SmartX, 3.077
1622106459.903, lauv-roald, SmartX, 3.077
1622106460.403, lauv-roald, SmartX, 3.078
1622106460.903, lauv-roald, SmartX, 3.077
1622106461.403, lauv-roald, SmartX, 3.077
1622106461.903, lauv-roald, SmartX, 3.077
1622106462.403, lauv-roald, SmartX, 3.077
1622106462.903, lauv-roald, SmartX, 3.077
1622106463.403, lauv-roald, SmartX, 3.077
1622106463.903, lauv-roald, SmartX, 3.077
1622106464.403, lauv-roald, SmartX, 3.078
1622106464.903, lauv-roald, SmartX, 3.077
1622106465.403, lauv-roald, SmartX, 3.077
1622106465.903, lauv-roald, SmartX, 3.077
1622106466.403, lauv-roald, SmartX, 3.077
1622106466.903, lauv-roald, SmartX, 3.077
1622106467.403, lauv-roald, SmartX, 3.077
1622106467.903, lauv-roald, SmartX, 3.077
1622106468.403, lauv-roald, SmartX, 3.077
1622106468.903, lauv-roald, SmartX, 3.077
1622106469.403, lauv-roald, SmartX, 3.077
1622106469.903, lauv-roald, SmartX, 3.077
1622106470.403, lauv-roald, SmartX, 3.077
1622106470.902, lauv-roald, SmartX, 3.077
1622106471.403, lauv-roald, SmartX, 3.077
1622106471.903, lauv-roald, SmartX, 3.077
1622106472.403, lauv-roald, SmartX, 3.077
1622106472.902, lauv-roald, SmartX, 3.077
1622106473.402, lauv-roald, SmartX, 3.077
1622106473.902, lauv-roald, SmartX, 3.077
1622106474.402, lauv-roald, SmartX, 3.077
1622106474.902, lauv-roald, SmartX, 3.077
1622106475.402, lauv-roald, SmartX, 3.077
1622106475.903, lauv-roald, SmartX, 3.077
1622106476.402, lauv-roald, SmartX, 3.077
1622106476.904, lauv-roald, SmartX, 3.077
1622106477.402, lauv-roald, SmartX, 3.077
1622106477.902, lauv-roald, SmartX, 3.077
1622106478.402, lauv-roald, SmartX, 3.077
1622106478.902, lauv-roald, SmartX, 3.077
1622106479.402, lauv-roald, SmartX, 3.077
1622106479.902, lauv-roald, SmartX, 3.077
1622106480.402, lauv-roald, SmartX, 3.078
1622106480.903, lauv-roald, SmartX, 3.077
1622106481.402, lauv-roald, SmartX, 3.077
1622106481.902, lauv-roald, SmartX, 3.077
1622106482.402, lauv-roald, SmartX, 3.077
1622107520.832, lauv-roald, SmartX, 3.073
1622107521.332, lauv-roald, SmartX, 3.072
1622107521.832, lauv-roald, SmartX, 3.073
1622107522.332, lauv-roald, SmartX, 3.073
1622107522.832, lauv-roald, SmartX, 3.072
1622107523.332, lauv-roald, SmartX, 3.073
1622107523.831, lauv-roald, SmartX, 3.073
1622107524.331, lauv-roald, SmartX, 3.073
1622107524.831, lauv-roald, SmartX, 3.073
1622107525.331, lauv-roald, SmartX, 3.073
1622107525.831, lauv-roald, SmartX, 3.073
1622107526.331, lauv-roald, SmartX, 3.072
1622107526.831, lauv-roald, SmartX, 3.072
1622107527.331, lauv-roald, SmartX, 3.073
1622107527.831, lauv-roald, SmartX, 3.073
1622107528.331, lauv-roald, SmartX, 3.072
1622107528.831, lauv-roald, SmartX, 3.072
1622107529.331, lauv-roald, SmartX, 3.073
1622107529.831, lauv-roald, SmartX, 3.075
1622107530.331, lauv-roald, SmartX, 3.075
1622107530.831, lauv-roald, SmartX, 3.076
1622107531.331, lauv-roald, SmartX, 3.076
1622107531.831, lauv-roald, SmartX, 3.076
1622107532.331, lauv-roald, SmartX, 3.077
1622107532.831, lauv-roald, SmartX, 3.077
1622107533.331, lauv-roald, SmartX, 3.077
1622107533.831, lauv-roald, SmartX, 3.076
1622107534.331, lauv-roald, SmartX, 3.077
1622107534.831, lauv-roald, SmartX, 3.078
1622107535.331, lauv-roald, SmartX, 3.077
1622107535.831, lauv-roald, SmartX, 3.075
1622107536.331, lauv-roald, SmartX, 3.075
1622107536.831, lauv-roald, SmartX, 3.073
1622107537.331, lauv-roald, SmartX, 3.074
1622107537.830, lauv-roald, SmartX, 3.075
1622107538.331, lauv-roald, SmartX, 3.078
1622107538.831, lauv-roald, SmartX, 3.078
1622107539.332, lauv-roald, SmartX, 3.078
1622107539.830, lauv-roald, SmartX, 3.074
1622107540.330, lauv-roald, SmartX, 3.076
1622107540.830, lauv-roald, SmartX, 3.074
1622107541.330, lauv-roald, SmartX, 3.074
1622107541.830, lauv-roald, SmartX, 3.074
1622107542.330, lauv-roald, SmartX, 3.076
1622107542.830, lauv-roald, SmartX, 3.079
1622107543.330, lauv-roald, SmartX, 3.080
1622107543.830, lauv-roald, SmartX, 3.080
1622107544.331, lauv-roald, SmartX, 3.082
1622107544.830, lauv-roald, SmartX, 3.082
1622107545.330, lauv-roald, SmartX, 3.080
1622107545.830, lauv-roald, SmartX, 3.080
1622107546.330, lauv-roald, SmartX, 3.081
1622107546.830, lauv-roald, SmartX, 3.081
1622107547.330, lauv-roald, SmartX, 3.081
1622107547.830, lauv-roald, SmartX, 3.080
1622107548.330, lauv-roald, SmartX, 3.081
1622107548.830, lauv-roald, SmartX, 3.082
1622107549.330, lauv-roald, SmartX, 3.082
1622107549.830, lauv-roald, SmartX, 3.080
1622107550.330, lauv-roald, SmartX, 3.079
1622107550.830, lauv-roald, SmartX, 3.077
1622107551.330, lauv-roald, SmartX, 3.077
1622107551.830, lauv-roald, SmartX, 3.075
1622107552.330, lauv-roald, SmartX, 3.076
1622107552.830, lauv-roald, SmartX, 3.076
1622107553.329, lauv-roald, SmartX, 3.075
1622107553.829, lauv-roald, SmartX, 3.073
1622107554.329, lauv-roald, SmartX, 3.070
1622107554.829, lauv-roald, SmartX, 3.070
1622107555.329, lauv-roald, SmartX, 3.070
1622107555.829, lauv-roald, SmartX, 3.071
1622107556.329, lauv-roald, SmartX, 3.071
1622107556.829, lauv-roald, SmartX, 3.070
1622107557.329, lauv-roald, SmartX, 3.070
1622107557.829, lauv-roald, SmartX, 3.070
1622107558.329, lauv-roald, SmartX, 3.070
1622107558.829, lauv-roald, SmartX, 3.070
1622107559.329, lauv-roald, SmartX, 3.070
1622107559.829, lauv-roald, SmartX, 3.070
1622107560.329, lauv-roald, SmartX, 3.070
1622107560.829, lauv-roald, SmartX, 3.070
1622107561.329, lauv-roald, SmartX, 3.070
1622107561.829, lauv-roald, SmartX, 3.071
1622107562.329, lauv-roald, SmartX, 3.071
1622107562.829, lauv-roald, SmartX, 3.071
1622107563.329, lauv-roald, SmartX, 3.072
1622107563.829, lauv-roald, SmartX, 3.072
1622107564.329, lauv-roald, SmartX, 3.072
1622107564.829, lauv-roald, SmartX, 3.072
1622107565.328, lauv-roald, SmartX, 3.072
1622107565.829, lauv-roald, SmartX, 3.072
1622107566.328, lauv-roald, SmartX, 3.071
1622107566.829, lauv-roald, SmartX, 3.072
1622107567.329, lauv-roald, SmartX, 3.072
1622107567.828, lauv-roald, SmartX, 3.072
1622107568.328, lauv-roald, SmartX, 3.072
1622107568.828, lauv-roald, SmartX, 3.073
1622107569.328, lauv-roald, SmartX, 3.073
1622107569.828, lauv-roald, SmartX, 3.072
1622107570.328, lauv-roald, SmartX, 3.072
1622107570.828, lauv-roald, SmartX, 3.071
1622107571.328, lauv-roald, SmartX, 3.072
1622107571.828, lauv-roald, SmartX, 3.072
1622107572.328, lauv-roald, SmartX, 3.073
1622107572.828, lauv-roald, SmartX, 3.073
1622107573.328, lauv-roald, SmartX, 3.073
1622107573.828, lauv-roald, SmartX, 3.073
1622107574.328, lauv-roald, SmartX, 3.073
1622107574.828, lauv-roald, SmartX, 3.073
1622107575.328, lauv-roald, SmartX, 3.073
1622107575.828, lauv-roald, SmartX, 3.073
1622107576.328, lauv-roald, SmartX, 3.073
1622107576.828, lauv-roald, SmartX, 3.073
1622107577.328, lauv-roald, SmartX, 3.073
1622107577.828, lauv-roald, SmartX, 3.073
1622107578.328, lauv-roald, SmartX, 3.073
1622107578.828, lauv-roald, SmartX, 3.073
1622107579.328, lauv-roald, SmartX, 3.073
1622107579.828, lauv-roald, SmartX, 3.072
1622107580.328, lauv-roald, SmartX, 3.073
1622107580.828, lauv-roald, SmartX, 3.073
1622107581.327, lauv-roald, SmartX, 3.073
1622107581.828, lauv-roald, SmartX, 3.073
1622107582.328, lauv-roald, SmartX, 3.073
1622107582.827, lauv-roald, SmartX, 3.073
1622107583.327, lauv-roald, SmartX, 3.073
1622107583.827, lauv-roald, SmartX, 3.073
1622107584.327, lauv-roald, SmartX, 3.073
1622107584.827, lauv-roald, SmartX, 3.073
1622107585.327, lauv-roald, SmartX, 3.073
1622107585.827, lauv-roald, SmartX, 3.073
1622107586.327, lauv-roald, SmartX, 3.073
1622107586.827, lauv-roald, SmartX, 3.073
1622107587.327, lauv-roald, SmartX, 3.073
1622107587.827, lauv-roald, SmartX, 3.074
1622107588.327, lauv-roald, SmartX, 3.074
1622107588.827, lauv-roald, SmartX, 3.074
1622107589.327, lauv-roald, SmartX, 3.074
1622107589.827, lauv-roald, SmartX, 3.074
1622107590.327, lauv-roald, SmartX, 3.074
1622107590.827, lauv-roald, SmartX, 3.074
1622107591.327, lauv-roald, SmartX, 3.074
1622107591.827, lauv-roald, SmartX, 3.074
1622107592.327, lauv-roald, SmartX, 3.074
1622107592.827, lauv-roald, SmartX, 3.074
1622107593.327, lauv-roald, SmartX, 3.074
1622107593.827, lauv-roald, SmartX, 3.074
1622107594.327, lauv-roald, SmartX, 3.075
1622107594.827, lauv-roald, SmartX, 3.075
1622107595.327, lauv-roald, SmartX, 3.075
1622107595.827, lauv-roald, SmartX, 3.075
1622107596.326, lauv-roald, SmartX, 3.076
1622107596.827, lauv-roald, SmartX, 3.076
1622107597.326, lauv-roald, SmartX, 3.076
1622107597.826, lauv-roald, SmartX, 3.077
1622107598.326, lauv-roald, SmartX, 3.077
1622107598.826, lauv-roald, SmartX, 3.077
1622107599.326, lauv-roald, SmartX, 3.077
1622107599.826, lauv-roald, SmartX, 3.077
1622107600.326, lauv-roald, SmartX, 3.077
1622107600.826, lauv-roald, SmartX, 3.078
1622107601.326, lauv-roald, SmartX, 3.078
1622107601.826, lauv-roald, SmartX, 3.078
1622107602.326, lauv-roald, SmartX, 3.077
1622107602.826, lauv-roald, SmartX, 3.077
1622107603.326, lauv-roald, SmartX, 3.077
1622107603.826, lauv-roald, SmartX, 3.077
1622107604.326, lauv-roald, SmartX, 3.078
1622107604.826, lauv-roald, SmartX, 3.079
1622107605.326, lauv-roald, SmartX, 3.079
1622107605.826, lauv-roald, SmartX, 3.079
1622107606.326, lauv-roald, SmartX, 3.079
1622107606.826, lauv-roald, SmartX, 3.079
1622107607.326, lauv-roald, SmartX, 3.078
1622107607.826, lauv-roald, SmartX, 3.078
1622107608.326, lauv-roald, SmartX, 3.078
1622107608.826, lauv-roald, SmartX, 3.078
1622107609.326, lauv-roald, SmartX, 3.078
1622107609.826, lauv-roald, SmartX, 3.078
1622107610.325, lauv-roald, SmartX, 3.078
1622107610.825, lauv-roald, SmartX, 3.078
1622107611.326, lauv-roald, SmartX, 3.078
1622107611.826, lauv-roald, SmartX, 3.079
1622107612.325, lauv-roald, SmartX, 3.080
1622107612.825, lauv-roald, SmartX, 3.080
1622107613.325, lauv-roald, SmartX, 3.080
1622107613.825, lauv-roald, SmartX, 3.081
1622107614.325, lauv-roald, SmartX, 3.082
1622107614.825, lauv-roald, SmartX, 3.083
1622107615.325, lauv-roald, SmartX, 3.084
1622107615.825, lauv-roald, SmartX, 3.084
1622107616.325, lauv-roald, SmartX, 3.084
1622107616.825, lauv-roald, SmartX, 3.083
1622107617.325, lauv-roald, SmartX, 3.082
1622107617.825, lauv-roald, SmartX, 3.082
1622107618.325, lauv-roald, SmartX, 3.081
1622107618.825, lauv-roald, SmartX, 3.080
1622107619.325, lauv-roald, SmartX, 3.079
1622107619.825, lauv-roald, SmartX, 3.079
1622107620.325, lauv-roald, SmartX, 3.079
1622107620.825, lauv-roald, SmartX, 3.080
1622107621.325, lauv-roald, SmartX, 3.081
1622107621.825, lauv-roald, SmartX, 3.082
1622107622.325, lauv-roald, SmartX, 3.081
1622107622.825, lauv-roald, SmartX, 3.079
1622107623.325, lauv-roald, SmartX, 3.079
1622107623.825, lauv-roald, SmartX, 3.078
1622107624.325, lauv-roald, SmartX, 3.077
1622107624.825, lauv-roald, SmartX, 3.077
1622107625.325, lauv-roald, SmartX, 3.077
1622107625.824, lauv-roald, SmartX, 3.079
1622107626.324, lauv-roald, SmartX, 3.080
1622107626.824, lauv-roald, SmartX, 3.080
1622107627.324, lauv-roald, SmartX, 3.079
1622107627.824, lauv-roald, SmartX, 3.079
1622107628.324, lauv-roald, SmartX, 3.078
1622107628.824, lauv-roald, SmartX, 3.078
1622107629.324, lauv-roald, SmartX, 3.077
1622107629.824, lauv-roald, SmartX, 3.077
1622107630.324, lauv-roald, SmartX, 3.077
1622107630.824, lauv-roald, SmartX, 3.077
1622107631.324, lauv-roald, SmartX, 3.078
1622107631.824, lauv-roald, SmartX, 3.078
1622107632.324, lauv-roald, SmartX, 3.081
1622107632.824, lauv-roald, SmartX, 3.081
1622107633.324, lauv-roald, SmartX, 3.079
1622107633.824, lauv-roald, SmartX, 3.078
1622107634.324, lauv-roald, SmartX, 3.078
1622107634.824, lauv-roald, SmartX, 3.077
1622107635.324, lauv-roald, SmartX, 3.078
1622107635.824, lauv-roald, SmartX, 3.077
1622107636.324, lauv-roald, SmartX, 3.077
1622107636.824, lauv-roald, SmartX, 3.078
1622107637.324, lauv-roald, SmartX, 3.078
1622107637.824, lauv-roald, SmartX, 3.077
1622107638.324, lauv-roald, SmartX, 3.077
1622107638.824, lauv-roald, SmartX, 3.078
1622107639.324, lauv-roald, SmartX, 3.078
1622107639.824, lauv-roald, SmartX, 3.078
1622107640.324, lauv-roald, SmartX, 3.078
1622107640.823, lauv-roald, SmartX, 3.078
1622107641.323, lauv-roald, SmartX, 3.078
1622107641.823, lauv-roald, SmartX, 3.078
1622107642.323, lauv-roald, SmartX, 3.078
1622107642.823, lauv-roald, SmartX, 3.079
1622107643.323, lauv-roald, SmartX, 3.079
1622107643.823, lauv-roald, SmartX, 3.079
1622107644.323, lauv-roald, SmartX, 3.080
1622107644.823, lauv-roald, SmartX, 3.079
1622107645.323, lauv-roald, SmartX, 3.078
1622107645.823, lauv-roald, SmartX, 3.078
1622107646.323, lauv-roald, SmartX, 3.078
1622107646.823, lauv-roald, SmartX, 3.078
1622107647.323, lauv-roald, SmartX, 3.078
1622107647.823, lauv-roald, SmartX, 3.077
1622107648.323, lauv-roald, SmartX, 3.077
1622107648.823, lauv-roald, SmartX, 3.078
1622107649.323, lauv-roald, SmartX, 3.079
1622107649.823, lauv-roald, SmartX, 3.078
1622107650.323, lauv-roald, SmartX, 3.078
1622107650.823, lauv-roald, SmartX, 3.078
1622107651.323, lauv-roald, SmartX, 3.079
1622107651.823, lauv-roald, SmartX, 3.078
1622107652.323, lauv-roald, SmartX, 3.078
1622107652.823, lauv-roald, SmartX, 3.078
1622107653.323, lauv-roald, SmartX, 3.078
1622107653.823, lauv-roald, SmartX, 3.078
1622107654.323, lauv-roald, SmartX, 3.078
1622107654.822, lauv-roald, SmartX, 3.079
1622107655.323, lauv-roald, SmartX, 3.079
1622107655.822, lauv-roald, SmartX, 3.080
1622107656.322, lauv-roald, SmartX, 3.079
1622107656.822, lauv-roald, SmartX, 3.079
1622107657.324, lauv-roald, SmartX, 3.080
1622107657.822, lauv-roald, SmartX, 3.080
1622107658.322, lauv-roald, SmartX, 3.080
1622107658.822, lauv-roald, SmartX, 3.080
1622107659.322, lauv-roald, SmartX, 3.080
1622107659.822, lauv-roald, SmartX, 3.080
1622107660.322, lauv-roald, SmartX, 3.080
1622107660.822, lauv-roald, SmartX, 3.081
1622107661.322, lauv-roald, SmartX, 3.080
1622107661.822, lauv-roald, SmartX, 3.080
1622107662.322, lauv-roald, SmartX, 3.080
1622107662.822, lauv-roald, SmartX, 3.080
1622107663.322, lauv-roald, SmartX, 3.080
1622107663.822, lauv-roald, SmartX, 3.080
1622107664.322, lauv-roald, SmartX, 3.081
1622107664.822, lauv-roald, SmartX, 3.081
1622107665.322, lauv-roald, SmartX, 3.080
1622107665.822, lauv-roald, SmartX, 3.081
1622107666.322, lauv-roald, SmartX, 3.081
1622107666.822, lauv-roald, SmartX, 3.081
1622107667.322, lauv-roald, SmartX, 3.081
1622107667.822, lauv-roald, SmartX, 3.082
1622107668.322, lauv-roald, SmartX, 3.082
1622107668.822, lauv-roald, SmartX, 3.082
1622107669.322, lauv-roald, SmartX, 3.083
1622107669.822, lauv-roald, SmartX, 3.082
1622107670.322, lauv-roald, SmartX, 3.082
1622107670.822, lauv-roald, SmartX, 3.082
1622107671.321, lauv-roald, SmartX, 3.082
1622107671.821, lauv-roald, SmartX, 3.083
1622107672.321, lauv-roald, SmartX, 3.083
1622107672.821, lauv-roald, SmartX, 3.083
1622107673.321, lauv-roald, SmartX, 3.084
1622107673.821, lauv-roald, SmartX, 3.084
1622107674.321, lauv-roald, SmartX, 3.084
1622107674.821, lauv-roald, SmartX, 3.085
1622107675.321, lauv-roald, SmartX, 3.084
1622107675.821, lauv-roald, SmartX, 3.084
1622107676.321, lauv-roald, SmartX, 3.083
1622107676.821, lauv-roald, SmartX, 3.083
1622107677.321, lauv-roald, SmartX, 3.084
1622107677.821, lauv-roald, SmartX, 3.085
1622107678.321, lauv-roald, SmartX, 3.085
1622107678.821, lauv-roald, SmartX, 3.086
1622107679.321, lauv-roald, SmartX, 3.085
1622107679.821, lauv-roald, SmartX, 3.084
1622107680.321, lauv-roald, SmartX, 3.084
1622107680.821, lauv-roald, SmartX, 3.085
1622107681.321, lauv-roald, SmartX, 3.086
1622107681.821, lauv-roald, SmartX, 3.087
1622107682.321, lauv-roald, SmartX, 3.088
1622107682.821, lauv-roald, SmartX, 3.086
1622107683.321, lauv-roald, SmartX, 3.084
1622107683.821, lauv-roald, SmartX, 3.082
1622107684.320, lauv-roald, SmartX, 3.081
1622107684.820, lauv-roald, SmartX, 3.080
1622107685.320, lauv-roald, SmartX, 3.081
1622107685.820, lauv-roald, SmartX, 3.081
1622107686.320, lauv-roald, SmartX, 3.081
1622107686.820, lauv-roald, SmartX, 3.081
1622107687.320, lauv-roald, SmartX, 3.079
1622107687.820, lauv-roald, SmartX, 3.079
1622107688.320, lauv-roald, SmartX, 3.079
1622107688.820, lauv-roald, SmartX, 3.079
1622107689.320, lauv-roald, SmartX, 3.081
1622107689.820, lauv-roald, SmartX, 3.081
1622107690.320, lauv-roald, SmartX, 3.082
1622107690.820, lauv-roald, SmartX, 3.082
1622107691.320, lauv-roald, SmartX, 3.082
1622107691.820, lauv-roald, SmartX, 3.083
1622107692.320, lauv-roald, SmartX, 3.084
1622107692.820, lauv-roald, SmartX, 3.084
1622107693.320, lauv-roald, SmartX, 3.083
1622107693.820, lauv-roald, SmartX, 3.082
1622107694.320, lauv-roald, SmartX, 3.082
1622107694.820, lauv-roald, SmartX, 3.081
1622107695.320, lauv-roald, SmartX, 3.082
1622107695.820, lauv-roald, SmartX, 3.082
1622107696.320, lauv-roald, SmartX, 3.083
1622107696.820, lauv-roald, SmartX, 3.084
1622107697.320, lauv-roald, SmartX, 3.084
1622107697.820, lauv-roald, SmartX, 3.084
1622107698.319, lauv-roald, SmartX, 3.084
1622107698.820, lauv-roald, SmartX, 3.084
1622107699.320, lauv-roald, SmartX, 3.084
1622107699.820, lauv-roald, SmartX, 3.085
1622107700.320, lauv-roald, SmartX, 3.085
1622107700.819, lauv-roald, SmartX, 3.086
1622107701.319, lauv-roald, SmartX, 3.086
1622107701.819, lauv-roald, SmartX, 3.085
1622107702.319, lauv-roald, SmartX, 3.085
1622107702.819, lauv-roald, SmartX, 3.085
1622107703.319, lauv-roald, SmartX, 3.084
1622107703.819, lauv-roald, SmartX, 3.085
1622107704.319, lauv-roald, SmartX, 3.085
1622107704.819, lauv-roald, SmartX, 3.085
1622107705.319, lauv-roald, SmartX, 3.085
1622107705.819, lauv-roald, SmartX, 3.085
1622107706.319, lauv-roald, SmartX, 3.084
1622107706.819, lauv-roald, SmartX, 3.085
1622107707.319, lauv-roald, SmartX, 3.085
1622107707.819, lauv-roald, SmartX, 3.085
1622107708.319, lauv-roald, SmartX, 3.085
1622107708.819, lauv-roald, SmartX, 3.085
1622107709.319, lauv-roald, SmartX, 3.084
1622107709.819, lauv-roald, SmartX, 3.085
1622107710.319, lauv-roald, SmartX, 3.085
1622107710.819, lauv-roald, SmartX, 3.086
1622107711.319, lauv-roald, SmartX, 3.086
1622107711.819, lauv-roald, SmartX, 3.086
1622107712.319, lauv-roald, SmartX, 3.086
1622107712.819, lauv-roald, SmartX, 3.086
1622107713.319, lauv-roald, SmartX, 3.086
1622107713.820, lauv-roald, SmartX, 3.086
1622107714.319, lauv-roald, SmartX, 3.086
1622107714.818, lauv-roald, SmartX, 3.086
1622107715.319, lauv-roald, SmartX, 3.087
1622107715.818, lauv-roald, SmartX, 3.088
1622107716.318, lauv-roald, SmartX, 3.087
1622107716.818, lauv-roald, SmartX, 3.087
1622107717.318, lauv-roald, SmartX, 3.086
1622107717.818, lauv-roald, SmartX, 3.086
1622107718.318, lauv-roald, SmartX, 3.086
1622107718.818, lauv-roald, SmartX, 3.086
1622107719.318, lauv-roald, SmartX, 3.085
1622107719.818, lauv-roald, SmartX, 3.085
1622107720.318, lauv-roald, SmartX, 3.085
1622107720.818, lauv-roald, SmartX, 3.085
1622107721.318, lauv-roald, SmartX, 3.085
1622107721.818, lauv-roald, SmartX, 3.085
1622107722.318, lauv-roald, SmartX, 3.085
1622107722.818, lauv-roald, SmartX, 3.083
1622107723.318, lauv-roald, SmartX, 3.082
1622107723.818, lauv-roald, SmartX, 3.082
1622107724.318, lauv-roald, SmartX, 3.083
1622107724.818, lauv-roald, SmartX, 3.084
1622107725.318, lauv-roald, SmartX, 3.085
1622107725.818, lauv-roald, SmartX, 3.084
1622107726.318, lauv-roald, SmartX, 3.084
1622107726.818, lauv-roald, SmartX, 3.083
1622107727.318, lauv-roald, SmartX, 3.083
1622107727.818, lauv-roald, SmartX, 3.084
1622107728.318, lauv-roald, SmartX, 3.084
1622107728.818, lauv-roald, SmartX, 3.085
1622107729.317, lauv-roald, SmartX, 3.085
1622107729.818, lauv-roald, SmartX, 3.086
1622107730.317, lauv-roald, SmartX, 3.086
1622107730.817, lauv-roald, SmartX, 3.086
1622107731.317, lauv-roald, SmartX, 3.086
1622107731.817, lauv-roald, SmartX, 3.087
1622107732.317, lauv-roald, SmartX, 3.087
1622107732.817, lauv-roald, SmartX, 3.087
1622107733.317, lauv-roald, SmartX, 3.088
1622107733.817, lauv-roald, SmartX, 3.089
1622107734.317, lauv-roald, SmartX, 3.090
1622107734.817, lauv-roald, SmartX, 3.092
1622107735.317, lauv-roald, SmartX, 3.093
1622107735.817, lauv-roald, SmartX, 3.093
1622107736.317, lauv-roald, SmartX, 3.094
1622107736.817, lauv-roald, SmartX, 3.093
1622107737.317, lauv-roald, SmartX, 3.092
1622107737.817, lauv-roald, SmartX, 3.092
1622107738.317, lauv-roald, SmartX, 3.093
1622107738.817, lauv-roald, SmartX, 3.092
1622107739.317, lauv-roald, SmartX, 3.091
1622107739.817, lauv-roald, SmartX, 3.092
1622107740.317, lauv-roald, SmartX, 3.092
1622107740.817, lauv-roald, SmartX, 3.092
1622107741.317, lauv-roald, SmartX, 3.093
1622107741.817, lauv-roald, SmartX, 3.093
1622107742.317, lauv-roald, SmartX, 3.093
1622107742.817, lauv-roald, SmartX, 3.093
1622107743.316, lauv-roald, SmartX, 3.093
1622107743.817, lauv-roald, SmartX, 3.094
1622107744.317, lauv-roald, SmartX, 3.094
1622107744.816, lauv-roald, SmartX, 3.094
1622107745.317, lauv-roald, SmartX, 3.094
1622107745.816, lauv-roald, SmartX, 3.095
1622107746.316, lauv-roald, SmartX, 3.095
1622107746.816, lauv-roald, SmartX, 3.095
1622107747.316, lauv-roald, SmartX, 3.096
1622107747.816, lauv-roald, SmartX, 3.095
1622107748.316, lauv-roald, SmartX, 3.095
1622107748.816, lauv-roald, SmartX, 3.095
1622107749.316, lauv-roald, SmartX, 3.094
1622107749.816, lauv-roald, SmartX, 3.094
1622107750.316, lauv-roald, SmartX, 3.093
1622107750.816, lauv-roald, SmartX, 3.093
1622107751.316, lauv-roald, SmartX, 3.092
1622107751.816, lauv-roald, SmartX, 3.092
1622107752.316, lauv-roald, SmartX, 3.091
1622107752.816, lauv-roald, SmartX, 3.090
1622107753.316, lauv-roald, SmartX, 3.089
1622107753.816, lauv-roald, SmartX, 3.089
1622107754.316, lauv-roald, SmartX, 3.088
1622107754.816, lauv-roald, SmartX, 3.088
1622107755.316, lauv-roald, SmartX, 3.088
1622107755.816, lauv-roald, SmartX, 3.087
1622107756.316, lauv-roald, SmartX, 3.087
1622107756.816, lauv-roald, SmartX, 3.087
1622107757.316, lauv-roald, SmartX, 3.087
1622107757.816, lauv-roald, SmartX, 3.087
1622107758.316, lauv-roald, SmartX, 3.087
1622107758.815, lauv-roald, SmartX, 3.087
1622107759.315, lauv-roald, SmartX, 3.086
1622107759.815, lauv-roald, SmartX, 3.086
1622107760.316, lauv-roald, SmartX, 3.086
1622107760.815, lauv-roald, SmartX, 3.086
1622107761.315, lauv-roald, SmartX, 3.087
1622107761.815, lauv-roald, SmartX, 3.087
1622107762.315, lauv-roald, SmartX, 3.087
1622107762.815, lauv-roald, SmartX, 3.087
1622107763.315, lauv-roald, SmartX, 3.087
1622107763.815, lauv-roald, SmartX, 3.087
1622107764.316, lauv-roald, SmartX, 3.086
1622107764.815, lauv-roald, SmartX, 3.086
1622107765.315, lauv-roald, SmartX, 3.087
1622107765.815, lauv-roald, SmartX, 3.087
1622107766.315, lauv-roald, SmartX, 3.087
1622107766.815, lauv-roald, SmartX, 3.087
1622107767.315, lauv-roald, SmartX, 3.087
1622107767.815, lauv-roald, SmartX, 3.087
1622107768.315, lauv-roald, SmartX, 3.087
1622107768.815, lauv-roald, SmartX, 3.087
1622107769.315, lauv-roald, SmartX, 3.087
1622107769.815, lauv-roald, SmartX, 3.087
1622107770.315, lauv-roald, SmartX, 3.087
1622107770.815, lauv-roald, SmartX, 3.087
1622107771.315, lauv-roald, SmartX, 3.087
1622107771.815, lauv-roald, SmartX, 3.086
1622107772.315, lauv-roald, SmartX, 3.086
1622107772.815, lauv-roald, SmartX, 3.086
1622107773.315, lauv-roald, SmartX, 3.086
1622107773.815, lauv-roald, SmartX, 3.086
1622107774.314, lauv-roald, SmartX, 3.086
1622107774.814, lauv-roald, SmartX, 3.086
1622107775.314, lauv-roald, SmartX, 3.086
1622107775.814, lauv-roald, SmartX, 3.086
1622107776.314, lauv-roald, SmartX, 3.086
1622107776.814, lauv-roald, SmartX, 3.086
1622107777.314, lauv-roald, SmartX, 3.086
1622107777.814, lauv-roald, SmartX, 3.086
1622107778.314, lauv-roald, SmartX, 3.086
1622107778.814, lauv-roald, SmartX, 3.086
1622107779.314, lauv-roald, SmartX, 3.086
1622107779.814, lauv-roald, SmartX, 3.086
1622107780.314, lauv-roald, SmartX, 3.086
1622107780.814, lauv-roald, SmartX, 3.086
1622107781.314, lauv-roald, SmartX, 3.086
1622107781.814, lauv-roald, SmartX, 3.086
1622107782.314, lauv-roald, SmartX, 3.086
1622107782.814, lauv-roald, SmartX, 3.086
1622107783.314, lauv-roald, SmartX, 3.086
1622107783.814, lauv-roald, SmartX, 3.086
1622107784.314, lauv-roald, SmartX, 3.086
1622107784.814, lauv-roald, SmartX, 3.086
1622107785.314, lauv-roald, SmartX, 3.086
1622107785.814, lauv-roald, SmartX, 3.086
1622107786.313, lauv-roald, SmartX, 3.086
1622107786.814, lauv-roald, SmartX, 3.086
1622107787.314, lauv-roald, SmartX, 3.086
1622107787.813, lauv-roald, SmartX, 3.086
1622107788.314, lauv-roald, SmartX, 3.086
1622107788.814, lauv-roald, SmartX, 3.086
1622107789.313, lauv-roald, SmartX, 3.086
1622107789.813, lauv-roald, SmartX, 3.087
1622107790.313, lauv-roald, SmartX, 3.087
1622107790.813, lauv-roald, SmartX, 3.087
1622107791.313, lauv-roald, SmartX, 3.087
1622107791.813, lauv-roald, SmartX, 3.087
1622107792.313, lauv-roald, SmartX, 3.087
1622107792.813, lauv-roald, SmartX, 3.087
1622107793.313, lauv-roald, SmartX, 3.087
1622107793.813, lauv-roald, SmartX, 3.087
1622107794.313, lauv-roald, SmartX, 3.087
1622107794.813, lauv-roald, SmartX, 3.087
1622107795.313, lauv-roald, SmartX, 3.087
1622107795.813, lauv-roald, SmartX, 3.087
1622107796.313, lauv-roald, SmartX, 3.086
1622107796.813, lauv-roald, SmartX, 3.086
1622107797.313, lauv-roald, SmartX, 3.086
1622107797.813, lauv-roald, SmartX, 3.086
1622107798.313, lauv-roald, SmartX, 3.087
1622107798.813, lauv-roald, SmartX, 3.086
1622107799.313, lauv-roald, SmartX, 3.086
1622107799.813, lauv-roald, SmartX, 3.086
1622107800.313, lauv-roald, SmartX, 3.086
1622107800.813, lauv-roald, SmartX, 3.086
1622107801.313, lauv-roald, SmartX, 3.086
1622107801.813, lauv-roald, SmartX, 3.086
1622107802.312, lauv-roald, SmartX, 3.086
1622107802.812, lauv-roald, SmartX, 3.086
1622107803.312, lauv-roald, SmartX, 3.086
1622107803.812, lauv-roald, SmartX, 3.086
1622107804.312, lauv-roald, SmartX, 3.086
1622107804.812, lauv-roald, SmartX, 3.086
1622107805.312, lauv-roald, SmartX, 3.086
1622107805.812, lauv-roald, SmartX, 3.086
1622107806.312, lauv-roald, SmartX, 3.086
1622107806.812, lauv-roald, SmartX, 3.086
1622107807.312, lauv-roald, SmartX, 3.086
1622107807.812, lauv-roald, SmartX, 3.086
1622107808.312, lauv-roald, SmartX, 3.086
1622107808.812, lauv-roald, SmartX, 3.086
1622107809.312, lauv-roald, SmartX, 3.085
1622107809.812, lauv-roald, SmartX, 3.085
1622107810.312, lauv-roald, SmartX, 3.085
1622107810.812, lauv-roald, SmartX, 3.085
1622107811.312, lauv-roald, SmartX, 3.085
1622107811.812, lauv-roald, SmartX, 3.085
1622107812.312, lauv-roald, SmartX, 3.085
1622107812.812, lauv-roald, SmartX, 3.085
1622107813.312, lauv-roald, SmartX, 3.085
1622107813.812, lauv-roald, SmartX, 3.085
1622107814.312, lauv-roald, SmartX, 3.085
1622107814.812, lauv-roald, SmartX, 3.084
1622107815.312, lauv-roald, SmartX, 3.085
1622107815.812, lauv-roald, SmartX, 3.085
1622107816.312, lauv-roald, SmartX, 3.084
1622107816.812, lauv-roald, SmartX, 3.084
1622107817.312, lauv-roald, SmartX, 3.085
1622107817.812, lauv-roald, SmartX, 3.084
1622107818.312, lauv-roald, SmartX, 3.084
1622107818.811, lauv-roald, SmartX, 3.084
1622107819.311, lauv-roald, SmartX, 3.084
1622107819.811, lauv-roald, SmartX, 3.084
1622107820.311, lauv-roald, SmartX, 3.084
1622107820.811, lauv-roald, SmartX, 3.084
1622107821.311, lauv-roald, SmartX, 3.084
1622107821.811, lauv-roald, SmartX, 3.084
1622107822.311, lauv-roald, SmartX, 3.084
1622107822.811, lauv-roald, SmartX, 3.084
1622107823.311, lauv-roald, SmartX, 3.084
1622107823.811, lauv-roald, SmartX, 3.085
1622107824.311, lauv-roald, SmartX, 3.085
1622107824.811, lauv-roald, SmartX, 3.085
1622107825.311, lauv-roald, SmartX, 3.085
1622107825.811, lauv-roald, SmartX, 3.085
1622107826.311, lauv-roald, SmartX, 3.085
1622107826.811, lauv-roald, SmartX, 3.085
1622107827.311, lauv-roald, SmartX, 3.084
1622107827.811, lauv-roald, SmartX, 3.085
1622107828.312, lauv-roald, SmartX, 3.085
1622107828.811, lauv-roald, SmartX, 3.085
1622107829.311, lauv-roald, SmartX, 3.085
1622107829.811, lauv-roald, SmartX, 3.085
1622107830.311, lauv-roald, SmartX, 3.085
1622107830.811, lauv-roald, SmartX, 3.085
1622107831.311, lauv-roald, SmartX, 3.085
1622107831.810, lauv-roald, SmartX, 3.085
1622107832.310, lauv-roald, SmartX, 3.085
1622107832.811, lauv-roald, SmartX, 3.085
1622107833.310, lauv-roald, SmartX, 3.085
1622107833.810, lauv-roald, SmartX, 3.085
1622107834.310, lauv-roald, SmartX, 3.085
1622107834.810, lauv-roald, SmartX, 3.086
1622107835.310, lauv-roald, SmartX, 3.086
1622107835.810, lauv-roald, SmartX, 3.086
1622107836.310, lauv-roald, SmartX, 3.086
1622107836.810, lauv-roald, SmartX, 3.086
1622107837.310, lauv-roald, SmartX, 3.086
1622107837.810, lauv-roald, SmartX, 3.086
1622107838.310, lauv-roald, SmartX, 3.086
1622107838.810, lauv-roald, SmartX, 3.086
1622107839.310, lauv-roald, SmartX, 3.086
1622107839.810, lauv-roald, SmartX, 3.086
1622107840.310, lauv-roald, SmartX, 3.085
1622107840.810, lauv-roald, SmartX, 3.085
1622107841.310, lauv-roald, SmartX, 3.084
1622107841.810, lauv-roald, SmartX, 3.084
1622107842.310, lauv-roald, SmartX, 3.083
1622107842.810, lauv-roald, SmartX, 3.083
1622107843.310, lauv-roald, SmartX, 3.083
1622107843.810, lauv-roald, SmartX, 3.083
1622107844.310, lauv-roald, SmartX, 3.083
1622107844.810, lauv-roald, SmartX, 3.082
1622107845.310, lauv-roald, SmartX, 3.082
1622107845.810, lauv-roald, SmartX, 3.081
1622107846.310, lauv-roald, SmartX, 3.081
1622107846.810, lauv-roald, SmartX, 3.081
1622107847.310, lauv-roald, SmartX, 3.082
1622107847.810, lauv-roald, SmartX, 3.082
1622107848.309, lauv-roald, SmartX, 3.082
1622107848.810, lauv-roald, SmartX, 3.082
1622107849.309, lauv-roald, SmartX, 3.082
1622107849.809, lauv-roald, SmartX, 3.083
1622107850.309, lauv-roald, SmartX, 3.082
1622107850.809, lauv-roald, SmartX, 3.082
1622107851.309, lauv-roald, SmartX, 3.083
1622107851.809, lauv-roald, SmartX, 3.083
1622107852.309, lauv-roald, SmartX, 3.083
1622107852.809, lauv-roald, SmartX, 3.083
1622107853.309, lauv-roald, SmartX, 3.082
1622107853.809, lauv-roald, SmartX, 3.081
1622107854.309, lauv-roald, SmartX, 3.081
1622107854.809, lauv-roald, SmartX, 3.081
1622107855.309, lauv-roald, SmartX, 3.081
1622107855.809, lauv-roald, SmartX, 3.080
1622107856.309, lauv-roald, SmartX, 3.081
1622107856.809, lauv-roald, SmartX, 3.081
1622107857.309, lauv-roald, SmartX, 3.080
1622107857.809, lauv-roald, SmartX, 3.080
1622107858.309, lauv-roald, SmartX, 3.080
1622107858.809, lauv-roald, SmartX, 3.080
1622107859.309, lauv-roald, SmartX, 3.080
1622107859.809, lauv-roald, SmartX, 3.080
1622107860.309, lauv-roald, SmartX, 3.080
1622107860.809, lauv-roald, SmartX, 3.079
1622107861.309, lauv-roald, SmartX, 3.079
1622107861.808, lauv-roald, SmartX, 3.079
1622107862.308, lauv-roald, SmartX, 3.079
1622107862.808, lauv-roald, SmartX, 3.080
1622107863.308, lauv-roald, SmartX, 3.080
1622107863.808, lauv-roald, SmartX, 3.080
1622107864.308, lauv-roald, SmartX, 3.081
1622107864.808, lauv-roald, SmartX, 3.081
1622107865.308, lauv-roald, SmartX, 3.080
1622107865.808, lauv-roald, SmartX, 3.081
1622107866.308, lauv-roald, SmartX, 3.082
1622107866.808, lauv-roald, SmartX, 3.083
1622107867.308, lauv-roald, SmartX, 3.083
1622107867.808, lauv-roald, SmartX, 3.082
1622107868.308, lauv-roald, SmartX, 3.083
1622107868.808, lauv-roald, SmartX, 3.084
1622107869.308, lauv-roald, SmartX, 3.082
1622107869.808, lauv-roald, SmartX, 3.081
1622107870.308, lauv-roald, SmartX, 3.080
1622107870.808, lauv-roald, SmartX, 3.079
1622107871.308, lauv-roald, SmartX, 3.079
1622107871.808, lauv-roald, SmartX, 3.080
1622107872.308, lauv-roald, SmartX, 3.080
1622107872.808, lauv-roald, SmartX, 3.079
1622107873.308, lauv-roald, SmartX, 3.080
1622107873.808, lauv-roald, SmartX, 3.080
1622107874.308, lauv-roald, SmartX, 3.081
1622107874.808, lauv-roald, SmartX, 3.081
1622107875.308, lauv-roald, SmartX, 3.082
1622107875.808, lauv-roald, SmartX, 3.082
1622107876.308, lauv-roald, SmartX, 3.082
1622107876.808, lauv-roald, SmartX, 3.082
1622107877.308, lauv-roald, SmartX, 3.082
1622107877.807, lauv-roald, SmartX, 3.082
1622107878.307, lauv-roald, SmartX, 3.083
1622107878.807, lauv-roald, SmartX, 3.083
1622107879.307, lauv-roald, SmartX, 3.084
1622107879.807, lauv-roald, SmartX, 3.085
1622107880.307, lauv-roald, SmartX, 3.084
1622107880.807, lauv-roald, SmartX, 3.081
1622107881.307, lauv-roald, SmartX, 3.081
1622107881.807, lauv-roald, SmartX, 3.082
1622107882.307, lauv-roald, SmartX, 3.081
1622107882.807, lauv-roald, SmartX, 3.079
1622107883.307, lauv-roald, SmartX, 3.079
1622107883.807, lauv-roald, SmartX, 3.079
1622107884.307, lauv-roald, SmartX, 3.079
1622107884.807, lauv-roald, SmartX, 3.079
1622107885.307, lauv-roald, SmartX, 3.079
1622107885.807, lauv-roald, SmartX, 3.078
1622107886.307, lauv-roald, SmartX, 3.077
1622107886.807, lauv-roald, SmartX, 3.077
1622107887.307, lauv-roald, SmartX, 3.076
1622107887.807, lauv-roald, SmartX, 3.076
1622107888.307, lauv-roald, SmartX, 3.076
1622107888.807, lauv-roald, SmartX, 3.076
1622107889.307, lauv-roald, SmartX, 3.076
1622107889.807, lauv-roald, SmartX, 3.075
1622107890.307, lauv-roald, SmartX, 3.075
1622107890.807, lauv-roald, SmartX, 3.076
1622107891.307, lauv-roald, SmartX, 3.076
1622107891.806, lauv-roald, SmartX, 3.076
1622107892.307, lauv-roald, SmartX, 3.076
1622107892.806, lauv-roald, SmartX, 3.075
1622107893.306, lauv-roald, SmartX, 3.075
1622107893.806, lauv-roald, SmartX, 3.075
1622107894.306, lauv-roald, SmartX, 3.076
1622107894.806, lauv-roald, SmartX, 3.075
1622107895.306, lauv-roald, SmartX, 3.076
1622107895.806, lauv-roald, SmartX, 3.075
1622107896.306, lauv-roald, SmartX, 3.075
1622107896.806, lauv-roald, SmartX, 3.075
1622107897.306, lauv-roald, SmartX, 3.074
1622107897.806, lauv-roald, SmartX, 3.075
1622107898.306, lauv-roald, SmartX, 3.075
1622107898.806, lauv-roald, SmartX, 3.075
1622107899.306, lauv-roald, SmartX, 3.075
1622107899.806, lauv-roald, SmartX, 3.076
1622107900.306, lauv-roald, SmartX, 3.076
1622107900.806, lauv-roald, SmartX, 3.076
1622107901.306, lauv-roald, SmartX, 3.077
1622107901.806, lauv-roald, SmartX, 3.076
1622107902.306, lauv-roald, SmartX, 3.072
1622107902.806, lauv-roald, SmartX, 3.070
1622107903.306, lauv-roald, SmartX, 3.065
1622107903.806, lauv-roald, SmartX, 3.062
1622107904.306, lauv-roald, SmartX, 3.060
1622107904.806, lauv-roald, SmartX, 3.060
1622107905.305, lauv-roald, SmartX, 3.060
1622107905.806, lauv-roald, SmartX, 3.062
1622107906.305, lauv-roald, SmartX, 3.059
1622107906.806, lauv-roald, SmartX, 3.059
1622107907.306, lauv-roald, SmartX, 3.058
1622107907.805, lauv-roald, SmartX, 3.060
1622107908.305, lauv-roald, SmartX, 3.061
1622107908.805, lauv-roald, SmartX, 3.061
1622107909.305, lauv-roald, SmartX, 3.055
1622107909.805, lauv-roald, SmartX, 3.057
1622107910.305, lauv-roald, SmartX, 3.060
1622107910.805, lauv-roald, SmartX, 3.062
1622107911.305, lauv-roald, SmartX, 3.062
1622107911.805, lauv-roald, SmartX, 3.063
1622107912.305, lauv-roald, SmartX, 3.061
1622107912.805, lauv-roald, SmartX, 3.059
1622107913.305, lauv-roald, SmartX, 3.059
1622107913.805, lauv-roald, SmartX, 3.059
1622107914.305, lauv-roald, SmartX, 3.057
1622107914.805, lauv-roald, SmartX, 3.058
1622107915.305, lauv-roald, SmartX, 3.058
1622107915.805, lauv-roald, SmartX, 3.061
1622107916.305, lauv-roald, SmartX, 3.063
1622107916.805, lauv-roald, SmartX, 3.065
1622107917.305, lauv-roald, SmartX, 3.065
1622107917.805, lauv-roald, SmartX, 3.063
1622107918.305, lauv-roald, SmartX, 3.066
1622107918.805, lauv-roald, SmartX, 3.066
1622107919.305, lauv-roald, SmartX, 3.065
1622107919.805, lauv-roald, SmartX, 3.063
1622107920.305, lauv-roald, SmartX, 3.063
1622107920.805, lauv-roald, SmartX, 3.063
1622107921.304, lauv-roald, SmartX, 3.063
1622107921.804, lauv-roald, SmartX, 3.063
1622107922.304, lauv-roald, SmartX, 3.063
1622107922.804, lauv-roald, SmartX, 3.064
1622107923.304, lauv-roald, SmartX, 3.065
1622107923.804, lauv-roald, SmartX, 3.066
1622107924.304, lauv-roald, SmartX, 3.068
1622107924.804, lauv-roald, SmartX, 3.068
1622107925.304, lauv-roald, SmartX, 3.068
1622107925.804, lauv-roald, SmartX, 3.069
1622107926.304, lauv-roald, SmartX, 3.071
1622107926.804, lauv-roald, SmartX, 3.071
1622107927.304, lauv-roald, SmartX, 3.071
1622107927.804, lauv-roald, SmartX, 3.073
1622107928.304, lauv-roald, SmartX, 3.073
1622107928.804, lauv-roald, SmartX, 3.073
1622107929.304, lauv-roald, SmartX, 3.073
1622107929.804, lauv-roald, SmartX, 3.072
1622107930.304, lauv-roald, SmartX, 3.072
1622107930.804, lauv-roald, SmartX, 3.073
1622107931.304, lauv-roald, SmartX, 3.072
1622107931.804, lauv-roald, SmartX, 3.072
1622107932.304, lauv-roald, SmartX, 3.073
1622107932.804, lauv-roald, SmartX, 3.072
1622107933.304, lauv-roald, SmartX, 3.073
1622107933.804, lauv-roald, SmartX, 3.073
1622107934.304, lauv-roald, SmartX, 3.072
1622107934.804, lauv-roald, SmartX, 3.072
1622107935.304, lauv-roald, SmartX, 3.072
1622107935.804, lauv-roald, SmartX, 3.073
1622107936.303, lauv-roald, SmartX, 3.073
1622107936.803, lauv-roald, SmartX, 3.073
1622107937.303, lauv-roald, SmartX, 3.072
1622107937.803, lauv-roald, SmartX, 3.071
1622107938.303, lauv-roald, SmartX, 3.071
1622107938.803, lauv-roald, SmartX, 3.071
1622107939.303, lauv-roald, SmartX, 3.072
1622107939.803, lauv-roald, SmartX, 3.072
1622107940.303, lauv-roald, SmartX, 3.073
1622107940.803, lauv-roald, SmartX, 3.074
1622107941.303, lauv-roald, SmartX, 3.075
1622107941.803, lauv-roald, SmartX, 3.076
1622107942.303, lauv-roald, SmartX, 3.078
1622107942.803, lauv-roald, SmartX, 3.078
1622107943.303, lauv-roald, SmartX, 3.078
1622107943.803, lauv-roald, SmartX, 3.079
1622107944.303, lauv-roald, SmartX, 3.080
1622107944.803, lauv-roald, SmartX, 3.079
1622107945.303, lauv-roald, SmartX, 3.078
1622107945.803, lauv-roald, SmartX, 3.078
1622107946.303, lauv-roald, SmartX, 3.075
1622107946.803, lauv-roald, SmartX, 3.075
1622107947.303, lauv-roald, SmartX, 3.075
1622107947.803, lauv-roald, SmartX, 3.076
1622107948.303, lauv-roald, SmartX, 3.076
1622107948.803, lauv-roald, SmartX, 3.076
1622107949.303, lauv-roald, SmartX, 3.077
1622107949.803, lauv-roald, SmartX, 3.077
1622107950.303, lauv-roald, SmartX, 3.078
1622107950.803, lauv-roald, SmartX, 3.078
1622107951.303, lauv-roald, SmartX, 3.078
1622107951.802, lauv-roald, SmartX, 3.078
1622107952.302, lauv-roald, SmartX, 3.078
1622107952.802, lauv-roald, SmartX, 3.080
1622107953.303, lauv-roald, SmartX, 3.081
1622107953.802, lauv-roald, SmartX, 3.082
1622107954.302, lauv-roald, SmartX, 3.084
1622107954.802, lauv-roald, SmartX, 3.085
1622107955.303, lauv-roald, SmartX, 3.084
1622107955.802, lauv-roald, SmartX, 3.084
1622107956.302, lauv-roald, SmartX, 3.086
1622107956.802, lauv-roald, SmartX, 3.086
1622107957.302, lauv-roald, SmartX, 3.087
1622107957.802, lauv-roald, SmartX, 3.086
1622107958.302, lauv-roald, SmartX, 3.084
1622107958.802, lauv-roald, SmartX, 3.084
1622107959.302, lauv-roald, SmartX, 3.085
1622107959.802, lauv-roald, SmartX, 3.085
1622107960.302, lauv-roald, SmartX, 3.084
1622107960.802, lauv-roald, SmartX, 3.085
1622107961.302, lauv-roald, SmartX, 3.086
1622107961.802, lauv-roald, SmartX, 3.086
1622107962.302, lauv-roald, SmartX, 3.086
1622107962.802, lauv-roald, SmartX, 3.087
1622107963.302, lauv-roald, SmartX, 3.087
1622107963.802, lauv-roald, SmartX, 3.088
1622107964.302, lauv-roald, SmartX, 3.088
1622107964.801, lauv-roald, SmartX, 3.086
1622107965.301, lauv-roald, SmartX, 3.085
1622107965.801, lauv-roald, SmartX, 3.085
1622107966.301, lauv-roald, SmartX, 3.085
1622107966.801, lauv-roald, SmartX, 3.086
1622107967.301, lauv-roald, SmartX, 3.087
1622107967.801, lauv-roald, SmartX, 3.087
1622107968.301, lauv-roald, SmartX, 3.085
1622107968.801, lauv-roald, SmartX, 3.081
1622107969.301, lauv-roald, SmartX, 3.078
1622107969.801, lauv-roald, SmartX, 3.078
1622107970.301, lauv-roald, SmartX, 3.078
1622107970.801, lauv-roald, SmartX, 3.079
1622107971.301, lauv-roald, SmartX, 3.080
1622107971.801, lauv-roald, SmartX, 3.082
1622107972.301, lauv-roald, SmartX, 3.082
1622107972.801, lauv-roald, SmartX, 3.082
1622107973.301, lauv-roald, SmartX, 3.081
1622107973.801, lauv-roald, SmartX, 3.081
1622107974.301, lauv-roald, SmartX, 3.082
1622107974.801, lauv-roald, SmartX, 3.083
1622107975.301, lauv-roald, SmartX, 3.082
1622107975.801, lauv-roald, SmartX, 3.082
1622107976.301, lauv-roald, SmartX, 3.083
1622107976.801, lauv-roald, SmartX, 3.081
1622107977.301, lauv-roald, SmartX, 3.081
1622107977.801, lauv-roald, SmartX, 3.082
1622107978.301, lauv-roald, SmartX, 3.083
1622107978.801, lauv-roald, SmartX, 3.084
1622107979.301, lauv-roald, SmartX, 3.085
1622107979.800, lauv-roald, SmartX, 3.085
1622107980.300, lauv-roald, SmartX, 3.086
1622107980.801, lauv-roald, SmartX, 3.086
1622107981.300, lauv-roald, SmartX, 3.086
1622107981.800, lauv-roald, SmartX, 3.085
1622107982.300, lauv-roald, SmartX, 3.084
1622107982.800, lauv-roald, SmartX, 3.084
1622107983.300, lauv-roald, SmartX, 3.085
1622107983.800, lauv-roald, SmartX, 3.083
1622107984.300, lauv-roald, SmartX, 3.084
1622107984.800, lauv-roald, SmartX, 3.085
1622107985.300, lauv-roald, SmartX, 3.083
1622107985.800, lauv-roald, SmartX, 3.085
1622107986.300, lauv-roald, SmartX, 3.086
1622107986.800, lauv-roald, SmartX, 3.085
1622107987.300, lauv-roald, SmartX, 3.084
1622107987.800, lauv-roald, SmartX, 3.083
1622107988.300, lauv-roald, SmartX, 3.083
1622107988.800, lauv-roald, SmartX, 3.082
1622107989.300, lauv-roald, SmartX, 3.082
1622107989.800, lauv-roald, SmartX, 3.081
1622107990.300, lauv-roald, SmartX, 3.081
1622107990.800, lauv-roald, SmartX, 3.080
1622107991.300, lauv-roald, SmartX, 3.080
1622107991.800, lauv-roald, SmartX, 3.080
1622107992.300, lauv-roald, SmartX, 3.078
1622107992.800, lauv-roald, SmartX, 3.078
1622107993.300, lauv-roald, SmartX, 3.076
1622107993.800, lauv-roald, SmartX, 3.074
1622107994.299, lauv-roald, SmartX, 3.070
1622107994.800, lauv-roald, SmartX, 3.066
1622107995.300, lauv-roald, SmartX, 3.062
1622107995.800, lauv-roald, SmartX, 3.059
1622107996.300, lauv-roald, SmartX, 3.056
1622107996.800, lauv-roald, SmartX, 3.054
1622107997.299, lauv-roald, SmartX, 3.053
1622107997.799, lauv-roald, SmartX, 3.051
1622107998.299, lauv-roald, SmartX, 3.050
1622107998.799, lauv-roald, SmartX, 3.051
1622107999.299, lauv-roald, SmartX, 3.051
1622107999.799, lauv-roald, SmartX, 3.052
1622108000.299, lauv-roald, SmartX, 3.053
1622108000.799, lauv-roald, SmartX, 3.054
1622108001.299, lauv-roald, SmartX, 3.053
1622108001.799, lauv-roald, SmartX, 3.053
1622108002.299, lauv-roald, SmartX, 3.055
1622108002.799, lauv-roald, SmartX, 3.054
1622108003.299, lauv-roald, SmartX, 3.054
1622108003.799, lauv-roald, SmartX, 3.054
1622108004.299, lauv-roald, SmartX, 3.054
1622108004.799, lauv-roald, SmartX, 3.054
1622108005.299, lauv-roald, SmartX, 3.052
1622108005.799, lauv-roald, SmartX, 3.053
1622108006.299, lauv-roald, SmartX, 3.052
1622108006.799, lauv-roald, SmartX, 3.051
1622108007.299, lauv-roald, SmartX, 3.050
1622108007.799, lauv-roald, SmartX, 3.053
1622108008.299, lauv-roald, SmartX, 3.056
1622108008.799, lauv-roald, SmartX, 3.056
1622108009.299, lauv-roald, SmartX, 3.057
1622108009.799, lauv-roald, SmartX, 3.058
1622108010.299, lauv-roald, SmartX, 3.057
1622108010.798, lauv-roald, SmartX, 3.057
1622108011.298, lauv-roald, SmartX, 3.057
1622108011.798, lauv-roald, SmartX, 3.057
1622108012.298, lauv-roald, SmartX, 3.057
1622108012.798, lauv-roald, SmartX, 3.058
1622108013.298, lauv-roald, SmartX, 3.056
1622108013.798, lauv-roald, SmartX, 3.056
1622108014.298, lauv-roald, SmartX, 3.057
1622108014.798, lauv-roald, SmartX, 3.058
1622108015.298, lauv-roald, SmartX, 3.059
1622108015.798, lauv-roald, SmartX, 3.060
1622108016.298, lauv-roald, SmartX, 3.060
1622108016.798, lauv-roald, SmartX, 3.060
1622108017.298, lauv-roald, SmartX, 3.059
1622108017.798, lauv-roald, SmartX, 3.061
1622108018.298, lauv-roald, SmartX, 3.060
1622108018.798, lauv-roald, SmartX, 3.061
1622108019.298, lauv-roald, SmartX, 3.060
1622108019.798, lauv-roald, SmartX, 3.061
1622108020.298, lauv-roald, SmartX, 3.060
1622108020.798, lauv-roald, SmartX, 3.059
1622108021.298, lauv-roald, SmartX, 3.060
1622108021.798, lauv-roald, SmartX, 3.062
1622108022.298, lauv-roald, SmartX, 3.062
1622108022.798, lauv-roald, SmartX, 3.060
1622108023.297, lauv-roald, SmartX, 3.060
1622108023.797, lauv-roald, SmartX, 3.061
1622108024.297, lauv-roald, SmartX, 3.061
1622108024.797, lauv-roald, SmartX, 3.061
1622108025.297, lauv-roald, SmartX, 3.060
1622108025.798, lauv-roald, SmartX, 3.060
1622108026.297, lauv-roald, SmartX, 3.060
1622108026.797, lauv-roald, SmartX, 3.059
1622108027.298, lauv-roald, SmartX, 3.059
1622108027.798, lauv-roald, SmartX, 3.058
1622108028.297, lauv-roald, SmartX, 3.059
1622108028.797, lauv-roald, SmartX, 3.059
1622108029.297, lauv-roald, SmartX, 3.059
1622108029.797, lauv-roald, SmartX, 3.060
1622108030.297, lauv-roald, SmartX, 3.061
1622108030.797, lauv-roald, SmartX, 3.061
1622108031.297, lauv-roald, SmartX, 3.053
1622108031.797, lauv-roald, SmartX, 3.048
1622108032.297, lauv-roald, SmartX, 3.046
1622108032.797, lauv-roald, SmartX, 3.051
1622108033.297, lauv-roald, SmartX, 3.054
1622108033.797, lauv-roald, SmartX, 3.055
1622108034.297, lauv-roald, SmartX, 3.051
1622108034.797, lauv-roald, SmartX, 3.053
1622108035.297, lauv-roald, SmartX, 3.051
1622108035.797, lauv-roald, SmartX, 3.038
1622108036.297, lauv-roald, SmartX, 3.046
1622108036.797, lauv-roald, SmartX, 3.051
1622108037.297, lauv-roald, SmartX, 3.055
1622108037.797, lauv-roald, SmartX, 3.057
1622108038.297, lauv-roald, SmartX, 3.058
1622108038.797, lauv-roald, SmartX, 3.059
1622108039.297, lauv-roald, SmartX, 3.058
1622108039.797, lauv-roald, SmartX, 3.056
1622108040.296, lauv-roald, SmartX, 3.053
1622108040.796, lauv-roald, SmartX, 3.052
1622108041.296, lauv-roald, SmartX, 3.052
1622108041.796, lauv-roald, SmartX, 3.054
1622108042.296, lauv-roald, SmartX, 3.054
1622108042.796, lauv-roald, SmartX, 3.056
1622108043.296, lauv-roald, SmartX, 3.055
1622108043.796, lauv-roald, SmartX, 3.054
1622108044.296, lauv-roald, SmartX, 3.055
1622108044.796, lauv-roald, SmartX, 3.057
1622108045.296, lauv-roald, SmartX, 3.058
1622108045.796, lauv-roald, SmartX, 3.060
1622108046.296, lauv-roald, SmartX, 3.059
1622108046.796, lauv-roald, SmartX, 3.059
1622108047.296, lauv-roald, SmartX, 3.057
1622108047.796, lauv-roald, SmartX, 3.056
1622108048.296, lauv-roald, SmartX, 3.055
1622108048.796, lauv-roald, SmartX, 3.053
1622108049.296, lauv-roald, SmartX, 3.049
1622108049.796, lauv-roald, SmartX, 3.044
1622108050.296, lauv-roald, SmartX, 3.043
1622108050.796, lauv-roald, SmartX, 3.044
1622108051.296, lauv-roald, SmartX, 3.049
1622108051.796, lauv-roald, SmartX, 3.050
1622108052.296, lauv-roald, SmartX, 3.051
1622108052.796, lauv-roald, SmartX, 3.054
1622108053.296, lauv-roald, SmartX, 3.056
1622108053.795, lauv-roald, SmartX, 3.056
1622108054.296, lauv-roald, SmartX, 3.057
1622108054.796, lauv-roald, SmartX, 3.059
1622108055.295, lauv-roald, SmartX, 3.060
1622108055.795, lauv-roald, SmartX, 3.061
1622108056.296, lauv-roald, SmartX, 3.063
1622108056.795, lauv-roald, SmartX, 3.064
1622108057.295, lauv-roald, SmartX, 3.064
1622108057.796, lauv-roald, SmartX, 3.065
1622108058.295, lauv-roald, SmartX, 3.064
1622108058.795, lauv-roald, SmartX, 3.062
1622108059.295, lauv-roald, SmartX, 3.060
1622108059.795, lauv-roald, SmartX, 3.056
1622108060.295, lauv-roald, SmartX, 3.051
1622108060.795, lauv-roald, SmartX, 3.043
1622108061.295, lauv-roald, SmartX, 3.038
1622108061.795, lauv-roald, SmartX, 3.037
1622108062.295, lauv-roald, SmartX, 3.037
1622108062.795, lauv-roald, SmartX, 3.036
1622108063.295, lauv-roald, SmartX, 3.018
1622108063.795, lauv-roald, SmartX, 2.971
1622108064.295, lauv-roald, SmartX, 2.878
1622108064.795, lauv-roald, SmartX, 2.814
1622108065.295, lauv-roald, SmartX, 2.753
1622108065.795, lauv-roald, SmartX, 2.703
1622108066.295, lauv-roald, SmartX, 2.702
1622108066.795, lauv-roald, SmartX, 2.738
1622108067.295, lauv-roald, SmartX, 2.802
1622108067.795, lauv-roald, SmartX, 2.825
1622108068.295, lauv-roald, SmartX, 2.825
1622108068.795, lauv-roald, SmartX, 2.853
1622108069.295, lauv-roald, SmartX, 2.909
1622108069.795, lauv-roald, SmartX, 2.888
1622108070.295, lauv-roald, SmartX, 2.860
1622108070.794, lauv-roald, SmartX, 2.797
1622108071.294, lauv-roald, SmartX, 2.728
1622108071.795, lauv-roald, SmartX, 2.664
1622108072.294, lauv-roald, SmartX, 2.641
1622108072.794, lauv-roald, SmartX, 2.641
1622108073.294, lauv-roald, SmartX, 2.610
1622108073.794, lauv-roald, SmartX, 2.610
1622108074.294, lauv-roald, SmartX, 2.549
1622108074.794, lauv-roald, SmartX, 2.508
1622108075.294, lauv-roald, SmartX, 2.568
1622108075.794, lauv-roald, SmartX, 2.613
1622108076.295, lauv-roald, SmartX, 2.583
1622108076.794, lauv-roald, SmartX, 2.479
1622108077.294, lauv-roald, SmartX, 2.493
1622108077.794, lauv-roald, SmartX, 2.524
1622108078.294, lauv-roald, SmartX, 2.583
1622108078.794, lauv-roald, SmartX, 2.604
1622108079.294, lauv-roald, SmartX, 2.579
1622108079.794, lauv-roald, SmartX, 2.635
1622108080.294, lauv-roald, SmartX, 2.628
1622108080.794, lauv-roald, SmartX, 2.647
1622108081.294, lauv-roald, SmartX, 2.664
1622108081.794, lauv-roald, SmartX, 2.657
1622108082.294, lauv-roald, SmartX, 2.625
1622108082.794, lauv-roald, SmartX, 2.562
1622108083.294, lauv-roald, SmartX, 2.537
1622108083.794, lauv-roald, SmartX, 2.517
1622108084.294, lauv-roald, SmartX, 2.508
1622108084.794, lauv-roald, SmartX, 2.539
1622108085.294, lauv-roald, SmartX, 2.588
1622108085.794, lauv-roald, SmartX, 2.581
1622108086.294, lauv-roald, SmartX, 2.548
1622108086.794, lauv-roald, SmartX, 2.530
1622108087.294, lauv-roald, SmartX, 2.539
1622108087.794, lauv-roald, SmartX, 2.543
1622108088.293, lauv-roald, SmartX, 2.501
1622108088.794, lauv-roald, SmartX, 2.429
1622108089.293, lauv-roald, SmartX, 2.373
1622108089.793, lauv-roald, SmartX, 2.382
1622108090.293, lauv-roald, SmartX, 2.420
1622108090.793, lauv-roald, SmartX, 2.528
1622108091.293, lauv-roald, SmartX, 2.605
1622108091.793, lauv-roald, SmartX, 2.586
1622108092.293, lauv-roald, SmartX, 2.613
1622108092.793, lauv-roald, SmartX, 2.572
1622108093.293, lauv-roald, SmartX, 2.414
1622108093.793, lauv-roald, SmartX, 2.297
1622108094.293, lauv-roald, SmartX, 2.222
1622108094.793, lauv-roald, SmartX, 2.188
1622108095.293, lauv-roald, SmartX, 2.139
1622108095.793, lauv-roald, SmartX, 2.095
1622108096.293, lauv-roald, SmartX, 2.099
1622108096.793, lauv-roald, SmartX, 2.090
1622108097.293, lauv-roald, SmartX, 2.088
1622108097.793, lauv-roald, SmartX, 2.154
1622108098.293, lauv-roald, SmartX, 2.224
1622108098.793, lauv-roald, SmartX, 2.306
1622108099.293, lauv-roald, SmartX, 2.341
1622108099.793, lauv-roald, SmartX, 2.176
1622108100.292, lauv-roald, SmartX, 2.151
1622108100.793, lauv-roald, SmartX, 2.150
1622108101.293, lauv-roald, SmartX, 2.264
1622108101.793, lauv-roald, SmartX, 2.352
1622108102.293, lauv-roald, SmartX, 2.297
1622108102.792, lauv-roald, SmartX, 2.103
1622108103.293, lauv-roald, SmartX, 1.936
1622108103.792, lauv-roald, SmartX, 1.752
1622108104.292, lauv-roald, SmartX, 1.800
1622108104.792, lauv-roald, SmartX, 1.883
1622108105.292, lauv-roald, SmartX, 2.093
1622108105.792, lauv-roald, SmartX, 2.043
1622108106.292, lauv-roald, SmartX, 2.041
1622108106.792, lauv-roald, SmartX, 2.046
1622108107.292, lauv-roald, SmartX, 1.958
1622108107.792, lauv-roald, SmartX, 1.899
1622108108.292, lauv-roald, SmartX, 1.935
1622108108.792, lauv-roald, SmartX, 1.977
1622108109.292, lauv-roald, SmartX, 1.978
1622108109.792, lauv-roald, SmartX, 1.976
1622108110.292, lauv-roald, SmartX, 2.002
1622108110.792, lauv-roald, SmartX, 1.981
1622108111.292, lauv-roald, SmartX, 1.900
1622108111.791, lauv-roald, SmartX, 1.813
1622108112.293, lauv-roald, SmartX, 1.827
1622108112.793, lauv-roald, SmartX, 1.849
1622108113.293, lauv-roald, SmartX, 1.908
1622108113.793, lauv-roald, SmartX, 1.938
1622108114.292, lauv-roald, SmartX, 1.870
1622108114.792, lauv-roald, SmartX, 1.859
1622108115.291, lauv-roald, SmartX, 1.798
1622108115.791, lauv-roald, SmartX, 1.735
1622108116.291, lauv-roald, SmartX, 1.703
1622108116.791, lauv-roald, SmartX, 1.690
1622108117.291, lauv-roald, SmartX, 1.570
1622108117.791, lauv-roald, SmartX, 1.578
1622108118.291, lauv-roald, SmartX, 1.599
1622108118.791, lauv-roald, SmartX, 1.625
1622108119.291, lauv-roald, SmartX, 1.667
1622108119.791, lauv-roald, SmartX, 1.724
1622108120.291, lauv-roald, SmartX, 1.795
1622108120.791, lauv-roald, SmartX, 1.812
1622108121.291, lauv-roald, SmartX, 1.804
1622108121.791, lauv-roald, SmartX, 1.811
1622108122.291, lauv-roald, SmartX, 1.796
1622108122.791, lauv-roald, SmartX, 1.833
1622108123.291, lauv-roald, SmartX, 1.877
1622108123.791, lauv-roald, SmartX, 1.886
1622108124.291, lauv-roald, SmartX, 1.855
1622108124.791, lauv-roald, SmartX, 1.785
1622108125.290, lauv-roald, SmartX, 1.706
1622108125.791, lauv-roald, SmartX, 1.656
1622108126.291, lauv-roald, SmartX, 1.724
1622108126.790, lauv-roald, SmartX, 1.709
1622108127.291, lauv-roald, SmartX, 1.728
1622108127.791, lauv-roald, SmartX, 1.860
1622108128.291, lauv-roald, SmartX, 1.880
1622108128.791, lauv-roald, SmartX, 1.890
1622108129.291, lauv-roald, SmartX, 1.973
1622108129.791, lauv-roald, SmartX, 2.021
1622108130.291, lauv-roald, SmartX, 2.089
1622108130.791, lauv-roald, SmartX, 1.991
1622108131.291, lauv-roald, SmartX, 2.020
1622108131.791, lauv-roald, SmartX, 2.086
1622108132.290, lauv-roald, SmartX, 2.203
1622108132.791, lauv-roald, SmartX, 2.185
1622108133.291, lauv-roald, SmartX, 2.118
1622108133.790, lauv-roald, SmartX, 2.071
1622108134.290, lauv-roald, SmartX, 2.100
1622108134.790, lauv-roald, SmartX, 2.036
1622108135.290, lauv-roald, SmartX, 1.929
1622108135.790, lauv-roald, SmartX, 1.852
1622108136.290, lauv-roald, SmartX, 2.059
1622108136.790, lauv-roald, SmartX, 2.140
1622108137.290, lauv-roald, SmartX, 2.149
1622108137.790, lauv-roald, SmartX, 2.077
1622108138.290, lauv-roald, SmartX, 2.108
1622108138.790, lauv-roald, SmartX, 2.131
1622108139.290, lauv-roald, SmartX, 2.157
1622108139.790, lauv-roald, SmartX, 2.221
1622108140.290, lauv-roald, SmartX, 2.277
1622108140.790, lauv-roald, SmartX, 2.280
1622108141.290, lauv-roald, SmartX, 2.339
1622108141.790, lauv-roald, SmartX, 2.380
1622108142.290, lauv-roald, SmartX, 2.406
1622108142.790, lauv-roald, SmartX, 2.417
1622108143.290, lauv-roald, SmartX, 2.462
1622108143.790, lauv-roald, SmartX, 2.433
1622108144.290, lauv-roald, SmartX, 2.405
1622108144.790, lauv-roald, SmartX, 2.431
1622108145.290, lauv-roald, SmartX, 2.485
1622108145.791, lauv-roald, SmartX, 2.556
1622108146.289, lauv-roald, SmartX, 2.560
1622108146.789, lauv-roald, SmartX, 2.506
1622108147.289, lauv-roald, SmartX, 2.457
1622108147.789, lauv-roald, SmartX, 2.468
1622108148.289, lauv-roald, SmartX, 2.547
1622108148.789, lauv-roald, SmartX, 2.556
1622108149.289, lauv-roald, SmartX, 2.559
1622108149.789, lauv-roald, SmartX, 2.561
1622108150.289, lauv-roald, SmartX, 2.539
1622108150.789, lauv-roald, SmartX, 2.538
1622108151.289, lauv-roald, SmartX, 2.578
1622108151.789, lauv-roald, SmartX, 2.601
1622108152.289, lauv-roald, SmartX, 2.625
1622108152.789, lauv-roald, SmartX, 2.666
1622108153.289, lauv-roald, SmartX, 2.664
1622108153.789, lauv-roald, SmartX, 2.691
1622108154.289, lauv-roald, SmartX, 2.660
1622108154.789, lauv-roald, SmartX, 2.667
1622108155.289, lauv-roald, SmartX, 2.686
1622108155.789, lauv-roald, SmartX, 2.716
1622108156.289, lauv-roald, SmartX, 2.696
1622108156.789, lauv-roald, SmartX, 2.673
1622108157.288, lauv-roald, SmartX, 2.704
1622108157.789, lauv-roald, SmartX, 2.734
1622108158.289, lauv-roald, SmartX, 2.747
1622108158.789, lauv-roald, SmartX, 2.759
1622108159.288, lauv-roald, SmartX, 2.709
1622108159.789, lauv-roald, SmartX, 2.574
1622108160.288, lauv-roald, SmartX, 2.612
1622108160.788, lauv-roald, SmartX, 2.667
1622108161.288, lauv-roald, SmartX, 2.691
1622108161.788, lauv-roald, SmartX, 2.667
1622108162.289, lauv-roald, SmartX, 2.567
1622108162.788, lauv-roald, SmartX, 2.497
1622108163.288, lauv-roald, SmartX, 2.487
1622108163.788, lauv-roald, SmartX, 2.561
1622108164.288, lauv-roald, SmartX, 2.655
1622108164.788, lauv-roald, SmartX, 2.651
1622108165.288, lauv-roald, SmartX, 2.563
1622108165.788, lauv-roald, SmartX, 2.600
1622108166.288, lauv-roald, SmartX, 2.646
1622108166.788, lauv-roald, SmartX, 2.665
1622108167.288, lauv-roald, SmartX, 2.633
1622108167.788, lauv-roald, SmartX, 2.647
1622108168.288, lauv-roald, SmartX, 2.654
1622108168.788, lauv-roald, SmartX, 2.635
1622108169.288, lauv-roald, SmartX, 2.624
1622108169.788, lauv-roald, SmartX, 2.635
1622108170.288, lauv-roald, SmartX, 2.617
1622108170.788, lauv-roald, SmartX, 2.598
1622108171.288, lauv-roald, SmartX, 2.606
1622108171.788, lauv-roald, SmartX, 2.630
1622108172.288, lauv-roald, SmartX, 2.623
1622108172.788, lauv-roald, SmartX, 2.656
1622108173.288, lauv-roald, SmartX, 2.685
1622108173.788, lauv-roald, SmartX, 2.715
1622108174.287, lauv-roald, SmartX, 2.712
1622108174.787, lauv-roald, SmartX, 2.692
1622108175.287, lauv-roald, SmartX, 2.678
1622108175.787, lauv-roald, SmartX, 2.674
1622108176.287, lauv-roald, SmartX, 2.646
1622108176.787, lauv-roald, SmartX, 2.593
1622108177.287, lauv-roald, SmartX, 2.617
1622108177.787, lauv-roald, SmartX, 2.603
1622108178.287, lauv-roald, SmartX, 2.583
1622108178.787, lauv-roald, SmartX, 2.554
1622108179.287, lauv-roald, SmartX, 2.611
1622108179.787, lauv-roald, SmartX, 2.668
1622108180.287, lauv-roald, SmartX, 2.658
1622108180.787, lauv-roald, SmartX, 2.743
1622108181.287, lauv-roald, SmartX, 2.789
1622108181.787, lauv-roald, SmartX, 2.795
1622108182.287, lauv-roald, SmartX, 2.819
1622108182.787, lauv-roald, SmartX, 2.821
1622108183.287, lauv-roald, SmartX, 2.820
1622108183.787, lauv-roald, SmartX, 2.841
1622108184.287, lauv-roald, SmartX, 2.868
1622108184.787, lauv-roald, SmartX, 2.840
1622108185.287, lauv-roald, SmartX, 2.715
1622108185.787, lauv-roald, SmartX, 2.644
1622108186.288, lauv-roald, SmartX, 2.665
1622108186.787, lauv-roald, SmartX, 2.779
1622108187.287, lauv-roald, SmartX, 2.836
1622108187.786, lauv-roald, SmartX, 2.937
1622108188.286, lauv-roald, SmartX, 2.989
1622108188.786, lauv-roald, SmartX, 3.016
1622108189.286, lauv-roald, SmartX, 3.034
1622108189.786, lauv-roald, SmartX, 3.042
1622108190.286, lauv-roald, SmartX, 3.048
1622108190.786, lauv-roald, SmartX, 3.053
1622108191.286, lauv-roald, SmartX, 3.056
1622108191.786, lauv-roald, SmartX, 3.059
1622108192.286, lauv-roald, SmartX, 3.059
1622108192.786, lauv-roald, SmartX, 3.020
1622108193.286, lauv-roald, SmartX, 2.961
1622108193.786, lauv-roald, SmartX, 2.904
1622108194.286, lauv-roald, SmartX, 2.923
1622108194.786, lauv-roald, SmartX, 2.962
1622108195.286, lauv-roald, SmartX, 3.003
1622108195.786, lauv-roald, SmartX, 3.016
1622108196.286, lauv-roald, SmartX, 3.024
1622108196.786, lauv-roald, SmartX, 3.024
1622108197.286, lauv-roald, SmartX, 3.021
1622108197.786, lauv-roald, SmartX, 3.015
1622108198.286, lauv-roald, SmartX, 3.001
1622108198.786, lauv-roald, SmartX, 3.004
1622108199.286, lauv-roald, SmartX, 3.019
1622108199.786, lauv-roald, SmartX, 3.013
1622108200.286, lauv-roald, SmartX, 2.994
1622108200.785, lauv-roald, SmartX, 2.961
1622108201.286, lauv-roald, SmartX, 2.960
1622108201.786, lauv-roald, SmartX, 2.983
1622108202.285, lauv-roald, SmartX, 2.990
1622108202.785, lauv-roald, SmartX, 2.976
1622108203.285, lauv-roald, SmartX, 2.967
1622108203.786, lauv-roald, SmartX, 2.966
1622108204.285, lauv-roald, SmartX, 2.991
1622108204.785, lauv-roald, SmartX, 3.000
1622108205.285, lauv-roald, SmartX, 3.003
1622108205.785, lauv-roald, SmartX, 2.976
1622108206.285, lauv-roald, SmartX, 2.926
1622108206.785, lauv-roald, SmartX, 2.943
1622108207.285, lauv-roald, SmartX, 2.969
1622108207.785, lauv-roald, SmartX, 2.993
1622108208.285, lauv-roald, SmartX, 3.012
1622108208.785, lauv-roald, SmartX, 3.019
1622108209.285, lauv-roald, SmartX, 3.019
1622108209.785, lauv-roald, SmartX, 3.015
1622108210.285, lauv-roald, SmartX, 3.012
1622108210.785, lauv-roald, SmartX, 3.007
1622108211.285, lauv-roald, SmartX, 3.008
1622108211.785, lauv-roald, SmartX, 3.013
1622108212.285, lauv-roald, SmartX, 3.019
1622108212.785, lauv-roald, SmartX, 3.025
1622108213.285, lauv-roald, SmartX, 3.024
1622108213.785, lauv-roald, SmartX, 3.020
1622108214.285, lauv-roald, SmartX, 2.980
1622108214.785, lauv-roald, SmartX, 2.937
1622108215.285, lauv-roald, SmartX, 2.927
1622108215.785, lauv-roald, SmartX, 2.927
1622108216.284, lauv-roald, SmartX, 2.950
1622108216.784, lauv-roald, SmartX, 2.990
1622108217.284, lauv-roald, SmartX, 3.011
1622108217.784, lauv-roald, SmartX, 3.025
1622108218.284, lauv-roald, SmartX, 3.037
1622108218.784, lauv-roald, SmartX, 3.038
1622108219.284, lauv-roald, SmartX, 3.036
1622108219.785, lauv-roald, SmartX, 3.031
1622108220.284, lauv-roald, SmartX, 3.030
1622108220.784, lauv-roald, SmartX, 3.036
1622108221.284, lauv-roald, SmartX, 3.041
1622108221.784, lauv-roald, SmartX, 3.045
1622108222.284, lauv-roald, SmartX, 3.046
1622108222.784, lauv-roald, SmartX, 3.046
1622108223.284, lauv-roald, SmartX, 3.043
1622108223.784, lauv-roald, SmartX, 3.043
1622108224.284, lauv-roald, SmartX, 3.045
1622108224.784, lauv-roald, SmartX, 3.047
1622108225.284, lauv-roald, SmartX, 3.048
1622108225.784, lauv-roald, SmartX, 3.048
1622108226.284, lauv-roald, SmartX, 3.047
1622108226.784, lauv-roald, SmartX, 3.045
1622108227.284, lauv-roald, SmartX, 3.044
1622108227.784, lauv-roald, SmartX, 3.043
1622108228.284, lauv-roald, SmartX, 3.042
1622108228.784, lauv-roald, SmartX, 3.042
1622108229.284, lauv-roald, SmartX, 3.042
1622108229.784, lauv-roald, SmartX, 3.043
1622108230.284, lauv-roald, SmartX, 3.044
1622108230.784, lauv-roald, SmartX, 3.046
1622108231.284, lauv-roald, SmartX, 3.044
1622108231.783, lauv-roald, SmartX, 3.045
1622108232.283, lauv-roald, SmartX, 3.044
1622108232.783, lauv-roald, SmartX, 3.045
1622108233.283, lauv-roald, SmartX, 3.043
1622108233.783, lauv-roald, SmartX, 3.042
1622108234.283, lauv-roald, SmartX, 3.042
1622108234.783, lauv-roald, SmartX, 3.040
1622108235.283, lauv-roald, SmartX, 3.040
1622108235.783, lauv-roald, SmartX, 3.039
1622108236.283, lauv-roald, SmartX, 3.040
1622108236.783, lauv-roald, SmartX, 3.041
1622108237.283, lauv-roald, SmartX, 3.041
1622108237.783, lauv-roald, SmartX, 3.040
1622108238.283, lauv-roald, SmartX, 3.038
1622108238.783, lauv-roald, SmartX, 3.037
1622108239.283, lauv-roald, SmartX, 3.037
1622108239.783, lauv-roald, SmartX, 3.038
1622108240.283, lauv-roald, SmartX, 3.039
1622108240.783, lauv-roald, SmartX, 3.039
1622108241.283, lauv-roald, SmartX, 3.038
1622108241.783, lauv-roald, SmartX, 3.037
1622108242.283, lauv-roald, SmartX, 3.036
1622108242.783, lauv-roald, SmartX, 3.035
1622108243.283, lauv-roald, SmartX, 3.036
1622108243.783, lauv-roald, SmartX, 3.037
1622108244.283, lauv-roald, SmartX, 3.037
1622108244.783, lauv-roald, SmartX, 3.036
1622108245.283, lauv-roald, SmartX, 3.036
1622108245.783, lauv-roald, SmartX, 3.035
1622108246.282, lauv-roald, SmartX, 3.035
1622108246.783, lauv-roald, SmartX, 3.036
1622108247.283, lauv-roald, SmartX, 3.037
1622108247.783, lauv-roald, SmartX, 3.037
1622108248.282, lauv-roald, SmartX, 3.036
1622108248.782, lauv-roald, SmartX, 3.034
1622108249.282, lauv-roald, SmartX, 3.034
1622108249.782, lauv-roald, SmartX, 3.033
1622108250.282, lauv-roald, SmartX, 3.037
1622108250.782, lauv-roald, SmartX, 3.038
1622108251.282, lauv-roald, SmartX, 3.035
1622108251.782, lauv-roald, SmartX, 3.034
1622108252.282, lauv-roald, SmartX, 3.032
1622108252.782, lauv-roald, SmartX, 3.032
1622108253.282, lauv-roald, SmartX, 3.033
1622108253.782, lauv-roald, SmartX, 3.033
1622108254.282, lauv-roald, SmartX, 3.034
1622108254.782, lauv-roald, SmartX, 3.032
1622108255.282, lauv-roald, SmartX, 3.029
1622108255.782, lauv-roald, SmartX, 3.030
1622108256.282, lauv-roald, SmartX, 3.031
1622108256.782, lauv-roald, SmartX, 3.032
1622108257.282, lauv-roald, SmartX, 3.029
1622108257.782, lauv-roald, SmartX, 3.027
1622108258.282, lauv-roald, SmartX, 3.027
1622108258.782, lauv-roald, SmartX, 3.028
1622108259.282, lauv-roald, SmartX, 3.027
1622108259.782, lauv-roald, SmartX, 3.028
1622108260.282, lauv-roald, SmartX, 3.027
1622108260.782, lauv-roald, SmartX, 3.026
1622108261.282, lauv-roald, SmartX, 3.027
1622108261.781, lauv-roald, SmartX, 3.028
1622108262.281, lauv-roald, SmartX, 3.029
1622108262.781, lauv-roald, SmartX, 3.028
1622108263.281, lauv-roald, SmartX, 3.026
1622108263.781, lauv-roald, SmartX, 3.026
1622108264.281, lauv-roald, SmartX, 3.026
1622108264.781, lauv-roald, SmartX, 3.027
1622108265.281, lauv-roald, SmartX, 3.027
1622108265.781, lauv-roald, SmartX, 3.024
1622108266.281, lauv-roald, SmartX, 3.021
1622108266.781, lauv-roald, SmartX, 3.018
1622108267.281, lauv-roald, SmartX, 3.018
1622108267.781, lauv-roald, SmartX, 3.019
1622108268.281, lauv-roald, SmartX, 3.020
1622108268.781, lauv-roald, SmartX, 3.021
1622108269.281, lauv-roald, SmartX, 3.023
1622108269.781, lauv-roald, SmartX, 3.021
1622108270.281, lauv-roald, SmartX, 3.017
1622108270.781, lauv-roald, SmartX, 3.016
1622108271.281, lauv-roald, SmartX, 3.016
1622108271.781, lauv-roald, SmartX, 3.020
1622108272.281, lauv-roald, SmartX, 3.021
1622108272.781, lauv-roald, SmartX, 3.023
1622108273.281, lauv-roald, SmartX, 3.032
1622108273.781, lauv-roald, SmartX, 3.026
1622108274.281, lauv-roald, SmartX, 3.027
1622108274.781, lauv-roald, SmartX, 3.029
1622108275.280, lauv-roald, SmartX, 3.036
1622108275.781, lauv-roald, SmartX, 3.040
1622108276.281, lauv-roald, SmartX, 3.037
1622108276.781, lauv-roald, SmartX, 3.033
1622108277.280, lauv-roald, SmartX, 3.044
1622108277.782, lauv-roald, SmartX, 3.034
1622108278.280, lauv-roald, SmartX, 3.037
1622108278.780, lauv-roald, SmartX, 3.038
1622108279.280, lauv-roald, SmartX, 3.036
1622108279.780, lauv-roald, SmartX, 3.038
1622108280.280, lauv-roald, SmartX, 3.036
1622108280.780, lauv-roald, SmartX, 3.042
1622108281.280, lauv-roald, SmartX, 3.047
1622108281.780, lauv-roald, SmartX, 3.049
1622108282.280, lauv-roald, SmartX, 3.039
1622108282.780, lauv-roald, SmartX, 3.040
1622108283.280, lauv-roald, SmartX, 3.048
1622108283.780, lauv-roald, SmartX, 3.054
1622108284.280, lauv-roald, SmartX, 3.051
1622108284.780, lauv-roald, SmartX, 3.053
1622108285.280, lauv-roald, SmartX, 3.051
1622108285.780, lauv-roald, SmartX, 3.049
1622108286.280, lauv-roald, SmartX, 3.048
1622108286.780, lauv-roald, SmartX, 3.050
1622108287.280, lauv-roald, SmartX, 3.050
1622108287.780, lauv-roald, SmartX, 3.057
1622108288.280, lauv-roald, SmartX, 3.054
1622108288.780, lauv-roald, SmartX, 3.042
1622108289.280, lauv-roald, SmartX, 3.047
1622108289.779, lauv-roald, SmartX, 3.052
1622108290.279, lauv-roald, SmartX, 3.048
1622108290.779, lauv-roald, SmartX, 3.056
1622108291.279, lauv-roald, SmartX, 3.063
1622108291.779, lauv-roald, SmartX, 3.066
1622108292.279, lauv-roald, SmartX, 3.062
1622108292.779, lauv-roald, SmartX, 3.052
1622108293.279, lauv-roald, SmartX, 3.048
1622108293.779, lauv-roald, SmartX, 3.051
1622108294.279, lauv-roald, SmartX, 3.064
1622108294.779, lauv-roald, SmartX, 3.069
1622108295.279, lauv-roald, SmartX, 3.075
1622108295.779, lauv-roald, SmartX, 3.074
1622108296.279, lauv-roald, SmartX, 3.068
1622108296.779, lauv-roald, SmartX, 3.056
1622108297.279, lauv-roald, SmartX, 3.053
1622108297.779, lauv-roald, SmartX, 3.056
1622108298.279, lauv-roald, SmartX, 3.066
1622108298.779, lauv-roald, SmartX, 3.072
1622108299.279, lauv-roald, SmartX, 3.075
1622108299.779, lauv-roald, SmartX, 3.072
1622108300.279, lauv-roald, SmartX, 3.074
1622108300.779, lauv-roald, SmartX, 3.073
1622108301.279, lauv-roald, SmartX, 3.072
1622108301.779, lauv-roald, SmartX, 3.074
1622108302.279, lauv-roald, SmartX, 3.069
1622108302.779, lauv-roald, SmartX, 3.066
1622108303.279, lauv-roald, SmartX, 3.066
1622108303.778, lauv-roald, SmartX, 3.070
1622108304.279, lauv-roald, SmartX, 3.076
1622108304.779, lauv-roald, SmartX, 3.077
1622108305.279, lauv-roald, SmartX, 3.078
1622108305.779, lauv-roald, SmartX, 3.079
1622108306.279, lauv-roald, SmartX, 3.074
1622108306.778, lauv-roald, SmartX, 3.063
1622108307.278, lauv-roald, SmartX, 3.066
1622108307.778, lauv-roald, SmartX, 3.073
1622108308.278, lauv-roald, SmartX, 3.075
1622108308.778, lauv-roald, SmartX, 3.076
1622108309.278, lauv-roald, SmartX, 3.078
1622108309.778, lauv-roald, SmartX, 3.076
1622108310.278, lauv-roald, SmartX, 3.068
1622108310.778, lauv-roald, SmartX, 3.059
1622108311.278, lauv-roald, SmartX, 3.057
1622108311.778, lauv-roald, SmartX, 3.066
1622108312.278, lauv-roald, SmartX, 3.074
1622108312.778, lauv-roald, SmartX, 3.076
1622108313.278, lauv-roald, SmartX, 3.077
1622108313.778, lauv-roald, SmartX, 3.077
1622108314.278, lauv-roald, SmartX, 3.073
1622108314.778, lauv-roald, SmartX, 3.071
1622108315.278, lauv-roald, SmartX, 3.057
1622108315.778, lauv-roald, SmartX, 3.044
1622108316.278, lauv-roald, SmartX, 3.060
1622108316.778, lauv-roald, SmartX, 3.072
1622108317.278, lauv-roald, SmartX, 3.076
1622108317.778, lauv-roald, SmartX, 3.080
1622108318.278, lauv-roald, SmartX, 3.081
1622108318.778, lauv-roald, SmartX, 3.080
1622108319.277, lauv-roald, SmartX, 3.071
1622108319.777, lauv-roald, SmartX, 3.060
1622108320.277, lauv-roald, SmartX, 3.064
1622108320.777, lauv-roald, SmartX, 3.076
1622108321.277, lauv-roald, SmartX, 3.082
1622108321.777, lauv-roald, SmartX, 3.083
1622108322.277, lauv-roald, SmartX, 3.084
1622108322.777, lauv-roald, SmartX, 3.084
1622108323.277, lauv-roald, SmartX, 3.086
1622108323.777, lauv-roald, SmartX, 3.088
1622108324.277, lauv-roald, SmartX, 3.087
1622108324.777, lauv-roald, SmartX, 3.087
1622108325.277, lauv-roald, SmartX, 3.085
1622108325.777, lauv-roald, SmartX, 3.082
1622108326.277, lauv-roald, SmartX, 3.080
1622108326.777, lauv-roald, SmartX, 3.080
1622108327.277, lauv-roald, SmartX, 3.081
1622108327.777, lauv-roald, SmartX, 3.080
1622108328.277, lauv-roald, SmartX, 3.081
1622108328.777, lauv-roald, SmartX, 3.081
1622108329.277, lauv-roald, SmartX, 3.082
1622108329.777, lauv-roald, SmartX, 3.081
1622108330.277, lauv-roald, SmartX, 3.079
1622108330.777, lauv-roald, SmartX, 3.077
1622108331.277, lauv-roald, SmartX, 3.078
1622108331.777, lauv-roald, SmartX, 3.078
1622108332.277, lauv-roald, SmartX, 3.077
1622108332.777, lauv-roald, SmartX, 3.076
1622108333.276, lauv-roald, SmartX, 3.076
1622108333.777, lauv-roald, SmartX, 3.076
1622108334.276, lauv-roald, SmartX, 3.076
1622108334.777, lauv-roald, SmartX, 3.076
1622108335.277, lauv-roald, SmartX, 3.076
1622108335.777, lauv-roald, SmartX, 3.077
1622108336.276, lauv-roald, SmartX, 3.078
1622108336.776, lauv-roald, SmartX, 3.078
1622108337.276, lauv-roald, SmartX, 3.078
1622108337.776, lauv-roald, SmartX, 3.078
1622108338.276, lauv-roald, SmartX, 3.079
1622108338.776, lauv-roald, SmartX, 3.079
1622108339.276, lauv-roald, SmartX, 3.080
1622108339.776, lauv-roald, SmartX, 3.079
1622108340.276, lauv-roald, SmartX, 3.080
1622108340.776, lauv-roald, SmartX, 3.080
1622108341.276, lauv-roald, SmartX, 3.080
1622108341.776, lauv-roald, SmartX, 3.081
1622108342.276, lauv-roald, SmartX, 3.081
1622108342.776, lauv-roald, SmartX, 3.082
1622108343.276, lauv-roald, SmartX, 3.083
1622108343.776, lauv-roald, SmartX, 3.083
1622108344.276, lauv-roald, SmartX, 3.083
1622108344.776, lauv-roald, SmartX, 3.083
1622108345.276, lauv-roald, SmartX, 3.083
1622108345.776, lauv-roald, SmartX, 3.083
1622108346.276, lauv-roald, SmartX, 3.083
1622108346.776, lauv-roald, SmartX, 3.083
1622108347.275, lauv-roald, SmartX, 3.083
1622108347.776, lauv-roald, SmartX, 3.083
1622108348.276, lauv-roald, SmartX, 3.083
1622108348.776, lauv-roald, SmartX, 3.083
1622108349.276, lauv-roald, SmartX, 3.084
1622108349.775, lauv-roald, SmartX, 3.084
1622108350.275, lauv-roald, SmartX, 3.084
1622108350.775, lauv-roald, SmartX, 3.084
1622108351.275, lauv-roald, SmartX, 3.084
1622108351.775, lauv-roald, SmartX, 3.084
1622108352.275, lauv-roald, SmartX, 3.083
1622108352.775, lauv-roald, SmartX, 3.083
1622108353.275, lauv-roald, SmartX, 3.082
1622108353.775, lauv-roald, SmartX, 3.080
1622108354.275, lauv-roald, SmartX, 3.079
1622108354.775, lauv-roald, SmartX, 3.079
1622108355.275, lauv-roald, SmartX, 3.082
1622108355.775, lauv-roald, SmartX, 3.083
1622108356.275, lauv-roald, SmartX, 3.081
1622108356.775, lauv-roald, SmartX, 3.077
1622108357.275, lauv-roald, SmartX, 3.074
1622108357.775, lauv-roald, SmartX, 3.073
1622108358.275, lauv-roald, SmartX, 3.073
1622108358.775, lauv-roald, SmartX, 3.077
1622108359.275, lauv-roald, SmartX, 3.083
1622108359.775, lauv-roald, SmartX, 3.085
1622108360.275, lauv-roald, SmartX, 3.086
1622108360.775, lauv-roald, SmartX, 3.086
1622108361.275, lauv-roald, SmartX, 3.084
1622108361.775, lauv-roald, SmartX, 3.085
1622108362.275, lauv-roald, SmartX, 3.084
1622108362.775, lauv-roald, SmartX, 3.083
1622108363.275, lauv-roald, SmartX, 3.083
1622108363.775, lauv-roald, SmartX, 3.085
1622108364.275, lauv-roald, SmartX, 3.086
1622108364.775, lauv-roald, SmartX, 3.083
1622108365.274, lauv-roald, SmartX, 3.084
1622108365.775, lauv-roald, SmartX, 3.085
1622108366.274, lauv-roald, SmartX, 3.085
1622108366.774, lauv-roald, SmartX, 3.086
1622108367.274, lauv-roald, SmartX, 3.086
1622108367.774, lauv-roald, SmartX, 3.086
1622108368.274, lauv-roald, SmartX, 3.085
1622108368.774, lauv-roald, SmartX, 3.084
1622108369.274, lauv-roald, SmartX, 3.084
1622108369.774, lauv-roald, SmartX, 3.085
1622108370.274, lauv-roald, SmartX, 3.083
1622108370.774, lauv-roald, SmartX, 3.084
1622108371.274, lauv-roald, SmartX, 3.085
1622108371.774, lauv-roald, SmartX, 3.085
1622108372.274, lauv-roald, SmartX, 3.086
1622108372.774, lauv-roald, SmartX, 3.085
1622108373.274, lauv-roald, SmartX, 3.085
1622108373.774, lauv-roald, SmartX, 3.085
1622108374.274, lauv-roald, SmartX, 3.085
1622108374.774, lauv-roald, SmartX, 3.085
1622108375.274, lauv-roald, SmartX, 3.085
1622108375.774, lauv-roald, SmartX, 3.085
1622108376.274, lauv-roald, SmartX, 3.085
1622108376.774, lauv-roald, SmartX, 3.085
1622108377.274, lauv-roald, SmartX, 3.084
1622108377.774, lauv-roald, SmartX, 3.084
1622108378.274, lauv-roald, SmartX, 3.083
1622108378.773, lauv-roald, SmartX, 3.078
1622108379.273, lauv-roald, SmartX, 3.078
1622108379.774, lauv-roald, SmartX, 3.079
1622108380.273, lauv-roald, SmartX, 3.082
1622108380.773, lauv-roald, SmartX, 3.081
1622108381.273, lauv-roald, SmartX, 3.083
1622108381.773, lauv-roald, SmartX, 3.083
1622108382.273, lauv-roald, SmartX, 3.084
1622108382.774, lauv-roald, SmartX, 3.084
1622108383.273, lauv-roald, SmartX, 3.078
1622108383.773, lauv-roald, SmartX, 3.080
1622108384.273, lauv-roald, SmartX, 3.080
1622108384.773, lauv-roald, SmartX, 3.081
1622108385.273, lauv-roald, SmartX, 3.081
1622108385.773, lauv-roald, SmartX, 3.081
1622108386.273, lauv-roald, SmartX, 3.081
1622108386.773, lauv-roald, SmartX, 3.082
1622108387.273, lauv-roald, SmartX, 3.082
1622108387.773, lauv-roald, SmartX, 3.077
1622108388.273, lauv-roald, SmartX, 3.081
1622108388.773, lauv-roald, SmartX, 3.082
1622108389.273, lauv-roald, SmartX, 3.083
1622108389.773, lauv-roald, SmartX, 3.083
1622108390.273, lauv-roald, SmartX, 3.083
1622108390.773, lauv-roald, SmartX, 3.084
1622108391.273, lauv-roald, SmartX, 3.085
1622108391.773, lauv-roald, SmartX, 3.084
1622108392.273, lauv-roald, SmartX, 3.085
1622108392.772, lauv-roald, SmartX, 3.085
1622108393.272, lauv-roald, SmartX, 3.084
1622108393.773, lauv-roald, SmartX, 3.083
1622108394.273, lauv-roald, SmartX, 3.082
1622108394.772, lauv-roald, SmartX, 3.081
1622108395.272, lauv-roald, SmartX, 3.081
1622108395.772, lauv-roald, SmartX, 3.081
1622108396.272, lauv-roald, SmartX, 3.080
1622108396.772, lauv-roald, SmartX, 3.081
1622108397.272, lauv-roald, SmartX, 3.080
1622108397.772, lauv-roald, SmartX, 3.081
1622108398.272, lauv-roald, SmartX, 3.080
1622108398.772, lauv-roald, SmartX, 3.080
1622108399.272, lauv-roald, SmartX, 3.081
1622108399.772, lauv-roald, SmartX, 3.081
1622108400.272, lauv-roald, SmartX, 3.081
1622108400.772, lauv-roald, SmartX, 3.081
1622108401.272, lauv-roald, SmartX, 3.081
1622108401.772, lauv-roald, SmartX, 3.082
1622108402.272, lauv-roald, SmartX, 3.082
1622108402.772, lauv-roald, SmartX, 3.082
1622108403.272, lauv-roald, SmartX, 3.082
1622108403.772, lauv-roald, SmartX, 3.082
1622108404.272, lauv-roald, SmartX, 3.082
1622108404.773, lauv-roald, SmartX, 3.082
1622108405.272, lauv-roald, SmartX, 3.082
1622108405.772, lauv-roald, SmartX, 3.083
1622108406.272, lauv-roald, SmartX, 3.083
1622108406.772, lauv-roald, SmartX, 3.083
1622108407.272, lauv-roald, SmartX, 3.083
1622108407.772, lauv-roald, SmartX, 3.083
1622108408.272, lauv-roald, SmartX, 3.084
1622108408.772, lauv-roald, SmartX, 3.084
1622108409.271, lauv-roald, SmartX, 3.085
1622108409.771, lauv-roald, SmartX, 3.085
1622108410.271, lauv-roald, SmartX, 3.085
1622108410.772, lauv-roald, SmartX, 3.085
1622108411.271, lauv-roald, SmartX, 3.086
1622108411.771, lauv-roald, SmartX, 3.086
1622108412.271, lauv-roald, SmartX, 3.086
1622108412.771, lauv-roald, SmartX, 3.086
1622108413.271, lauv-roald, SmartX, 3.086
1622108413.771, lauv-roald, SmartX, 3.087
1622108414.271, lauv-roald, SmartX, 3.086
1622108414.771, lauv-roald, SmartX, 3.087
1622108415.271, lauv-roald, SmartX, 3.086
1622108415.771, lauv-roald, SmartX, 3.087
1622108416.271, lauv-roald, SmartX, 3.087
1622108416.771, lauv-roald, SmartX, 3.087
1622108417.271, lauv-roald, SmartX, 3.088
1622108417.771, lauv-roald, SmartX, 3.088
1622108418.271, lauv-roald, SmartX, 3.088
1622108418.771, lauv-roald, SmartX, 3.088
1622108419.271, lauv-roald, SmartX, 3.089
1622108419.771, lauv-roald, SmartX, 3.089
1622108420.271, lauv-roald, SmartX, 3.089
1622108420.771, lauv-roald, SmartX, 3.089
1622108421.271, lauv-roald, SmartX, 3.089
1622108421.771, lauv-roald, SmartX, 3.089
1622108422.270, lauv-roald, SmartX, 3.089
1622108422.771, lauv-roald, SmartX, 3.089
1622108423.270, lauv-roald, SmartX, 3.089
1622108423.770, lauv-roald, SmartX, 3.089
1622108424.271, lauv-roald, SmartX, 3.089
1622108424.770, lauv-roald, SmartX, 3.089
1622108425.270, lauv-roald, SmartX, 3.089
1622108425.770, lauv-roald, SmartX, 3.089
1622108426.270, lauv-roald, SmartX, 3.089
1622108426.770, lauv-roald, SmartX, 3.089
1622108427.270, lauv-roald, SmartX, 3.089
1622108427.770, lauv-roald, SmartX, 3.089
1622108428.270, lauv-roald, SmartX, 3.090
1622108428.770, lauv-roald, SmartX, 3.090
1622108429.270, lauv-roald, SmartX, 3.090
1622108429.770, lauv-roald, SmartX, 3.090
1622108430.270, lauv-roald, SmartX, 3.090
1622108430.771, lauv-roald, SmartX, 3.090
1622108431.270, lauv-roald, SmartX, 3.091
1622108431.770, lauv-roald, SmartX, 3.091
1622108432.270, lauv-roald, SmartX, 3.091
1622108432.770, lauv-roald, SmartX, 3.091
1622108433.270, lauv-roald, SmartX, 3.091
1622108433.772, lauv-roald, SmartX, 3.092
1622108434.270, lauv-roald, SmartX, 3.092
1622108434.770, lauv-roald, SmartX, 3.092
1622108435.270, lauv-roald, SmartX, 3.092
1622108435.770, lauv-roald, SmartX, 3.092
1622108436.270, lauv-roald, SmartX, 3.091
1622108436.769, lauv-roald, SmartX, 3.091
1622108437.269, lauv-roald, SmartX, 3.091
1622108437.769, lauv-roald, SmartX, 3.091
1622108438.270, lauv-roald, SmartX, 3.091
1622108438.769, lauv-roald, SmartX, 3.091
1622108439.270, lauv-roald, SmartX, 3.091
1622108439.769, lauv-roald, SmartX, 3.090
1622108440.270, lauv-roald, SmartX, 3.090
1622108440.769, lauv-roald, SmartX, 3.090
1622108441.270, lauv-roald, SmartX, 3.090
1622108441.770, lauv-roald, SmartX, 3.089
1622108442.270, lauv-roald, SmartX, 3.089
1622108442.769, lauv-roald, SmartX, 3.090
1622108443.270, lauv-roald, SmartX, 3.091
1622108443.769, lauv-roald, SmartX, 3.092
1622108444.270, lauv-roald, SmartX, 3.092
1622108444.769, lauv-roald, SmartX, 3.092
1622108445.270, lauv-roald, SmartX, 3.092
1622108445.769, lauv-roald, SmartX, 3.092
1622108446.270, lauv-roald, SmartX, 3.092
1622108446.769, lauv-roald, SmartX, 3.092
1622108447.270, lauv-roald, SmartX, 3.093
1622108447.769, lauv-roald, SmartX, 3.093
1622108448.270, lauv-roald, SmartX, 3.092
1622108448.769, lauv-roald, SmartX, 3.093
1622108449.269, lauv-roald, SmartX, 3.092
1622108449.769, lauv-roald, SmartX, 3.092
1622108450.269, lauv-roald, SmartX, 3.093
1622108450.769, lauv-roald, SmartX, 3.094
1622108451.269, lauv-roald, SmartX, 3.094
1622108451.769, lauv-roald, SmartX, 3.095
1622108452.269, lauv-roald, SmartX, 3.096
1622108452.769, lauv-roald, SmartX, 3.095
1622108453.268, lauv-roald, SmartX, 3.093
1622108453.769, lauv-roald, SmartX, 3.093
1622108454.268, lauv-roald, SmartX, 3.093
1622108454.768, lauv-roald, SmartX, 3.093
1622108455.268, lauv-roald, SmartX, 3.093
1622108455.768, lauv-roald, SmartX, 3.094
1622108456.268, lauv-roald, SmartX, 3.094
1622108456.768, lauv-roald, SmartX, 3.097
1622108457.268, lauv-roald, SmartX, 3.097
1622108457.768, lauv-roald, SmartX, 3.098
1622108458.268, lauv-roald, SmartX, 3.097
1622108458.768, lauv-roald, SmartX, 3.096
1622108459.268, lauv-roald, SmartX, 3.095
1622108459.768, lauv-roald, SmartX, 3.094
1622108460.268, lauv-roald, SmartX, 3.093
1622108460.768, lauv-roald, SmartX, 3.093
1622108461.268, lauv-roald, SmartX, 3.092
1622108461.768, lauv-roald, SmartX, 3.092
1622108462.268, lauv-roald, SmartX, 3.092
1622108462.768, lauv-roald, SmartX, 3.091
1622108463.268, lauv-roald, SmartX, 3.092
1622108463.768, lauv-roald, SmartX, 3.091
1622108464.268, lauv-roald, SmartX, 3.091
1622108464.768, lauv-roald, SmartX, 3.091
1622108465.268, lauv-roald, SmartX, 3.091
1622108465.768, lauv-roald, SmartX, 3.092
1622108466.267, lauv-roald, SmartX, 3.092
1622108466.768, lauv-roald, SmartX, 3.093
1622108467.268, lauv-roald, SmartX, 3.093
1622108467.768, lauv-roald, SmartX, 3.094
1622108468.267, lauv-roald, SmartX, 3.094
1622108468.768, lauv-roald, SmartX, 3.094
1622108469.268, lauv-roald, SmartX, 3.094
1622108469.767, lauv-roald, SmartX, 3.095
1622108470.267, lauv-roald, SmartX, 3.095
1622108470.767, lauv-roald, SmartX, 3.095
1622108471.267, lauv-roald, SmartX, 3.094
1622108471.767, lauv-roald, SmartX, 3.094
1622108472.267, lauv-roald, SmartX, 3.095
1622108472.767, lauv-roald, SmartX, 3.095
1622108473.267, lauv-roald, SmartX, 3.095
1622108473.767, lauv-roald, SmartX, 3.095
1622108474.267, lauv-roald, SmartX, 3.095
1622108474.767, lauv-roald, SmartX, 3.095
1622108475.267, lauv-roald, SmartX, 3.095
1622108475.767, lauv-roald, SmartX, 3.095
1622108476.267, lauv-roald, SmartX, 3.094
1622108476.767, lauv-roald, SmartX, 3.094
1622108477.267, lauv-roald, SmartX, 3.093
1622108477.767, lauv-roald, SmartX, 3.094
1622108478.267, lauv-roald, SmartX, 3.094
1622108478.767, lauv-roald, SmartX, 3.095
1622108479.267, lauv-roald, SmartX, 3.096
1622108479.767, lauv-roald, SmartX, 3.096
1622108480.267, lauv-roald, SmartX, 3.096
1622108480.767, lauv-roald, SmartX, 3.095
1622108481.266, lauv-roald, SmartX, 3.094
1622108481.767, lauv-roald, SmartX, 3.093
1622108482.267, lauv-roald, SmartX, 3.094
1622108482.766, lauv-roald, SmartX, 3.094
1622108483.266, lauv-roald, SmartX, 3.095
1622108483.766, lauv-roald, SmartX, 3.095
1622108484.266, lauv-roald, SmartX, 3.095
1622108484.766, lauv-roald, SmartX, 3.094
1622108485.266, lauv-roald, SmartX, 3.094
1622108485.766, lauv-roald, SmartX, 3.093
1622108486.266, lauv-roald, SmartX, 3.093
1622108486.767, lauv-roald, SmartX, 3.093
1622108487.266, lauv-roald, SmartX, 3.093
1622108487.766, lauv-roald, SmartX, 3.093
1622108488.266, lauv-roald, SmartX, 3.094
1622108488.766, lauv-roald, SmartX, 3.094
1622108489.266, lauv-roald, SmartX, 3.093
1622108489.766, lauv-roald, SmartX, 3.094
1622108490.266, lauv-roald, SmartX, 3.093
1622108490.766, lauv-roald, SmartX, 3.094
1622108491.266, lauv-roald, SmartX, 3.093
1622108491.766, lauv-roald, SmartX, 3.094
1622108492.266, lauv-roald, SmartX, 3.094
1622108492.766, lauv-roald, SmartX, 3.094
1622108493.266, lauv-roald, SmartX, 3.094
1622108493.766, lauv-roald, SmartX, 3.092
1622108494.266, lauv-roald, SmartX, 3.092
1622108494.766, lauv-roald, SmartX, 3.091
1622108495.266, lauv-roald, SmartX, 3.091
1622108495.765, lauv-roald, SmartX, 3.090
1622108496.266, lauv-roald, SmartX, 3.092
1622108496.765, lauv-roald, SmartX, 3.092
1622108497.266, lauv-roald, SmartX, 3.093
1622108497.766, lauv-roald, SmartX, 3.092
1622108498.265, lauv-roald, SmartX, 3.092
1622108498.765, lauv-roald, SmartX, 3.092
1622108499.265, lauv-roald, SmartX, 3.091
1622108499.765, lauv-roald, SmartX, 3.092
1622108500.265, lauv-roald, SmartX, 3.092
1622108500.765, lauv-roald, SmartX, 3.093
1622108501.265, lauv-roald, SmartX, 3.092
1622108501.765, lauv-roald, SmartX, 3.093
1622108502.265, lauv-roald, SmartX, 3.091
1622108502.765, lauv-roald, SmartX, 3.090
1622108503.265, lauv-roald, SmartX, 3.089
1622108503.765, lauv-roald, SmartX, 3.089
1622108504.265, lauv-roald, SmartX, 3.090
1622108504.765, lauv-roald, SmartX, 3.091
1622108505.265, lauv-roald, SmartX, 3.091
1622108505.765, lauv-roald, SmartX, 3.092
1622108506.265, lauv-roald, SmartX, 3.093
1622108506.765, lauv-roald, SmartX, 3.093
1622108507.265, lauv-roald, SmartX, 3.094
1622108507.765, lauv-roald, SmartX, 3.094
1622108508.265, lauv-roald, SmartX, 3.095
1622108508.765, lauv-roald, SmartX, 3.095
1622108509.265, lauv-roald, SmartX, 3.095
1622108509.765, lauv-roald, SmartX, 3.093
1622108510.265, lauv-roald, SmartX, 3.093
1622108510.765, lauv-roald, SmartX, 3.093
1622108511.264, lauv-roald, SmartX, 3.092
1622108511.764, lauv-roald, SmartX, 3.092
1622108512.265, lauv-roald, SmartX, 3.093
1622108512.764, lauv-roald, SmartX, 3.094
1622108513.264, lauv-roald, SmartX, 3.095
1622108513.764, lauv-roald, SmartX, 3.094
1622108514.264, lauv-roald, SmartX, 3.094
1622108514.764, lauv-roald, SmartX, 3.093
1622108515.264, lauv-roald, SmartX, 3.093
1622108515.764, lauv-roald, SmartX, 3.093
1622108516.264, lauv-roald, SmartX, 3.095
1622108516.764, lauv-roald, SmartX, 3.094
1622108517.264, lauv-roald, SmartX, 3.095
1622108517.764, lauv-roald, SmartX, 3.095
1622108518.264, lauv-roald, SmartX, 3.095
1622108518.764, lauv-roald, SmartX, 3.095
1622108519.264, lauv-roald, SmartX, 3.095
1622108519.764, lauv-roald, SmartX, 3.095
1622108520.264, lauv-roald, SmartX, 3.095
1622108520.764, lauv-roald, SmartX, 3.095
1622108521.264, lauv-roald, SmartX, 3.095
1622108521.764, lauv-roald, SmartX, 3.095
1622108522.264, lauv-roald, SmartX, 3.095
1622108522.764, lauv-roald, SmartX, 3.096
1622108523.264, lauv-roald, SmartX, 3.096
1622108523.764, lauv-roald, SmartX, 3.096
1622108524.264, lauv-roald, SmartX, 3.096
1622108524.764, lauv-roald, SmartX, 3.096
1622108525.264, lauv-roald, SmartX, 3.095
1622108525.764, lauv-roald, SmartX, 3.094
1622108526.264, lauv-roald, SmartX, 3.094
1622108526.764, lauv-roald, SmartX, 3.095
1622108527.264, lauv-roald, SmartX, 3.096
1622108527.763, lauv-roald, SmartX, 3.095
1622108528.263, lauv-roald, SmartX, 3.094
1622108528.763, lauv-roald, SmartX, 3.092
1622108529.263, lauv-roald, SmartX, 3.090
1622108529.763, lauv-roald, SmartX, 3.090
1622108530.263, lauv-roald, SmartX, 3.093
1622108530.763, lauv-roald, SmartX, 3.094
1622108531.263, lauv-roald, SmartX, 3.095
1622108531.763, lauv-roald, SmartX, 3.095
1622108532.263, lauv-roald, SmartX, 3.095
1622108532.763, lauv-roald, SmartX, 3.095
1622108533.263, lauv-roald, SmartX, 3.092
1622108533.763, lauv-roald, SmartX, 3.090
1622108534.263, lauv-roald, SmartX, 3.089
1622108534.763, lauv-roald, SmartX, 3.088
1622108535.263, lauv-roald, SmartX, 3.088
1622108535.763, lauv-roald, SmartX, 3.088
1622108536.263, lauv-roald, SmartX, 3.090
1622108536.763, lauv-roald, SmartX, 3.092
1622108537.263, lauv-roald, SmartX, 3.092
1622108537.763, lauv-roald, SmartX, 3.091
1622108538.263, lauv-roald, SmartX, 3.089
1622108538.763, lauv-roald, SmartX, 3.087
1622108539.263, lauv-roald, SmartX, 3.088
1622108539.763, lauv-roald, SmartX, 3.088
1622108540.263, lauv-roald, SmartX, 3.088
1622108540.763, lauv-roald, SmartX, 3.090
1622108541.262, lauv-roald, SmartX, 3.091
1622108541.763, lauv-roald, SmartX, 3.091
1622108542.262, lauv-roald, SmartX, 3.088
1622108542.762, lauv-roald, SmartX, 3.087
1622108543.262, lauv-roald, SmartX, 3.087
1622108543.762, lauv-roald, SmartX, 3.088
1622108544.262, lauv-roald, SmartX, 3.088
1622108544.762, lauv-roald, SmartX, 3.089
1622108545.262, lauv-roald, SmartX, 3.090
1622108545.762, lauv-roald, SmartX, 3.090
1622108546.262, lauv-roald, SmartX, 3.091
1622108546.762, lauv-roald, SmartX, 3.091
1622108547.262, lauv-roald, SmartX, 3.090
1622108547.762, lauv-roald, SmartX, 3.089
1622108548.262, lauv-roald, SmartX, 3.090
1622108548.762, lauv-roald, SmartX, 3.090
1622108549.262, lauv-roald, SmartX, 3.089
1622108549.762, lauv-roald, SmartX, 3.089
1622108550.262, lauv-roald, SmartX, 3.088
1622108550.762, lauv-roald, SmartX, 3.087
1622108551.262, lauv-roald, SmartX, 3.086
1622108551.762, lauv-roald, SmartX, 3.086
1622108552.262, lauv-roald, SmartX, 3.086
1622108552.762, lauv-roald, SmartX, 3.086
1622108553.262, lauv-roald, SmartX, 3.086
1622108553.762, lauv-roald, SmartX, 3.086
1622108554.262, lauv-roald, SmartX, 3.087
1622108554.762, lauv-roald, SmartX, 3.086
1622108555.262, lauv-roald, SmartX, 3.086
1622108555.762, lauv-roald, SmartX, 3.085
1622108556.262, lauv-roald, SmartX, 3.085
1622108556.761, lauv-roald, SmartX, 3.085
1622108557.261, lauv-roald, SmartX, 3.085
1622108557.762, lauv-roald, SmartX, 3.085
1622108558.262, lauv-roald, SmartX, 3.085
1622108558.761, lauv-roald, SmartX, 3.085
1622108559.261, lauv-roald, SmartX, 3.086
1622108559.761, lauv-roald, SmartX, 3.086
1622108560.261, lauv-roald, SmartX, 3.087
1622108560.761, lauv-roald, SmartX, 3.087
1622108561.261, lauv-roald, SmartX, 3.087
1622108561.761, lauv-roald, SmartX, 3.087
1622108562.261, lauv-roald, SmartX, 3.087
1622108562.761, lauv-roald, SmartX, 3.086
1622108563.261, lauv-roald, SmartX, 3.086
1622108563.761, lauv-roald, SmartX, 3.086
1622108564.261, lauv-roald, SmartX, 3.085
1622108564.761, lauv-roald, SmartX, 3.086
1622108565.261, lauv-roald, SmartX, 3.086
1622108565.761, lauv-roald, SmartX, 3.086
1622108566.261, lauv-roald, SmartX, 3.086
1622108566.761, lauv-roald, SmartX, 3.086
1622108567.261, lauv-roald, SmartX, 3.086
1622108567.761, lauv-roald, SmartX, 3.086
1622108568.261, lauv-roald, SmartX, 3.086
1622108568.761, lauv-roald, SmartX, 3.085
1622108569.261, lauv-roald, SmartX, 3.086
1622108569.761, lauv-roald, SmartX, 3.086
1622108570.261, lauv-roald, SmartX, 3.086
1622108570.760, lauv-roald, SmartX, 3.086
1622108571.261, lauv-roald, SmartX, 3.086
1622108571.760, lauv-roald, SmartX, 3.086
1622108572.260, lauv-roald, SmartX, 3.086
1622108572.760, lauv-roald, SmartX, 3.086
1622108573.261, lauv-roald, SmartX, 3.086
1622108573.760, lauv-roald, SmartX, 3.085
1622108574.260, lauv-roald, SmartX, 3.086
1622108574.760, lauv-roald, SmartX, 3.085
1622108575.260, lauv-roald, SmartX, 3.085
1622108575.760, lauv-roald, SmartX, 3.086
1622108576.260, lauv-roald, SmartX, 3.088
1622108576.760, lauv-roald, SmartX, 3.086
1622108577.260, lauv-roald, SmartX, 3.086
1622108577.760, lauv-roald, SmartX, 3.086
1622108578.260, lauv-roald, SmartX, 3.086
1622108578.760, lauv-roald, SmartX, 3.086
1622108579.260, lauv-roald, SmartX, 3.086
1622108579.760, lauv-roald, SmartX, 3.086
1622108580.260, lauv-roald, SmartX, 3.087
1622108580.760, lauv-roald, SmartX, 3.087
1622108581.260, lauv-roald, SmartX, 3.087
1622108581.760, lauv-roald, SmartX, 3.087
1622108582.260, lauv-roald, SmartX, 3.087
1622108582.760, lauv-roald, SmartX, 3.087
1622108583.260, lauv-roald, SmartX, 3.087
1622108583.760, lauv-roald, SmartX, 3.087
1622108584.260, lauv-roald, SmartX, 3.086
1622108584.760, lauv-roald, SmartX, 3.086
1622108585.259, lauv-roald, SmartX, 3.086
1622108585.760, lauv-roald, SmartX, 3.087
1622108586.259, lauv-roald, SmartX, 3.085
1622108586.759, lauv-roald, SmartX, 3.085
1622108587.259, lauv-roald, SmartX, 3.085
1622108587.759, lauv-roald, SmartX, 3.086
1622108588.259, lauv-roald, SmartX, 3.086
1622108588.759, lauv-roald, SmartX, 3.086
1622108589.259, lauv-roald, SmartX, 3.087
1622108589.759, lauv-roald, SmartX, 3.087
1622108590.259, lauv-roald, SmartX, 3.087
1622108590.759, lauv-roald, SmartX, 3.088
1622108591.259, lauv-roald, SmartX, 3.087
1622108591.759, lauv-roald, SmartX, 3.087
1622108592.259, lauv-roald, SmartX, 3.087
1622108592.759, lauv-roald, SmartX, 3.088
1622108593.259, lauv-roald, SmartX, 3.087
1622108593.759, lauv-roald, SmartX, 3.087
1622108594.259, lauv-roald, SmartX, 3.088
1622108594.759, lauv-roald, SmartX, 3.087
1622108595.259, lauv-roald, SmartX, 3.087
1622108595.759, lauv-roald, SmartX, 3.087
1622108596.259, lauv-roald, SmartX, 3.087
1622108596.759, lauv-roald, SmartX, 3.088
1622108597.259, lauv-roald, SmartX, 3.089
1622108597.759, lauv-roald, SmartX, 3.089
1622108598.259, lauv-roald, SmartX, 3.088
1622108598.759, lauv-roald, SmartX, 3.088
1622108599.259, lauv-roald, SmartX, 3.088
1622108599.759, lauv-roald, SmartX, 3.088
1622108600.259, lauv-roald, SmartX, 3.088
1622108600.758, lauv-roald, SmartX, 3.088
1622108601.258, lauv-roald, SmartX, 3.088
1622108601.758, lauv-roald, SmartX, 3.088
1622108602.258, lauv-roald, SmartX, 3.088
1622108602.758, lauv-roald, SmartX, 3.089
1622108603.258, lauv-roald, SmartX, 3.089
1622108603.758, lauv-roald, SmartX, 3.088
1622108604.258, lauv-roald, SmartX, 3.088
1622108604.758, lauv-roald, SmartX, 3.088
1622108605.258, lauv-roald, SmartX, 3.088
1622108605.758, lauv-roald, SmartX, 3.089
1622108606.258, lauv-roald, SmartX, 3.089
1622108606.758, lauv-roald, SmartX, 3.089
1622108607.258, lauv-roald, SmartX, 3.089
1622108607.758, lauv-roald, SmartX, 3.089
1622108608.258, lauv-roald, SmartX, 3.089
1622108608.758, lauv-roald, SmartX, 3.090
1622108609.258, lauv-roald, SmartX, 3.089
1622108609.758, lauv-roald, SmartX, 3.089
1622108610.259, lauv-roald, SmartX, 3.089
1622108610.758, lauv-roald, SmartX, 3.089
1622108611.258, lauv-roald, SmartX, 3.090
1622108611.758, lauv-roald, SmartX, 3.090
1622108612.258, lauv-roald, SmartX, 3.090
1622108612.758, lauv-roald, SmartX, 3.090
1622108613.258, lauv-roald, SmartX, 3.092
1622108613.758, lauv-roald, SmartX, 3.092
1622108614.257, lauv-roald, SmartX, 3.092
1622108614.758, lauv-roald, SmartX, 3.092
1622108615.257, lauv-roald, SmartX, 3.091
1622108615.757, lauv-roald, SmartX, 3.091
1622108616.257, lauv-roald, SmartX, 3.090
1622108616.757, lauv-roald, SmartX, 3.090
1622108617.257, lauv-roald, SmartX, 3.092
1622108617.757, lauv-roald, SmartX, 3.094
1622108618.257, lauv-roald, SmartX, 3.097
1622108618.757, lauv-roald, SmartX, 3.098
1622108619.257, lauv-roald, SmartX, 3.099
1622108619.757, lauv-roald, SmartX, 3.099
1622108620.257, lauv-roald, SmartX, 3.099
1622108620.757, lauv-roald, SmartX, 3.099
1622108621.257, lauv-roald, SmartX, 3.101
1622108621.757, lauv-roald, SmartX, 3.103
1622108622.257, lauv-roald, SmartX, 3.102
1622108622.757, lauv-roald, SmartX, 3.102
1622108623.257, lauv-roald, SmartX, 3.102
1622108623.757, lauv-roald, SmartX, 3.101
1622108624.257, lauv-roald, SmartX, 3.101
1622108624.756, lauv-roald, SmartX, 3.100
1622108625.257, lauv-roald, SmartX, 3.100
1622108625.757, lauv-roald, SmartX, 3.100
1622108626.256, lauv-roald, SmartX, 3.101
1622108626.757, lauv-roald, SmartX, 3.101
1622108627.257, lauv-roald, SmartX, 3.101
1622108627.757, lauv-roald, SmartX, 3.102
1622108628.257, lauv-roald, SmartX, 3.102
1622108628.757, lauv-roald, SmartX, 3.102
1622108629.256, lauv-roald, SmartX, 3.102
1622108629.756, lauv-roald, SmartX, 3.102
1622108630.256, lauv-roald, SmartX, 3.102
1622108630.756, lauv-roald, SmartX, 3.103
1622108631.256, lauv-roald, SmartX, 3.102
1622108631.756, lauv-roald, SmartX, 3.102
1622108632.256, lauv-roald, SmartX, 3.101
1622108632.756, lauv-roald, SmartX, 3.100
1622108633.256, lauv-roald, SmartX, 3.099
1622108633.756, lauv-roald, SmartX, 3.098
1622108634.256, lauv-roald, SmartX, 3.098
1622108634.756, lauv-roald, SmartX, 3.098
1622108635.256, lauv-roald, SmartX, 3.097
1622108635.756, lauv-roald, SmartX, 3.097
1622108636.256, lauv-roald, SmartX, 3.097
1622108636.756, lauv-roald, SmartX, 3.097
1622108637.256, lauv-roald, SmartX, 3.097
1622108637.756, lauv-roald, SmartX, 3.097
1622108638.256, lauv-roald, SmartX, 3.097
1622108638.756, lauv-roald, SmartX, 3.097
1622108639.256, lauv-roald, SmartX, 3.097
1622108639.756, lauv-roald, SmartX, 3.097
1622108640.256, lauv-roald, SmartX, 3.096
1622108640.756, lauv-roald, SmartX, 3.096
1622108641.256, lauv-roald, SmartX, 3.095
1622108641.756, lauv-roald, SmartX, 3.095
1622108642.256, lauv-roald, SmartX, 3.096
1622108642.756, lauv-roald, SmartX, 3.096
1622108643.256, lauv-roald, SmartX, 3.097
1622108643.756, lauv-roald, SmartX, 3.097
1622108644.256, lauv-roald, SmartX, 3.097
1622108644.756, lauv-roald, SmartX, 3.097
1622108645.256, lauv-roald, SmartX, 3.096
1622108645.756, lauv-roald, SmartX, 3.096
1622108646.255, lauv-roald, SmartX, 3.096
1622108646.755, lauv-roald, SmartX, 3.096
1622108647.255, lauv-roald, SmartX, 3.096
1622108647.755, lauv-roald, SmartX, 3.095
1622108648.255, lauv-roald, SmartX, 3.095
1622108648.755, lauv-roald, SmartX, 3.095
1622108649.255, lauv-roald, SmartX, 3.095
1622108649.755, lauv-roald, SmartX, 3.095
1622108650.255, lauv-roald, SmartX, 3.095
1622108650.755, lauv-roald, SmartX, 3.095
1622108651.255, lauv-roald, SmartX, 3.095
1622108651.755, lauv-roald, SmartX, 3.095
1622108652.255, lauv-roald, SmartX, 3.095
1622108652.755, lauv-roald, SmartX, 3.095
1622108653.255, lauv-roald, SmartX, 3.095
1622108653.755, lauv-roald, SmartX, 3.094
1622108654.255, lauv-roald, SmartX, 3.094
1622108654.755, lauv-roald, SmartX, 3.094
1622108655.255, lauv-roald, SmartX, 3.094
1622108655.755, lauv-roald, SmartX, 3.094
1622108656.255, lauv-roald, SmartX, 3.093
1622108656.755, lauv-roald, SmartX, 3.093
1622108657.255, lauv-roald, SmartX, 3.093
1622108657.755, lauv-roald, SmartX, 3.093
1622108658.255, lauv-roald, SmartX, 3.093
1622108658.755, lauv-roald, SmartX, 3.094
1622108659.254, lauv-roald, SmartX, 3.095
1622108659.755, lauv-roald, SmartX, 3.095
1622108660.254, lauv-roald, SmartX, 3.095
1622108660.755, lauv-roald, SmartX, 3.095
1622108661.255, lauv-roald, SmartX, 3.096
1622108661.754, lauv-roald, SmartX, 3.097
1622108662.254, lauv-roald, SmartX, 3.097
1622108662.754, lauv-roald, SmartX, 3.097
1622108663.254, lauv-roald, SmartX, 3.098
1622108663.754, lauv-roald, SmartX, 3.097
1622108664.254, lauv-roald, SmartX, 3.097
1622108664.754, lauv-roald, SmartX, 3.097
1622108665.254, lauv-roald, SmartX, 3.097
1622108665.754, lauv-roald, SmartX, 3.096
1622108666.254, lauv-roald, SmartX, 3.097
1622108666.754, lauv-roald, SmartX, 3.096
1622108667.254, lauv-roald, SmartX, 3.096
1622108667.754, lauv-roald, SmartX, 3.096
1622108668.254, lauv-roald, SmartX, 3.096
1622108668.754, lauv-roald, SmartX, 3.096
1622108669.254, lauv-roald, SmartX, 3.097
1622108669.754, lauv-roald, SmartX, 3.097
1622108670.254, lauv-roald, SmartX, 3.095
1622108670.754, lauv-roald, SmartX, 3.095
1622108671.254, lauv-roald, SmartX, 3.094
1622108671.754, lauv-roald, SmartX, 3.095
1622108672.254, lauv-roald, SmartX, 3.095
1622108672.754, lauv-roald, SmartX, 3.096
1622108673.254, lauv-roald, SmartX, 3.095
1622108673.754, lauv-roald, SmartX, 3.095
1622108674.254, lauv-roald, SmartX, 3.095
1622108674.754, lauv-roald, SmartX, 3.095
1622108675.254, lauv-roald, SmartX, 3.095
1622108675.754, lauv-roald, SmartX, 3.095
1622108676.253, lauv-roald, SmartX, 3.094
1622108676.753, lauv-roald, SmartX, 3.093
1622108677.253, lauv-roald, SmartX, 3.092
1622108677.753, lauv-roald, SmartX, 3.090
1622108678.253, lauv-roald, SmartX, 3.089
1622108678.753, lauv-roald, SmartX, 3.089
1622108679.253, lauv-roald, SmartX, 3.090
1622108679.753, lauv-roald, SmartX, 3.089
1622108680.253, lauv-roald, SmartX, 3.091
1622108680.753, lauv-roald, SmartX, 3.093
1622108681.253, lauv-roald, SmartX, 3.094
1622108681.753, lauv-roald, SmartX, 3.095
1622108682.253, lauv-roald, SmartX, 3.094
1622108682.753, lauv-roald, SmartX, 3.094
1622108683.253, lauv-roald, SmartX, 3.095
1622108683.753, lauv-roald, SmartX, 3.095
1622108684.253, lauv-roald, SmartX, 3.095
1622108684.753, lauv-roald, SmartX, 3.094
1622108685.253, lauv-roald, SmartX, 3.094
1622108685.753, lauv-roald, SmartX, 3.091
1622108686.253, lauv-roald, SmartX, 3.081
1622108686.753, lauv-roald, SmartX, 3.085
1622108687.253, lauv-roald, SmartX, 3.082
1622108687.753, lauv-roald, SmartX, 3.082
1622108688.253, lauv-roald, SmartX, 3.089
1622108688.752, lauv-roald, SmartX, 3.090
1622108689.252, lauv-roald, SmartX, 3.091
1622108689.753, lauv-roald, SmartX, 3.091
1622108690.252, lauv-roald, SmartX, 3.088
1622108690.752, lauv-roald, SmartX, 3.092
1622108691.252, lauv-roald, SmartX, 3.092
1622108691.752, lauv-roald, SmartX, 3.091
1622108692.252, lauv-roald, SmartX, 3.090
1622108692.752, lauv-roald, SmartX, 3.088
1622108693.252, lauv-roald, SmartX, 3.089
1622108693.752, lauv-roald, SmartX, 3.089
1622108694.252, lauv-roald, SmartX, 3.080
1622108694.752, lauv-roald, SmartX, 3.077
1622108695.252, lauv-roald, SmartX, 3.076
1622108695.752, lauv-roald, SmartX, 3.075
1622108696.252, lauv-roald, SmartX, 3.075
1622108696.752, lauv-roald, SmartX, 3.075
1622108697.252, lauv-roald, SmartX, 3.075
1622108697.752, lauv-roald, SmartX, 3.075
1622108698.252, lauv-roald, SmartX, 3.076
1622108698.752, lauv-roald, SmartX, 3.077
1622108699.252, lauv-roald, SmartX, 3.076
1622108699.752, lauv-roald, SmartX, 3.075
1622108700.252, lauv-roald, SmartX, 3.078
1622108700.752, lauv-roald, SmartX, 3.080
1622108701.252, lauv-roald, SmartX, 3.080
1622108701.752, lauv-roald, SmartX, 3.079
1622108702.252, lauv-roald, SmartX, 3.080
1622108702.752, lauv-roald, SmartX, 3.083
1622108703.252, lauv-roald, SmartX, 3.084
1622108703.752, lauv-roald, SmartX, 3.087
1622108704.252, lauv-roald, SmartX, 3.088
1622108704.752, lauv-roald, SmartX, 3.089
1622108705.251, lauv-roald, SmartX, 3.090
1622108705.751, lauv-roald, SmartX, 3.090
1622108706.251, lauv-roald, SmartX, 3.091
1622108706.751, lauv-roald, SmartX, 3.092
1622108707.251, lauv-roald, SmartX, 3.092
1622108707.751, lauv-roald, SmartX, 3.093
1622108708.251, lauv-roald, SmartX, 3.092
1622108708.751, lauv-roald, SmartX, 3.093
1622108709.251, lauv-roald, SmartX, 3.093
1622108709.751, lauv-roald, SmartX, 3.092
1622108710.251, lauv-roald, SmartX, 3.091
1622108710.751, lauv-roald, SmartX, 3.090
1622108711.251, lauv-roald, SmartX, 3.090
1622108711.751, lauv-roald, SmartX, 3.091
1622108712.251, lauv-roald, SmartX, 3.092
1622108712.751, lauv-roald, SmartX, 3.092
1622108713.251, lauv-roald, SmartX, 3.092
1622108713.751, lauv-roald, SmartX, 3.093
1622108714.251, lauv-roald, SmartX, 3.092
1622108714.751, lauv-roald, SmartX, 3.092
1622108715.251, lauv-roald, SmartX, 3.093
1622108715.751, lauv-roald, SmartX, 3.094
1622108716.251, lauv-roald, SmartX, 3.094
1622108716.751, lauv-roald, SmartX, 3.094
1622108717.251, lauv-roald, SmartX, 3.093
1622108717.751, lauv-roald, SmartX, 3.093
1622108718.251, lauv-roald, SmartX, 3.094
1622108718.751, lauv-roald, SmartX, 3.094
1622108719.251, lauv-roald, SmartX, 3.094
1622108719.751, lauv-roald, SmartX, 3.094
1622108720.250, lauv-roald, SmartX, 3.094
1622108720.751, lauv-roald, SmartX, 3.094
1622108721.250, lauv-roald, SmartX, 3.093
1622108721.750, lauv-roald, SmartX, 3.093
1622108722.250, lauv-roald, SmartX, 3.094
1622108722.750, lauv-roald, SmartX, 3.095
1622108723.250, lauv-roald, SmartX, 3.094
1622108723.750, lauv-roald, SmartX, 3.094
1622108724.250, lauv-roald, SmartX, 3.094
1622108724.750, lauv-roald, SmartX, 3.094
1622108725.250, lauv-roald, SmartX, 3.094
1622108725.750, lauv-roald, SmartX, 3.093
1622108726.250, lauv-roald, SmartX, 3.093
1622108726.750, lauv-roald, SmartX, 3.093
1622108727.250, lauv-roald, SmartX, 3.092
1622108727.750, lauv-roald, SmartX, 3.092
1622108728.250, lauv-roald, SmartX, 3.091
1622108728.750, lauv-roald, SmartX, 3.090
1622108729.250, lauv-roald, SmartX, 3.090
1622108729.750, lauv-roald, SmartX, 3.090
1622108730.250, lauv-roald, SmartX, 3.089
1622108730.750, lauv-roald, SmartX, 3.089
1622108731.250, lauv-roald, SmartX, 3.089
1622108731.750, lauv-roald, SmartX, 3.089
1622108732.250, lauv-roald, SmartX, 3.089
1622108732.750, lauv-roald, SmartX, 3.089
1622108733.250, lauv-roald, SmartX, 3.088
1622108733.750, lauv-roald, SmartX, 3.088
1622108734.250, lauv-roald, SmartX, 3.088
1622108734.749, lauv-roald, SmartX, 3.088
1622108735.249, lauv-roald, SmartX, 3.088
1622108735.750, lauv-roald, SmartX, 3.088
1622108736.249, lauv-roald, SmartX, 3.088
1622108736.749, lauv-roald, SmartX, 3.087
1622108737.249, lauv-roald, SmartX, 3.087
1622108737.749, lauv-roald, SmartX, 3.087
1622108738.249, lauv-roald, SmartX, 3.087
1622108738.749, lauv-roald, SmartX, 3.087
1622108739.249, lauv-roald, SmartX, 3.087
1622108739.749, lauv-roald, SmartX, 3.087
1622108740.249, lauv-roald, SmartX, 3.087
1622108740.749, lauv-roald, SmartX, 3.087
1622108741.250, lauv-roald, SmartX, 3.086
1622108741.749, lauv-roald, SmartX, 3.087
1622108742.249, lauv-roald, SmartX, 3.086
1622108742.749, lauv-roald, SmartX, 3.086
1622108743.249, lauv-roald, SmartX, 3.086
1622108743.749, lauv-roald, SmartX, 3.086
1622108744.249, lauv-roald, SmartX, 3.086
1622108744.749, lauv-roald, SmartX, 3.086
1622108745.249, lauv-roald, SmartX, 3.086
1622108745.749, lauv-roald, SmartX, 3.086
1622108746.249, lauv-roald, SmartX, 3.086
1622108746.749, lauv-roald, SmartX, 3.086
1622108747.249, lauv-roald, SmartX, 3.086
1622108747.749, lauv-roald, SmartX, 3.086
1622108748.249, lauv-roald, SmartX, 3.086
1622108748.749, lauv-roald, SmartX, 3.086
1622108749.249, lauv-roald, SmartX, 3.086
1622108749.749, lauv-roald, SmartX, 3.086
1622108750.249, lauv-roald, SmartX, 3.086
1622108750.749, lauv-roald, SmartX, 3.086
1622108751.248, lauv-roald, SmartX, 3.086
1622108751.748, lauv-roald, SmartX, 3.086
1622108752.248, lauv-roald, SmartX, 3.086
1622108752.749, lauv-roald, SmartX, 3.086
1622108753.248, lauv-roald, SmartX, 3.086
1622108753.748, lauv-roald, SmartX, 3.086
1622108754.248, lauv-roald, SmartX, 3.086
1622108754.748, lauv-roald, SmartX, 3.086
1622108755.248, lauv-roald, SmartX, 3.085
1622108755.748, lauv-roald, SmartX, 3.086
1622108756.248, lauv-roald, SmartX, 3.086
1622108756.748, lauv-roald, SmartX, 3.086
1622108757.248, lauv-roald, SmartX, 3.086
1622108757.748, lauv-roald, SmartX, 3.086
1622108758.248, lauv-roald, SmartX, 3.086
1622108758.748, lauv-roald, SmartX, 3.086
1622108759.248, lauv-roald, SmartX, 3.086
1622108759.748, lauv-roald, SmartX, 3.086
1622108760.248, lauv-roald, SmartX, 3.086
1622108760.748, lauv-roald, SmartX, 3.085
1622108761.248, lauv-roald, SmartX, 3.086
1622108761.748, lauv-roald, SmartX, 3.086
1622108762.248, lauv-roald, SmartX, 3.086
1622108762.748, lauv-roald, SmartX, 3.086
1622108763.248, lauv-roald, SmartX, 3.085
1622108763.748, lauv-roald, SmartX, 3.086
1622108764.247, lauv-roald, SmartX, 3.086
1622108764.747, lauv-roald, SmartX, 3.086
1622108765.248, lauv-roald, SmartX, 3.086
1622108765.747, lauv-roald, SmartX, 3.085
1622108766.247, lauv-roald, SmartX, 3.086
1622108766.747, lauv-roald, SmartX, 3.086
1622108767.247, lauv-roald, SmartX, 3.086
1622108767.747, lauv-roald, SmartX, 3.086
1622108768.247, lauv-roald, SmartX, 3.086
1622108768.747, lauv-roald, SmartX, 3.086
1622108769.247, lauv-roald, SmartX, 3.086
1622108769.747, lauv-roald, SmartX, 3.085
1622108770.247, lauv-roald, SmartX, 3.086
1622108770.747, lauv-roald, SmartX, 3.086
1622108771.247, lauv-roald, SmartX, 3.086
1622108771.747, lauv-roald, SmartX, 3.086
1622108772.247, lauv-roald, SmartX, 3.086
1622108772.747, lauv-roald, SmartX, 3.086
1622108773.247, lauv-roald, SmartX, 3.086
1622108773.747, lauv-roald, SmartX, 3.086
1622108774.247, lauv-roald, SmartX, 3.086
1622108774.747, lauv-roald, SmartX, 3.086
1622108775.247, lauv-roald, SmartX, 3.086
1622108775.747, lauv-roald, SmartX, 3.086
1622108776.247, lauv-roald, SmartX, 3.086
1622108776.747, lauv-roald, SmartX, 3.086
1622108777.247, lauv-roald, SmartX, 3.085
1622108777.747, lauv-roald, SmartX, 3.086
1622108778.247, lauv-roald, SmartX, 3.086
1622108778.747, lauv-roald, SmartX, 3.086
1622108779.247, lauv-roald, SmartX, 3.086
1622108779.747, lauv-roald, SmartX, 3.086
1622108780.246, lauv-roald, SmartX, 3.086
1622108780.746, lauv-roald, SmartX, 3.086
1622108781.247, lauv-roald, SmartX, 3.086
1622108781.746, lauv-roald, SmartX, 3.086
1622108782.246, lauv-roald, SmartX, 3.086
1622108782.746, lauv-roald, SmartX, 3.086
1622108783.246, lauv-roald, SmartX, 3.086
1622108783.746, lauv-roald, SmartX, 3.086
1622108784.246, lauv-roald, SmartX, 3.086
1622108784.746, lauv-roald, SmartX, 3.086
1622108785.246, lauv-roald, SmartX, 3.086
1622108785.746, lauv-roald, SmartX, 3.086
1622108786.246, lauv-roald, SmartX, 3.086
1622108786.746, lauv-roald, SmartX, 3.086
1622108787.246, lauv-roald, SmartX, 3.086
1622108787.746, lauv-roald, SmartX, 3.086
1622108788.246, lauv-roald, SmartX, 3.086
1622108788.746, lauv-roald, SmartX, 3.086
1622108789.246, lauv-roald, SmartX, 3.086
1622108789.746, lauv-roald, SmartX, 3.086
1622108790.246, lauv-roald, SmartX, 3.086
1622108790.746, lauv-roald, SmartX, 3.086
1622108791.246, lauv-roald, SmartX, 3.086
1622108791.746, lauv-roald, SmartX, 3.086
1622108792.246, lauv-roald, SmartX, 3.086
1622108792.746, lauv-roald, SmartX, 3.086
1622108793.245, lauv-roald, SmartX, 3.086
1622108793.746, lauv-roald, SmartX, 3.086
1622108794.245, lauv-roald, SmartX, 3.086
1622108794.746, lauv-roald, SmartX, 3.086
1622108795.245, lauv-roald, SmartX, 3.086
1622108795.745, lauv-roald, SmartX, 3.086
1622108796.245, lauv-roald, SmartX, 3.086
1622108796.745, lauv-roald, SmartX, 3.086
1622108797.245, lauv-roald, SmartX, 3.086
1622108797.745, lauv-roald, SmartX, 3.086
1622108798.245, lauv-roald, SmartX, 3.086
1622108798.745, lauv-roald, SmartX, 3.086
1622108799.245, lauv-roald, SmartX, 3.086
1622108799.745, lauv-roald, SmartX, 3.087
1622108800.245, lauv-roald, SmartX, 3.087
1622108800.745, lauv-roald, SmartX, 3.087
1622108801.245, lauv-roald, SmartX, 3.088
1622108801.745, lauv-roald, SmartX, 3.088
1622108802.245, lauv-roald, SmartX, 3.089
1622108802.745, lauv-roald, SmartX, 3.089
1622108803.245, lauv-roald, SmartX, 3.089
1622108803.745, lauv-roald, SmartX, 3.089
1622108804.245, lauv-roald, SmartX, 3.089
1622108804.745, lauv-roald, SmartX, 3.090
1622108805.245, lauv-roald, SmartX, 3.091
1622108805.745, lauv-roald, SmartX, 3.091
1622108806.245, lauv-roald, SmartX, 3.092
1622108806.745, lauv-roald, SmartX, 3.092
1622108807.245, lauv-roald, SmartX, 3.092
1622108807.745, lauv-roald, SmartX, 3.092
1622108808.244, lauv-roald, SmartX, 3.092
1622108808.745, lauv-roald, SmartX, 3.092
1622108809.244, lauv-roald, SmartX, 3.092
1622108809.744, lauv-roald, SmartX, 3.091
1622108810.244, lauv-roald, SmartX, 3.090
1622108810.744, lauv-roald, SmartX, 3.090
1622108811.244, lauv-roald, SmartX, 3.090
1622108811.744, lauv-roald, SmartX, 3.089
1622108812.244, lauv-roald, SmartX, 3.088
1622108812.744, lauv-roald, SmartX, 3.087
1622108813.244, lauv-roald, SmartX, 3.086
1622108813.744, lauv-roald, SmartX, 3.085
1622108814.244, lauv-roald, SmartX, 3.085
1622108814.744, lauv-roald, SmartX, 3.084
1622108815.244, lauv-roald, SmartX, 3.083
1622108815.744, lauv-roald, SmartX, 3.084
1622108816.244, lauv-roald, SmartX, 3.083
1622108816.744, lauv-roald, SmartX, 3.083
1622108817.244, lauv-roald, SmartX, 3.082
1622108817.744, lauv-roald, SmartX, 3.082
1622108818.244, lauv-roald, SmartX, 3.081
1622108818.744, lauv-roald, SmartX, 3.080
1622108819.244, lauv-roald, SmartX, 3.080
1622108819.744, lauv-roald, SmartX, 3.080
1622108820.244, lauv-roald, SmartX, 3.080
1622108820.744, lauv-roald, SmartX, 3.080
1622108821.244, lauv-roald, SmartX, 3.080
1622108821.744, lauv-roald, SmartX, 3.080
1622108822.244, lauv-roald, SmartX, 3.080
1622108822.744, lauv-roald, SmartX, 3.079
1622108823.244, lauv-roald, SmartX, 3.079
1622108823.744, lauv-roald, SmartX, 3.078
1622108824.243, lauv-roald, SmartX, 3.078
1622108824.743, lauv-roald, SmartX, 3.079
1622108825.243, lauv-roald, SmartX, 3.079
1622108825.743, lauv-roald, SmartX, 3.079
1622108826.243, lauv-roald, SmartX, 3.079
1622108826.743, lauv-roald, SmartX, 3.079
1622108827.243, lauv-roald, SmartX, 3.080
1622108827.743, lauv-roald, SmartX, 3.081
1622108828.243, lauv-roald, SmartX, 3.081
1622108828.743, lauv-roald, SmartX, 3.081
1622108829.243, lauv-roald, SmartX, 3.081
1622108829.743, lauv-roald, SmartX, 3.082
1622108830.243, lauv-roald, SmartX, 3.082
1622108830.743, lauv-roald, SmartX, 3.082
1622108831.243, lauv-roald, SmartX, 3.083
1622108831.743, lauv-roald, SmartX, 3.083
1622108832.243, lauv-roald, SmartX, 3.083
1622108832.743, lauv-roald, SmartX, 3.083
1622108833.243, lauv-roald, SmartX, 3.083
1622108833.743, lauv-roald, SmartX, 3.082
1622108834.243, lauv-roald, SmartX, 3.082
1622108834.743, lauv-roald, SmartX, 3.082
1622108835.243, lauv-roald, SmartX, 3.082
1622108835.744, lauv-roald, SmartX, 3.083
1622108836.243, lauv-roald, SmartX, 3.082
1622108836.743, lauv-roald, SmartX, 3.083
1622108837.243, lauv-roald, SmartX, 3.083
1622108837.743, lauv-roald, SmartX, 3.084
1622108838.242, lauv-roald, SmartX, 3.085
1622108838.742, lauv-roald, SmartX, 3.085
1622108839.243, lauv-roald, SmartX, 3.084
1622108839.742, lauv-roald, SmartX, 3.085
1622108840.242, lauv-roald, SmartX, 3.084
1622108840.742, lauv-roald, SmartX, 3.084
1622108841.242, lauv-roald, SmartX, 3.085
1622108841.742, lauv-roald, SmartX, 3.085
1622108842.242, lauv-roald, SmartX, 3.085
1622108842.742, lauv-roald, SmartX, 3.085
1622108843.242, lauv-roald, SmartX, 3.085
1622108843.742, lauv-roald, SmartX, 3.085
1622108844.242, lauv-roald, SmartX, 3.085
1622108844.742, lauv-roald, SmartX, 3.085
1622108845.242, lauv-roald, SmartX, 3.085
1622108845.742, lauv-roald, SmartX, 3.085
1622108846.242, lauv-roald, SmartX, 3.085
1622108846.742, lauv-roald, SmartX, 3.085
1622108847.242, lauv-roald, SmartX, 3.085
1622108847.742, lauv-roald, SmartX, 3.086
1622108848.242, lauv-roald, SmartX, 3.085
1622108848.742, lauv-roald, SmartX, 3.085
1622108849.242, lauv-roald, SmartX, 3.086
1622108849.742, lauv-roald, SmartX, 3.086
1622108850.242, lauv-roald, SmartX, 3.086
1622108850.742, lauv-roald, SmartX, 3.086
1622108851.242, lauv-roald, SmartX, 3.086
1622108851.742, lauv-roald, SmartX, 3.086
1622108852.242, lauv-roald, SmartX, 3.086
1622108852.741, lauv-roald, SmartX, 3.086
1622108853.241, lauv-roald, SmartX, 3.086
1622108853.741, lauv-roald, SmartX, 3.087
1622108854.241, lauv-roald, SmartX, 3.086
1622108854.741, lauv-roald, SmartX, 3.086
1622108855.241, lauv-roald, SmartX, 3.086
1622108855.741, lauv-roald, SmartX, 3.086
1622108856.241, lauv-roald, SmartX, 3.086
1622108856.741, lauv-roald, SmartX, 3.086
1622108857.241, lauv-roald, SmartX, 3.086
1622108857.741, lauv-roald, SmartX, 3.086
1622108858.241, lauv-roald, SmartX, 3.086
1622108858.741, lauv-roald, SmartX, 3.086
1622108859.241, lauv-roald, SmartX, 3.086
1622108859.741, lauv-roald, SmartX, 3.086
1622108860.241, lauv-roald, SmartX, 3.086
1622108860.741, lauv-roald, SmartX, 3.087
1622108861.241, lauv-roald, SmartX, 3.087
1622108861.741, lauv-roald, SmartX, 3.087
1622108862.241, lauv-roald, SmartX, 3.087
1622108862.741, lauv-roald, SmartX, 3.086
1622108863.241, lauv-roald, SmartX, 3.086
1622108863.741, lauv-roald, SmartX, 3.087
1622108864.241, lauv-roald, SmartX, 3.087
1622108864.741, lauv-roald, SmartX, 3.087
1622108865.241, lauv-roald, SmartX, 3.087
1622108865.741, lauv-roald, SmartX, 3.087
1622108866.240, lauv-roald, SmartX, 3.087
1622108866.740, lauv-roald, SmartX, 3.087
1622108867.240, lauv-roald, SmartX, 3.087
1622108867.740, lauv-roald, SmartX, 3.087
1622108868.241, lauv-roald, SmartX, 3.087
1622108868.741, lauv-roald, SmartX, 3.087
1622108869.240, lauv-roald, SmartX, 3.087
1622108869.741, lauv-roald, SmartX, 3.088
1622108870.240, lauv-roald, SmartX, 3.087
1622108870.741, lauv-roald, SmartX, 3.087
1622108871.240, lauv-roald, SmartX, 3.087
1622108871.740, lauv-roald, SmartX, 3.087
1622108872.240, lauv-roald, SmartX, 3.087
1622108872.740, lauv-roald, SmartX, 3.087
1622108873.240, lauv-roald, SmartX, 3.087
1622108873.740, lauv-roald, SmartX, 3.088
1622108874.240, lauv-roald, SmartX, 3.088
1622108874.740, lauv-roald, SmartX, 3.088
1622108875.240, lauv-roald, SmartX, 3.088
1622108875.740, lauv-roald, SmartX, 3.088
1622108876.240, lauv-roald, SmartX, 3.088
1622108876.740, lauv-roald, SmartX, 3.088
1622108877.240, lauv-roald, SmartX, 3.088
1622108877.740, lauv-roald, SmartX, 3.088
1622108878.240, lauv-roald, SmartX, 3.088
1622108878.740, lauv-roald, SmartX, 3.088
1622108879.240, lauv-roald, SmartX, 3.088
1622108879.740, lauv-roald, SmartX, 3.088
1622108880.240, lauv-roald, SmartX, 3.088
1622108880.740, lauv-roald, SmartX, 3.088
1622108881.240, lauv-roald, SmartX, 3.088
1622108881.740, lauv-roald, SmartX, 3.088
1622108882.240, lauv-roald, SmartX, 3.088
1622108882.739, lauv-roald, SmartX, 3.087
1622108883.240, lauv-roald, SmartX, 3.088
1622108883.739, lauv-roald, SmartX, 3.088
1622108884.240, lauv-roald, SmartX, 3.087
1622108884.739, lauv-roald, SmartX, 3.087
1622108885.240, lauv-roald, SmartX, 3.087
1622108885.739, lauv-roald, SmartX, 3.087
1622108886.241, lauv-roald, SmartX, 3.087
1622108886.739, lauv-roald, SmartX, 3.087
1622108887.241, lauv-roald, SmartX, 3.087
1622108887.739, lauv-roald, SmartX, 3.087
1622108888.239, lauv-roald, SmartX, 3.087
1622108888.739, lauv-roald, SmartX, 3.087
1622108889.239, lauv-roald, SmartX, 3.086
1622108889.739, lauv-roald, SmartX, 3.086
1622108890.239, lauv-roald, SmartX, 3.086
1622108890.739, lauv-roald, SmartX, 3.086
1622108891.239, lauv-roald, SmartX, 3.086
1622108891.739, lauv-roald, SmartX, 3.086
1622108892.239, lauv-roald, SmartX, 3.086
1622108892.739, lauv-roald, SmartX, 3.086
1622108893.239, lauv-roald, SmartX, 3.086
1622108893.739, lauv-roald, SmartX, 3.085
1622108894.239, lauv-roald, SmartX, 3.085
1622108894.739, lauv-roald, SmartX, 3.085
1622108895.239, lauv-roald, SmartX, 3.086
1622108895.739, lauv-roald, SmartX, 3.086
1622108896.239, lauv-roald, SmartX, 3.086
1622108896.738, lauv-roald, SmartX, 3.087
1622108897.238, lauv-roald, SmartX, 3.086
1622108897.739, lauv-roald, SmartX, 3.086
1622108898.238, lauv-roald, SmartX, 3.087
1622108898.738, lauv-roald, SmartX, 3.086
1622108899.238, lauv-roald, SmartX, 3.086
1622108899.738, lauv-roald, SmartX, 3.086
1622108900.238, lauv-roald, SmartX, 3.086
1622108900.738, lauv-roald, SmartX, 3.086
1622108901.238, lauv-roald, SmartX, 3.086
1622108901.738, lauv-roald, SmartX, 3.086
1622108902.238, lauv-roald, SmartX, 3.086
1622108902.738, lauv-roald, SmartX, 3.086
1622108903.238, lauv-roald, SmartX, 3.086
1622108903.738, lauv-roald, SmartX, 3.086
1622108904.238, lauv-roald, SmartX, 3.086
1622108904.738, lauv-roald, SmartX, 3.085
1622108905.238, lauv-roald, SmartX, 3.084
1622108905.738, lauv-roald, SmartX, 3.084
1622108906.238, lauv-roald, SmartX, 3.083
1622108906.737, lauv-roald, SmartX, 3.084
1622108907.238, lauv-roald, SmartX, 3.085
1622108907.738, lauv-roald, SmartX, 3.084
1622108908.238, lauv-roald, SmartX, 3.084
1622108908.738, lauv-roald, SmartX, 3.083
1622108909.238, lauv-roald, SmartX, 3.083
1622108909.738, lauv-roald, SmartX, 3.082
1622108910.238, lauv-roald, SmartX, 3.084
1622108910.738, lauv-roald, SmartX, 3.084
1622108911.238, lauv-roald, SmartX, 3.083
1622108911.738, lauv-roald, SmartX, 3.083
1622108912.238, lauv-roald, SmartX, 3.083
1622108912.737, lauv-roald, SmartX, 3.083
1622108913.237, lauv-roald, SmartX, 3.083
1622108913.737, lauv-roald, SmartX, 3.084
1622108914.237, lauv-roald, SmartX, 3.085
1622108914.737, lauv-roald, SmartX, 3.085
1622108915.237, lauv-roald, SmartX, 3.086
1622108915.737, lauv-roald, SmartX, 3.085
1622108916.237, lauv-roald, SmartX, 3.084
1622108916.737, lauv-roald, SmartX, 3.082
1622108917.237, lauv-roald, SmartX, 3.082
1622108917.737, lauv-roald, SmartX, 3.082
1622108918.237, lauv-roald, SmartX, 3.083
1622108918.737, lauv-roald, SmartX, 3.082
1622108919.237, lauv-roald, SmartX, 3.082
1622108919.737, lauv-roald, SmartX, 3.082
1622108920.237, lauv-roald, SmartX, 3.083
1622108920.737, lauv-roald, SmartX, 3.082
1622108921.237, lauv-roald, SmartX, 3.083
1622108921.737, lauv-roald, SmartX, 3.083
1622108922.237, lauv-roald, SmartX, 3.083
1622108922.737, lauv-roald, SmartX, 3.083
1622108923.238, lauv-roald, SmartX, 3.084
1622108923.737, lauv-roald, SmartX, 3.084
1622108924.237, lauv-roald, SmartX, 3.085
1622108924.737, lauv-roald, SmartX, 3.085
1622108925.237, lauv-roald, SmartX, 3.085
1622108925.737, lauv-roald, SmartX, 3.085
1622108926.237, lauv-roald, SmartX, 3.085
1622108926.736, lauv-roald, SmartX, 3.084
1622108927.237, lauv-roald, SmartX, 3.085
1622108927.736, lauv-roald, SmartX, 3.084
1622108928.236, lauv-roald, SmartX, 3.084
1622108928.737, lauv-roald, SmartX, 3.084
1622108929.237, lauv-roald, SmartX, 3.083
1622108929.736, lauv-roald, SmartX, 3.083
1622108930.236, lauv-roald, SmartX, 3.084
1622108930.736, lauv-roald, SmartX, 3.084
1622108931.236, lauv-roald, SmartX, 3.083
1622108931.736, lauv-roald, SmartX, 3.083
1622108932.236, lauv-roald, SmartX, 3.085
1622108932.736, lauv-roald, SmartX, 3.084
1622108933.236, lauv-roald, SmartX, 3.084
1622108933.736, lauv-roald, SmartX, 3.083
1622108934.236, lauv-roald, SmartX, 3.083
1622108934.736, lauv-roald, SmartX, 3.082
1622108935.236, lauv-roald, SmartX, 3.082
1622108935.736, lauv-roald, SmartX, 3.082
1622108936.236, lauv-roald, SmartX, 3.082
1622108936.736, lauv-roald, SmartX, 3.082
1622108937.236, lauv-roald, SmartX, 3.083
1622108937.736, lauv-roald, SmartX, 3.084
1622108938.236, lauv-roald, SmartX, 3.083
1622108938.736, lauv-roald, SmartX, 3.083
1622108939.236, lauv-roald, SmartX, 3.083
1622108939.736, lauv-roald, SmartX, 3.082
1622108940.236, lauv-roald, SmartX, 3.084
1622108940.736, lauv-roald, SmartX, 3.084
1622108941.236, lauv-roald, SmartX, 3.084
1622108941.736, lauv-roald, SmartX, 3.084
1622108942.235, lauv-roald, SmartX, 3.084
1622108942.735, lauv-roald, SmartX, 3.085
1622108943.235, lauv-roald, SmartX, 3.085
1622108943.735, lauv-roald, SmartX, 3.085
1622108944.235, lauv-roald, SmartX, 3.084
1622108944.735, lauv-roald, SmartX, 3.085
1622108945.235, lauv-roald, SmartX, 3.084
1622108945.735, lauv-roald, SmartX, 3.084
1622108946.235, lauv-roald, SmartX, 3.084
1622108946.735, lauv-roald, SmartX, 3.083
1622108947.235, lauv-roald, SmartX, 3.085
1622108947.735, lauv-roald, SmartX, 3.084
1622108948.235, lauv-roald, SmartX, 3.084
1622108948.735, lauv-roald, SmartX, 3.084
1622108949.235, lauv-roald, SmartX, 3.083
1622108949.735, lauv-roald, SmartX, 3.083
1622108950.235, lauv-roald, SmartX, 3.083
1622108950.735, lauv-roald, SmartX, 3.084
1622108951.235, lauv-roald, SmartX, 3.084
1622108951.735, lauv-roald, SmartX, 3.084
1622108952.235, lauv-roald, SmartX, 3.084
1622108952.735, lauv-roald, SmartX, 3.083
1622108953.235, lauv-roald, SmartX, 3.084
1622108953.735, lauv-roald, SmartX, 3.084
1622108954.235, lauv-roald, SmartX, 3.084
1622108954.735, lauv-roald, SmartX, 3.084
1622108955.235, lauv-roald, SmartX, 3.085
1622108955.735, lauv-roald, SmartX, 3.085
1622108956.235, lauv-roald, SmartX, 3.085
1622108956.735, lauv-roald, SmartX, 3.046
1622108957.235, lauv-roald, SmartX, 3.058
1622108957.734, lauv-roald, SmartX, 3.070
1622108958.235, lauv-roald, SmartX, 3.045
1622108958.734, lauv-roald, SmartX, 3.054
1622108959.235, lauv-roald, SmartX, 3.068
1622108959.734, lauv-roald, SmartX, 3.075
1622108960.235, lauv-roald, SmartX, 3.079
1622108960.734, lauv-roald, SmartX, 3.081
1622108961.235, lauv-roald, SmartX, 3.082
1622108961.734, lauv-roald, SmartX, 3.083
1622108962.235, lauv-roald, SmartX, 3.083
1622108962.734, lauv-roald, SmartX, 3.082
1622108963.234, lauv-roald, SmartX, 3.084
1622108963.734, lauv-roald, SmartX, 3.084
1622108964.234, lauv-roald, SmartX, 3.084
1622108964.734, lauv-roald, SmartX, 3.084
1622108965.234, lauv-roald, SmartX, 3.084
1622108965.734, lauv-roald, SmartX, 3.082
1622108966.234, lauv-roald, SmartX, 3.083
1622108966.734, lauv-roald, SmartX, 3.083
1622108967.234, lauv-roald, SmartX, 3.083
1622108967.734, lauv-roald, SmartX, 3.083
1622108968.234, lauv-roald, SmartX, 3.084
1622108968.734, lauv-roald, SmartX, 3.083
1622108969.234, lauv-roald, SmartX, 3.083
1622108969.734, lauv-roald, SmartX, 3.083
1622108970.234, lauv-roald, SmartX, 3.082
1622108970.733, lauv-roald, SmartX, 3.082
1622108971.234, lauv-roald, SmartX, 3.083
1622108971.733, lauv-roald, SmartX, 3.083
1622108972.233, lauv-roald, SmartX, 3.084
1622108972.733, lauv-roald, SmartX, 3.083
1622108973.233, lauv-roald, SmartX, 3.082
1622108973.733, lauv-roald, SmartX, 3.082
1622108974.233, lauv-roald, SmartX, 3.082
1622108974.733, lauv-roald, SmartX, 3.083
1622108975.233, lauv-roald, SmartX, 3.083
1622108975.733, lauv-roald, SmartX, 3.083
1622108976.233, lauv-roald, SmartX, 3.083
1622108976.733, lauv-roald, SmartX, 3.083
1622108977.233, lauv-roald, SmartX, 3.083
1622108977.733, lauv-roald, SmartX, 3.083
1622108978.233, lauv-roald, SmartX, 3.083
1622108978.733, lauv-roald, SmartX, 3.080
1622108979.233, lauv-roald, SmartX, 3.079
1622108979.733, lauv-roald, SmartX, 3.073
1622108980.233, lauv-roald, SmartX, 3.073
1622108980.733, lauv-roald, SmartX, 3.078
1622108981.233, lauv-roald, SmartX, 3.081
1622108981.733, lauv-roald, SmartX, 3.082
1622108982.233, lauv-roald, SmartX, 3.082
1622108982.733, lauv-roald, SmartX, 3.082
1622108983.233, lauv-roald, SmartX, 3.083
1622108983.733, lauv-roald, SmartX, 3.082
1622108984.233, lauv-roald, SmartX, 3.083
1622108984.733, lauv-roald, SmartX, 3.083
1622108985.233, lauv-roald, SmartX, 3.083
1622108985.733, lauv-roald, SmartX, 3.083
1622108986.233, lauv-roald, SmartX, 3.083
1622108986.733, lauv-roald, SmartX, 3.083
1622108987.233, lauv-roald, SmartX, 3.083
1622108987.732, lauv-roald, SmartX, 3.083
1622108988.233, lauv-roald, SmartX, 3.083
1622108988.733, lauv-roald, SmartX, 3.083
1622108989.233, lauv-roald, SmartX, 3.082
1622108989.732, lauv-roald, SmartX, 3.082
1622108990.233, lauv-roald, SmartX, 3.080
1622108990.732, lauv-roald, SmartX, 3.069
1622108991.233, lauv-roald, SmartX, 3.057
1622108991.732, lauv-roald, SmartX, 3.048
1622108992.233, lauv-roald, SmartX, 3.046
1622108992.732, lauv-roald, SmartX, 3.045
1622108993.233, lauv-roald, SmartX, 3.046
1622108993.732, lauv-roald, SmartX, 3.049
1622108994.232, lauv-roald, SmartX, 3.054
1622108994.732, lauv-roald, SmartX, 3.056
1622108995.233, lauv-roald, SmartX, 3.052
1622108995.732, lauv-roald, SmartX, 3.050
1622108996.232, lauv-roald, SmartX, 3.048
1622108996.731, lauv-roald, SmartX, 3.050
1622108997.232, lauv-roald, SmartX, 3.053
1622108997.732, lauv-roald, SmartX, 3.052
1622108998.232, lauv-roald, SmartX, 3.058
1622108998.732, lauv-roald, SmartX, 3.062
1622108999.232, lauv-roald, SmartX, 3.062
1622108999.731, lauv-roald, SmartX, 3.061
1622109000.232, lauv-roald, SmartX, 3.063
1622109000.732, lauv-roald, SmartX, 3.065
1622109001.231, lauv-roald, SmartX, 3.066
1622109001.731, lauv-roald, SmartX, 3.068
1622109002.231, lauv-roald, SmartX, 3.071
1622109002.731, lauv-roald, SmartX, 3.075
1622109003.231, lauv-roald, SmartX, 3.075
1622109003.731, lauv-roald, SmartX, 3.077
1622109004.231, lauv-roald, SmartX, 3.078
1622109004.731, lauv-roald, SmartX, 3.078
1622109005.231, lauv-roald, SmartX, 3.079
1622109005.731, lauv-roald, SmartX, 3.078
1622109006.231, lauv-roald, SmartX, 3.079
1622109006.731, lauv-roald, SmartX, 3.078
1622109007.231, lauv-roald, SmartX, 3.076
1622109007.731, lauv-roald, SmartX, 3.076
1622109008.231, lauv-roald, SmartX, 3.077
1622109008.731, lauv-roald, SmartX, 3.079
1622109009.231, lauv-roald, SmartX, 3.081
1622109009.731, lauv-roald, SmartX, 3.081
1622109010.231, lauv-roald, SmartX, 3.082
1622109010.731, lauv-roald, SmartX, 3.082
1622109011.231, lauv-roald, SmartX, 3.082
1622109011.731, lauv-roald, SmartX, 3.082
1622109012.231, lauv-roald, SmartX, 3.082
1622109012.731, lauv-roald, SmartX, 3.082
1622109013.231, lauv-roald, SmartX, 3.083
1622109013.731, lauv-roald, SmartX, 3.084
1622109014.230, lauv-roald, SmartX, 3.085
1622109014.731, lauv-roald, SmartX, 3.085
1622109015.231, lauv-roald, SmartX, 3.085
1622109015.731, lauv-roald, SmartX, 3.085
1622109016.231, lauv-roald, SmartX, 3.085
1622109016.730, lauv-roald, SmartX, 3.086
1622109017.230, lauv-roald, SmartX, 3.086
1622109017.730, lauv-roald, SmartX, 3.085
1622109018.230, lauv-roald, SmartX, 3.086
1622109018.730, lauv-roald, SmartX, 3.087
1622109019.230, lauv-roald, SmartX, 3.088
1622109019.730, lauv-roald, SmartX, 3.088
1622109020.230, lauv-roald, SmartX, 3.088
1622109020.730, lauv-roald, SmartX, 3.088
1622109021.230, lauv-roald, SmartX, 3.086
1622109021.730, lauv-roald, SmartX, 3.085
1622109022.230, lauv-roald, SmartX, 3.083
1622109022.730, lauv-roald, SmartX, 3.084
1622109023.231, lauv-roald, SmartX, 3.085
1622109023.730, lauv-roald, SmartX, 3.085
1622109024.230, lauv-roald, SmartX, 3.086
1622109024.730, lauv-roald, SmartX, 3.087
1622109025.230, lauv-roald, SmartX, 3.088
1622109025.730, lauv-roald, SmartX, 3.089
1622109026.230, lauv-roald, SmartX, 3.090
1622109026.730, lauv-roald, SmartX, 3.091
1622109027.230, lauv-roald, SmartX, 3.090
1622109027.730, lauv-roald, SmartX, 3.090
1622109028.230, lauv-roald, SmartX, 3.090
1622109028.730, lauv-roald, SmartX, 3.087
1622109029.230, lauv-roald, SmartX, 3.085
1622109029.729, lauv-roald, SmartX, 3.083
1622109030.230, lauv-roald, SmartX, 3.081
1622109030.729, lauv-roald, SmartX, 3.072
1622109031.229, lauv-roald, SmartX, 3.068
1622109031.729, lauv-roald, SmartX, 3.072
1622109032.229, lauv-roald, SmartX, 3.073
1622109032.729, lauv-roald, SmartX, 3.074
1622109033.229, lauv-roald, SmartX, 3.076
1622109033.729, lauv-roald, SmartX, 3.078
1622109034.229, lauv-roald, SmartX, 3.079
1622109034.729, lauv-roald, SmartX, 3.079
1622109035.229, lauv-roald, SmartX, 3.080
1622109035.729, lauv-roald, SmartX, 3.076
1622109036.229, lauv-roald, SmartX, 3.068
1622109036.729, lauv-roald, SmartX, 3.059
1622109037.229, lauv-roald, SmartX, 3.058
1622109037.729, lauv-roald, SmartX, 3.061
1622109038.229, lauv-roald, SmartX, 3.066
1622109038.729, lauv-roald, SmartX, 3.070
1622109039.229, lauv-roald, SmartX, 3.075
1622109039.729, lauv-roald, SmartX, 3.077
1622109040.229, lauv-roald, SmartX, 3.079
1622109040.729, lauv-roald, SmartX, 3.080
1622109041.229, lauv-roald, SmartX, 3.081
1622109041.729, lauv-roald, SmartX, 3.082
1622109042.229, lauv-roald, SmartX, 3.083
1622109042.729, lauv-roald, SmartX, 3.084
1622109043.229, lauv-roald, SmartX, 3.079
1622109043.729, lauv-roald, SmartX, 3.074
1622109044.229, lauv-roald, SmartX, 3.074
1622109044.729, lauv-roald, SmartX, 3.075
1622109045.228, lauv-roald, SmartX, 3.076
1622109045.729, lauv-roald, SmartX, 3.077
1622109046.229, lauv-roald, SmartX, 3.078
1622109046.728, lauv-roald, SmartX, 3.079
1622109047.228, lauv-roald, SmartX, 3.079
1622109047.728, lauv-roald, SmartX, 3.082
1622109048.228, lauv-roald, SmartX, 3.083
1622109048.728, lauv-roald, SmartX, 3.084
1622109049.228, lauv-roald, SmartX, 3.084
1622109049.728, lauv-roald, SmartX, 3.084
1622109050.228, lauv-roald, SmartX, 3.081
1622109050.728, lauv-roald, SmartX, 3.077
1622109051.228, lauv-roald, SmartX, 3.079
1622109051.728, lauv-roald, SmartX, 3.081
1622109052.228, lauv-roald, SmartX, 3.083
1622109052.728, lauv-roald, SmartX, 3.077
1622109053.228, lauv-roald, SmartX, 3.069
1622109053.728, lauv-roald, SmartX, 3.069
1622109054.228, lauv-roald, SmartX, 3.079
1622109054.728, lauv-roald, SmartX, 3.082
1622109055.228, lauv-roald, SmartX, 3.084
1622109055.728, lauv-roald, SmartX, 3.085
1622109056.228, lauv-roald, SmartX, 3.083
1622109056.728, lauv-roald, SmartX, 3.085
1622109057.228, lauv-roald, SmartX, 3.086
1622109057.728, lauv-roald, SmartX, 3.086
1622109058.228, lauv-roald, SmartX, 3.087
1622109058.728, lauv-roald, SmartX, 3.087
1622109059.228, lauv-roald, SmartX, 3.086
1622109059.728, lauv-roald, SmartX, 3.082
1622109060.228, lauv-roald, SmartX, 3.083
1622109060.727, lauv-roald, SmartX, 3.084
1622109061.227, lauv-roald, SmartX, 3.084
1622109061.727, lauv-roald, SmartX, 3.085
1622109062.227, lauv-roald, SmartX, 3.085
1622109062.727, lauv-roald, SmartX, 3.084
1622109063.227, lauv-roald, SmartX, 3.083
1622109063.727, lauv-roald, SmartX, 3.080
1622109064.227, lauv-roald, SmartX, 3.077
1622109064.727, lauv-roald, SmartX, 3.076
1622109065.227, lauv-roald, SmartX, 3.077
1622109065.727, lauv-roald, SmartX, 3.078
1622109066.227, lauv-roald, SmartX, 3.080
1622109066.727, lauv-roald, SmartX, 3.080
1622109067.227, lauv-roald, SmartX, 3.079
1622109067.727, lauv-roald, SmartX, 3.080
1622109068.227, lauv-roald, SmartX, 3.080
1622109068.727, lauv-roald, SmartX, 3.080
1622109069.227, lauv-roald, SmartX, 3.080
1622109069.727, lauv-roald, SmartX, 3.082
1622109070.227, lauv-roald, SmartX, 3.084
1622109070.727, lauv-roald, SmartX, 3.086
1622109071.227, lauv-roald, SmartX, 3.087
1622109071.727, lauv-roald, SmartX, 3.086
1622109072.227, lauv-roald, SmartX, 3.085
1622109072.727, lauv-roald, SmartX, 3.085
1622109073.227, lauv-roald, SmartX, 3.084
1622109073.726, lauv-roald, SmartX, 3.082
1622109074.227, lauv-roald, SmartX, 3.083
1622109074.727, lauv-roald, SmartX, 3.083
1622109075.226, lauv-roald, SmartX, 3.083
1622109075.726, lauv-roald, SmartX, 3.083
1622109076.226, lauv-roald, SmartX, 3.083
1622109076.726, lauv-roald, SmartX, 3.082
1622109077.226, lauv-roald, SmartX, 3.081
1622109077.726, lauv-roald, SmartX, 3.081
1622109078.226, lauv-roald, SmartX, 3.082
1622109078.726, lauv-roald, SmartX, 3.081
1622109079.226, lauv-roald, SmartX, 3.082
1622109079.726, lauv-roald, SmartX, 3.083
1622109080.226, lauv-roald, SmartX, 3.079
1622109080.726, lauv-roald, SmartX, 3.076
1622109081.226, lauv-roald, SmartX, 3.080
1622109081.726, lauv-roald, SmartX, 3.079
1622109082.226, lauv-roald, SmartX, 3.075
1622109082.726, lauv-roald, SmartX, 3.072
1622109083.226, lauv-roald, SmartX, 3.071
1622109083.726, lauv-roald, SmartX, 3.075
1622109084.226, lauv-roald, SmartX, 3.077
1622109084.726, lauv-roald, SmartX, 3.079
1622109085.226, lauv-roald, SmartX, 3.079
1622109085.726, lauv-roald, SmartX, 3.082
1622109086.226, lauv-roald, SmartX, 3.082
1622109086.726, lauv-roald, SmartX, 3.082
1622109087.225, lauv-roald, SmartX, 3.082
1622109087.726, lauv-roald, SmartX, 3.082
1622109088.226, lauv-roald, SmartX, 3.082
1622109088.726, lauv-roald, SmartX, 3.082
1622109089.226, lauv-roald, SmartX, 3.083
1622109089.726, lauv-roald, SmartX, 3.082
1622109090.225, lauv-roald, SmartX, 3.084
1622109090.725, lauv-roald, SmartX, 3.085
1622109091.225, lauv-roald, SmartX, 3.084
1622109091.725, lauv-roald, SmartX, 3.083
1622109092.225, lauv-roald, SmartX, 3.082
1622109092.725, lauv-roald, SmartX, 3.081
1622109093.225, lauv-roald, SmartX, 3.080
1622109093.725, lauv-roald, SmartX, 3.081
1622109094.225, lauv-roald, SmartX, 3.081
1622109094.725, lauv-roald, SmartX, 3.082
1622109095.225, lauv-roald, SmartX, 3.082
1622109095.725, lauv-roald, SmartX, 3.082
1622109096.225, lauv-roald, SmartX, 3.082
1622109096.725, lauv-roald, SmartX, 3.080
1622109097.225, lauv-roald, SmartX, 3.080
1622109097.725, lauv-roald, SmartX, 3.073
1622109098.225, lauv-roald, SmartX, 3.067
1622109098.725, lauv-roald, SmartX, 3.067
1622109099.225, lauv-roald, SmartX, 3.067
1622109099.725, lauv-roald, SmartX, 3.070
1622109100.225, lauv-roald, SmartX, 3.070
1622109100.725, lauv-roald, SmartX, 3.071
1622109101.225, lauv-roald, SmartX, 3.072
1622109101.725, lauv-roald, SmartX, 3.074
1622109102.225, lauv-roald, SmartX, 3.076
1622109102.725, lauv-roald, SmartX, 3.078
1622109103.224, lauv-roald, SmartX, 3.078
1622109103.725, lauv-roald, SmartX, 3.077
1622109104.225, lauv-roald, SmartX, 3.077
1622109104.724, lauv-roald, SmartX, 3.078
1622109105.224, lauv-roald, SmartX, 3.075
1622109105.724, lauv-roald, SmartX, 3.076
1622109106.224, lauv-roald, SmartX, 3.077
1622109106.725, lauv-roald, SmartX, 3.069
1622109107.224, lauv-roald, SmartX, 3.055
1622109107.724, lauv-roald, SmartX, 3.042
1622109108.224, lauv-roald, SmartX, 3.039
1622109108.724, lauv-roald, SmartX, 3.043
1622109109.224, lauv-roald, SmartX, 3.050
1622109109.724, lauv-roald, SmartX, 3.054
1622109110.224, lauv-roald, SmartX, 3.057
1622109110.724, lauv-roald, SmartX, 3.063
1622109111.224, lauv-roald, SmartX, 3.058
1622109111.724, lauv-roald, SmartX, 3.052
1622109112.224, lauv-roald, SmartX, 3.046
1622109112.724, lauv-roald, SmartX, 3.041
1622109113.224, lauv-roald, SmartX, 3.035
1622109113.724, lauv-roald, SmartX, 3.028
1622109114.224, lauv-roald, SmartX, 3.026
1622109114.724, lauv-roald, SmartX, 3.032
1622109115.224, lauv-roald, SmartX, 3.044
1622109115.724, lauv-roald, SmartX, 3.046
1622109116.224, lauv-roald, SmartX, 3.050
1622109116.724, lauv-roald, SmartX, 3.060
1622109117.224, lauv-roald, SmartX, 3.057
1622109117.724, lauv-roald, SmartX, 3.056
1622109118.224, lauv-roald, SmartX, 3.055
1622109118.724, lauv-roald, SmartX, 3.053
1622109119.224, lauv-roald, SmartX, 3.063
1622109119.723, lauv-roald, SmartX, 3.067
1622109120.223, lauv-roald, SmartX, 3.069
1622109120.723, lauv-roald, SmartX, 3.070
1622109121.224, lauv-roald, SmartX, 3.059
1622109121.723, lauv-roald, SmartX, 3.051
1622109122.223, lauv-roald, SmartX, 3.044
1622109122.723, lauv-roald, SmartX, 3.039
1622109123.223, lauv-roald, SmartX, 3.034
1622109123.723, lauv-roald, SmartX, 3.028
1622109124.223, lauv-roald, SmartX, 3.033
1622109124.723, lauv-roald, SmartX, 3.036
1622109125.223, lauv-roald, SmartX, 3.037
1622109125.723, lauv-roald, SmartX, 3.023
1622109126.223, lauv-roald, SmartX, 3.009
1622109126.723, lauv-roald, SmartX, 2.986
1622109127.223, lauv-roald, SmartX, 2.989
1622109127.723, lauv-roald, SmartX, 3.010
1622109128.223, lauv-roald, SmartX, 3.015
1622109128.723, lauv-roald, SmartX, 3.015
1622109129.223, lauv-roald, SmartX, 3.023
1622109129.723, lauv-roald, SmartX, 3.034
1622109130.223, lauv-roald, SmartX, 3.039
1622109130.723, lauv-roald, SmartX, 3.022
1622109131.223, lauv-roald, SmartX, 2.995
1622109131.723, lauv-roald, SmartX, 2.985
1622109132.222, lauv-roald, SmartX, 3.002
1622109132.722, lauv-roald, SmartX, 3.040
1622109133.223, lauv-roald, SmartX, 3.042
1622109133.723, lauv-roald, SmartX, 3.034
1622109134.223, lauv-roald, SmartX, 3.017
1622109134.722, lauv-roald, SmartX, 2.998
1622109135.225, lauv-roald, SmartX, 2.973
1622109135.722, lauv-roald, SmartX, 2.983
1622109136.222, lauv-roald, SmartX, 2.999
1622109136.722, lauv-roald, SmartX, 3.014
1622109137.222, lauv-roald, SmartX, 3.017
1622109137.722, lauv-roald, SmartX, 3.014
1622109138.222, lauv-roald, SmartX, 3.007
1622109138.722, lauv-roald, SmartX, 3.015
1622109139.222, lauv-roald, SmartX, 3.043
1622109139.722, lauv-roald, SmartX, 3.049
1622109140.222, lauv-roald, SmartX, 3.050
1622109140.722, lauv-roald, SmartX, 3.062
1622109141.222, lauv-roald, SmartX, 3.057
1622109141.722, lauv-roald, SmartX, 3.056
1622109142.222, lauv-roald, SmartX, 3.052
1622109142.722, lauv-roald, SmartX, 3.061
1622109143.222, lauv-roald, SmartX, 3.060
1622109143.722, lauv-roald, SmartX, 3.056
1622109144.222, lauv-roald, SmartX, 3.050
1622109144.722, lauv-roald, SmartX, 3.044
1622109145.222, lauv-roald, SmartX, 3.050
1622109145.722, lauv-roald, SmartX, 3.056
1622109146.222, lauv-roald, SmartX, 3.058
1622109146.722, lauv-roald, SmartX, 3.059
1622109147.222, lauv-roald, SmartX, 3.058
1622109147.722, lauv-roald, SmartX, 3.055
1622109148.222, lauv-roald, SmartX, 3.053
1622109148.721, lauv-roald, SmartX, 3.054
1622109149.221, lauv-roald, SmartX, 3.061
1622109149.722, lauv-roald, SmartX, 3.061
1622109150.221, lauv-roald, SmartX, 3.062
1622109150.722, lauv-roald, SmartX, 3.059
1622109151.221, lauv-roald, SmartX, 3.062
1622109151.721, lauv-roald, SmartX, 3.068
1622109152.221, lauv-roald, SmartX, 3.070
1622109152.721, lauv-roald, SmartX, 3.070
1622109153.221, lauv-roald, SmartX, 3.072
1622109153.721, lauv-roald, SmartX, 3.075
1622109154.221, lauv-roald, SmartX, 3.074
1622109154.721, lauv-roald, SmartX, 3.075
1622109155.221, lauv-roald, SmartX, 3.077
1622109155.721, lauv-roald, SmartX, 3.079
1622109156.221, lauv-roald, SmartX, 3.079
1622109156.721, lauv-roald, SmartX, 3.079
1622109157.221, lauv-roald, SmartX, 3.077
1622109157.721, lauv-roald, SmartX, 3.078
1622109158.221, lauv-roald, SmartX, 3.078
1622109158.721, lauv-roald, SmartX, 3.079
1622109159.221, lauv-roald, SmartX, 3.080
1622109159.721, lauv-roald, SmartX, 3.081
1622109160.221, lauv-roald, SmartX, 3.081
1622109160.721, lauv-roald, SmartX, 3.080
1622109161.221, lauv-roald, SmartX, 3.078
1622109161.721, lauv-roald, SmartX, 3.076
1622109162.221, lauv-roald, SmartX, 3.075
1622109162.720, lauv-roald, SmartX, 3.072
1622109163.221, lauv-roald, SmartX, 3.066
1622109163.721, lauv-roald, SmartX, 3.069
1622109164.220, lauv-roald, SmartX, 3.072
1622109164.720, lauv-roald, SmartX, 3.053
1622109165.220, lauv-roald, SmartX, 3.041
1622109165.720, lauv-roald, SmartX, 3.044
1622109166.220, lauv-roald, SmartX, 3.050
1622109166.720, lauv-roald, SmartX, 3.056
1622109167.220, lauv-roald, SmartX, 3.061
1622109167.720, lauv-roald, SmartX, 3.068
1622109168.220, lauv-roald, SmartX, 3.069
1622109168.720, lauv-roald, SmartX, 3.069
1622109169.220, lauv-roald, SmartX, 3.064
1622109169.720, lauv-roald, SmartX, 3.061
1622109170.220, lauv-roald, SmartX, 3.054
1622109170.720, lauv-roald, SmartX, 3.048
1622109171.220, lauv-roald, SmartX, 3.040
1622109171.720, lauv-roald, SmartX, 3.044
1622109172.220, lauv-roald, SmartX, 3.053
1622109172.720, lauv-roald, SmartX, 3.060
1622109173.220, lauv-roald, SmartX, 3.068
1622109173.720, lauv-roald, SmartX, 3.070
1622109174.220, lauv-roald, SmartX, 3.066
1622109174.720, lauv-roald, SmartX, 3.060
1622109175.220, lauv-roald, SmartX, 3.055
1622109175.720, lauv-roald, SmartX, 3.068
1622109176.220, lauv-roald, SmartX, 3.069
1622109176.720, lauv-roald, SmartX, 3.073
1622109177.220, lauv-roald, SmartX, 3.069
1622109177.720, lauv-roald, SmartX, 3.072
1622109178.219, lauv-roald, SmartX, 3.076
1622109178.720, lauv-roald, SmartX, 3.078
1622109179.219, lauv-roald, SmartX, 3.080
1622109179.719, lauv-roald, SmartX, 3.081
1622109180.219, lauv-roald, SmartX, 3.075
1622109180.719, lauv-roald, SmartX, 3.068
1622109181.219, lauv-roald, SmartX, 3.064
1622109181.719, lauv-roald, SmartX, 3.053
1622109182.219, lauv-roald, SmartX, 3.045
1622109182.719, lauv-roald, SmartX, 3.042
1622109183.219, lauv-roald, SmartX, 3.032
1622109183.719, lauv-roald, SmartX, 3.024
1622109184.219, lauv-roald, SmartX, 3.014
1622109184.719, lauv-roald, SmartX, 3.000
1622109185.219, lauv-roald, SmartX, 2.991
1622109185.719, lauv-roald, SmartX, 3.000
1622109186.219, lauv-roald, SmartX, 3.009
1622109186.719, lauv-roald, SmartX, 2.999
1622109187.219, lauv-roald, SmartX, 3.003
1622109187.719, lauv-roald, SmartX, 3.023
1622109188.219, lauv-roald, SmartX, 3.049
1622109188.719, lauv-roald, SmartX, 3.057
1622109189.219, lauv-roald, SmartX, 3.062
1622109189.719, lauv-roald, SmartX, 3.069
1622109190.219, lauv-roald, SmartX, 3.071
1622109190.719, lauv-roald, SmartX, 3.067
1622109191.219, lauv-roald, SmartX, 3.044
1622109191.719, lauv-roald, SmartX, 3.034
1622109192.219, lauv-roald, SmartX, 3.019
1622109192.718, lauv-roald, SmartX, 3.021
1622109193.219, lauv-roald, SmartX, 3.029
1622109193.718, lauv-roald, SmartX, 3.041
1622109194.218, lauv-roald, SmartX, 3.043
1622109194.718, lauv-roald, SmartX, 3.035
1622109195.218, lauv-roald, SmartX, 3.032
1622109195.718, lauv-roald, SmartX, 3.029
1622109196.218, lauv-roald, SmartX, 3.030
1622109196.718, lauv-roald, SmartX, 3.038
1622109197.218, lauv-roald, SmartX, 3.048
1622109197.718, lauv-roald, SmartX, 3.058
1622109198.218, lauv-roald, SmartX, 3.063
1622109198.718, lauv-roald, SmartX, 3.061
1622109199.218, lauv-roald, SmartX, 3.061
1622109199.718, lauv-roald, SmartX, 3.053
1622109200.218, lauv-roald, SmartX, 3.040
1622109200.718, lauv-roald, SmartX, 3.022
1622109201.218, lauv-roald, SmartX, 2.996
1622109201.718, lauv-roald, SmartX, 2.973
1622109202.218, lauv-roald, SmartX, 2.981
1622109202.719, lauv-roald, SmartX, 3.001
1622109203.219, lauv-roald, SmartX, 3.005
1622109203.718, lauv-roald, SmartX, 3.002
1622109204.218, lauv-roald, SmartX, 2.977
1622109204.720, lauv-roald, SmartX, 2.915
1622109205.219, lauv-roald, SmartX, 2.891
1622109205.719, lauv-roald, SmartX, 2.877
1622109206.219, lauv-roald, SmartX, 2.895
1622109206.719, lauv-roald, SmartX, 2.906
1622109207.220, lauv-roald, SmartX, 2.935
1622109207.717, lauv-roald, SmartX, 2.970
1622109208.217, lauv-roald, SmartX, 2.995
1622109208.717, lauv-roald, SmartX, 3.002
1622109209.218, lauv-roald, SmartX, 2.988
1622109209.717, lauv-roald, SmartX, 2.966
1622109210.217, lauv-roald, SmartX, 2.949
1622109210.718, lauv-roald, SmartX, 2.942
1622109211.218, lauv-roald, SmartX, 2.943
1622109211.717, lauv-roald, SmartX, 2.953
1622109212.217, lauv-roald, SmartX, 2.929
1622109212.718, lauv-roald, SmartX, 2.899
1622109213.217, lauv-roald, SmartX, 2.882
1622109213.717, lauv-roald, SmartX, 2.906
1622109214.217, lauv-roald, SmartX, 2.903
1622109214.717, lauv-roald, SmartX, 2.900
1622109215.217, lauv-roald, SmartX, 2.898
1622109215.717, lauv-roald, SmartX, 2.905
1622109216.217, lauv-roald, SmartX, 2.889
1622109216.717, lauv-roald, SmartX, 2.849
1622109217.217, lauv-roald, SmartX, 2.812
1622109217.717, lauv-roald, SmartX, 2.806
1622109218.217, lauv-roald, SmartX, 2.813
1622109218.717, lauv-roald, SmartX, 2.867
1622109219.217, lauv-roald, SmartX, 2.935
1622109219.717, lauv-roald, SmartX, 2.961
1622109220.217, lauv-roald, SmartX, 2.967
1622109220.717, lauv-roald, SmartX, 2.959
1622109221.217, lauv-roald, SmartX, 2.950
1622109221.717, lauv-roald, SmartX, 2.934
1622109222.217, lauv-roald, SmartX, 2.930
1622109222.717, lauv-roald, SmartX, 2.929
1622109223.217, lauv-roald, SmartX, 2.938
1622109223.716, lauv-roald, SmartX, 2.961
1622109224.217, lauv-roald, SmartX, 2.973
1622109224.716, lauv-roald, SmartX, 2.976
1622109225.217, lauv-roald, SmartX, 2.928
1622109225.716, lauv-roald, SmartX, 2.906
1622109226.216, lauv-roald, SmartX, 2.876
1622109226.716, lauv-roald, SmartX, 2.842
1622109227.216, lauv-roald, SmartX, 2.841
1622109227.716, lauv-roald, SmartX, 2.902
1622109228.216, lauv-roald, SmartX, 2.913
1622109228.716, lauv-roald, SmartX, 2.910
1622109229.216, lauv-roald, SmartX, 2.878
1622109229.716, lauv-roald, SmartX, 2.869
1622109230.216, lauv-roald, SmartX, 2.870
1622109230.716, lauv-roald, SmartX, 2.885
1622109231.216, lauv-roald, SmartX, 2.876
1622109231.716, lauv-roald, SmartX, 2.842
1622109232.216, lauv-roald, SmartX, 2.834
1622109232.716, lauv-roald, SmartX, 2.854
1622109233.216, lauv-roald, SmartX, 2.871
1622109233.716, lauv-roald, SmartX, 2.862
1622109234.216, lauv-roald, SmartX, 2.834
1622109234.716, lauv-roald, SmartX, 2.743
1622109235.216, lauv-roald, SmartX, 2.645
1622109235.716, lauv-roald, SmartX, 2.652
1622109236.216, lauv-roald, SmartX, 2.652
1622109236.716, lauv-roald, SmartX, 2.669
1622109237.216, lauv-roald, SmartX, 2.692
1622109237.716, lauv-roald, SmartX, 2.715
1622109238.216, lauv-roald, SmartX, 2.721
1622109238.715, lauv-roald, SmartX, 2.708
1622109239.216, lauv-roald, SmartX, 2.700
1622109239.716, lauv-roald, SmartX, 2.739
1622109240.216, lauv-roald, SmartX, 2.820
1622109240.715, lauv-roald, SmartX, 2.855
1622109241.215, lauv-roald, SmartX, 2.876
1622109241.715, lauv-roald, SmartX, 2.881
1622109242.215, lauv-roald, SmartX, 2.875
1622109242.715, lauv-roald, SmartX, 2.908
1622109243.215, lauv-roald, SmartX, 2.907
1622109243.715, lauv-roald, SmartX, 2.915
1622109244.215, lauv-roald, SmartX, 2.873
1622109244.715, lauv-roald, SmartX, 2.874
1622109245.215, lauv-roald, SmartX, 2.753
1622109245.715, lauv-roald, SmartX, 2.537
1622109246.215, lauv-roald, SmartX, 2.454
1622109246.715, lauv-roald, SmartX, 2.496
1622109247.215, lauv-roald, SmartX, 2.612
1622109247.715, lauv-roald, SmartX, 2.694
1622109248.215, lauv-roald, SmartX, 2.766
1622109248.715, lauv-roald, SmartX, 2.806
1622109249.215, lauv-roald, SmartX, 2.803
1622109249.715, lauv-roald, SmartX, 2.756
1622109250.215, lauv-roald, SmartX, 2.639
1622109250.715, lauv-roald, SmartX, 2.616
1622109251.215, lauv-roald, SmartX, 2.628
1622109251.715, lauv-roald, SmartX, 2.668
1622109252.215, lauv-roald, SmartX, 2.712
1622109252.715, lauv-roald, SmartX, 2.792
1622109253.214, lauv-roald, SmartX, 2.793
1622109253.715, lauv-roald, SmartX, 2.655
1622109254.214, lauv-roald, SmartX, 2.562
1622109254.714, lauv-roald, SmartX, 2.609
1622109255.214, lauv-roald, SmartX, 2.722
1622109255.714, lauv-roald, SmartX, 2.828
1622109256.215, lauv-roald, SmartX, 2.826
1622109256.714, lauv-roald, SmartX, 2.838
1622109257.214, lauv-roald, SmartX, 2.826
1622109257.714, lauv-roald, SmartX, 2.808
1622109258.214, lauv-roald, SmartX, 2.727
1622109258.714, lauv-roald, SmartX, 2.698
1622109259.214, lauv-roald, SmartX, 2.728
1622109259.714, lauv-roald, SmartX, 2.715
1622109260.214, lauv-roald, SmartX, 2.681
1622109260.714, lauv-roald, SmartX, 2.654
1622109261.214, lauv-roald, SmartX, 2.619
1622109261.714, lauv-roald, SmartX, 2.560
1622109262.214, lauv-roald, SmartX, 2.522
1622109262.714, lauv-roald, SmartX, 2.517
1622109263.214, lauv-roald, SmartX, 2.527
1622109263.714, lauv-roald, SmartX, 2.545
1622109264.214, lauv-roald, SmartX, 2.555
1622109264.714, lauv-roald, SmartX, 2.583
1622109265.214, lauv-roald, SmartX, 2.606
1622109265.714, lauv-roald, SmartX, 2.611
1622109266.214, lauv-roald, SmartX, 2.611
1622109266.714, lauv-roald, SmartX, 2.626
1622109267.214, lauv-roald, SmartX, 2.621
1622109267.714, lauv-roald, SmartX, 2.611
1622109268.214, lauv-roald, SmartX, 2.605
1622109268.714, lauv-roald, SmartX, 2.593
1622109269.214, lauv-roald, SmartX, 2.576
1622109269.713, lauv-roald, SmartX, 2.550
1622109270.213, lauv-roald, SmartX, 2.543
1622109270.713, lauv-roald, SmartX, 2.524
1622109271.213, lauv-roald, SmartX, 2.551
1622109271.713, lauv-roald, SmartX, 2.549
1622109272.213, lauv-roald, SmartX, 2.622
1622109272.713, lauv-roald, SmartX, 2.660
1622109273.213, lauv-roald, SmartX, 2.686
1622109273.713, lauv-roald, SmartX, 2.673
1622109274.213, lauv-roald, SmartX, 2.662
1622109274.713, lauv-roald, SmartX, 2.657
1622109275.213, lauv-roald, SmartX, 2.682
1622109275.713, lauv-roald, SmartX, 2.710
1622109276.213, lauv-roald, SmartX, 2.720
1622109276.713, lauv-roald, SmartX, 2.756
1622109277.213, lauv-roald, SmartX, 2.821
1622109277.713, lauv-roald, SmartX, 2.829
1622109278.213, lauv-roald, SmartX, 2.833
1622109278.713, lauv-roald, SmartX, 2.814
1622109279.213, lauv-roald, SmartX, 2.733
1622109279.713, lauv-roald, SmartX, 2.646
1622109280.213, lauv-roald, SmartX, 2.656
1622109280.713, lauv-roald, SmartX, 2.664
1622109281.213, lauv-roald, SmartX, 2.758
1622109281.712, lauv-roald, SmartX, 2.811
1622109282.213, lauv-roald, SmartX, 2.823
1622109282.713, lauv-roald, SmartX, 2.827
1622109283.213, lauv-roald, SmartX, 2.832
1622109283.713, lauv-roald, SmartX, 2.827
1622109284.212, lauv-roald, SmartX, 2.810
1622109284.712, lauv-roald, SmartX, 2.804
1622109285.212, lauv-roald, SmartX, 2.820
1622109285.712, lauv-roald, SmartX, 2.828
1622109286.212, lauv-roald, SmartX, 2.817
1622109286.712, lauv-roald, SmartX, 2.793
1622109287.212, lauv-roald, SmartX, 2.784
1622109287.712, lauv-roald, SmartX, 2.803
1622109288.212, lauv-roald, SmartX, 2.806
1622109288.712, lauv-roald, SmartX, 2.762
1622109289.212, lauv-roald, SmartX, 2.788
1622109289.712, lauv-roald, SmartX, 2.811
1622109290.212, lauv-roald, SmartX, 2.795
1622109290.712, lauv-roald, SmartX, 2.800
1622109291.213, lauv-roald, SmartX, 2.830
1622109291.712, lauv-roald, SmartX, 2.832
1622109292.212, lauv-roald, SmartX, 2.828
1622109292.712, lauv-roald, SmartX, 2.812
1622109293.212, lauv-roald, SmartX, 2.777
1622109293.712, lauv-roald, SmartX, 2.735
1622109294.212, lauv-roald, SmartX, 2.752
1622109294.712, lauv-roald, SmartX, 2.775
1622109295.212, lauv-roald, SmartX, 2.767
1622109295.712, lauv-roald, SmartX, 2.775
1622109296.212, lauv-roald, SmartX, 2.780
1622109296.712, lauv-roald, SmartX, 2.771
1622109297.211, lauv-roald, SmartX, 2.781
1622109297.712, lauv-roald, SmartX, 2.814
1622109298.212, lauv-roald, SmartX, 2.812
1622109298.711, lauv-roald, SmartX, 2.806
1622109299.211, lauv-roald, SmartX, 2.805
1622109299.711, lauv-roald, SmartX, 2.796
1622109300.211, lauv-roald, SmartX, 2.789
1622109300.711, lauv-roald, SmartX, 2.776
1622109301.211, lauv-roald, SmartX, 2.756
1622109301.711, lauv-roald, SmartX, 2.750
1622109302.211, lauv-roald, SmartX, 2.737
1622109302.711, lauv-roald, SmartX, 2.751
1622109303.211, lauv-roald, SmartX, 2.764
1622109303.711, lauv-roald, SmartX, 2.792
1622109304.211, lauv-roald, SmartX, 2.794
1622109304.711, lauv-roald, SmartX, 2.793
1622109305.211, lauv-roald, SmartX, 2.784
1622109305.711, lauv-roald, SmartX, 2.771
1622109306.211, lauv-roald, SmartX, 2.768
1622109306.711, lauv-roald, SmartX, 2.775
1622109307.211, lauv-roald, SmartX, 2.746
1622109307.711, lauv-roald, SmartX, 2.737
1622109308.211, lauv-roald, SmartX, 2.724
1622109308.711, lauv-roald, SmartX, 2.706
1622109309.211, lauv-roald, SmartX, 2.686
1622109309.711, lauv-roald, SmartX, 2.708
1622109310.210, lauv-roald, SmartX, 2.754
1622109310.710, lauv-roald, SmartX, 2.760
1622109311.211, lauv-roald, SmartX, 2.793
1622109311.710, lauv-roald, SmartX, 2.808
1622109312.210, lauv-roald, SmartX, 2.820
1622109312.710, lauv-roald, SmartX, 2.830
1622109313.210, lauv-roald, SmartX, 2.819
1622109313.711, lauv-roald, SmartX, 2.820
1622109314.210, lauv-roald, SmartX, 2.811
1622109314.710, lauv-roald, SmartX, 2.775
1622109315.210, lauv-roald, SmartX, 2.804
1622109315.710, lauv-roald, SmartX, 2.827
1622109316.210, lauv-roald, SmartX, 2.809
1622109316.710, lauv-roald, SmartX, 2.787
1622109317.210, lauv-roald, SmartX, 2.754
1622109317.710, lauv-roald, SmartX, 2.715
1622109318.210, lauv-roald, SmartX, 2.710
1622109318.710, lauv-roald, SmartX, 2.690
1622109319.210, lauv-roald, SmartX, 2.687
1622109319.710, lauv-roald, SmartX, 2.690
1622109320.210, lauv-roald, SmartX, 2.686
1622109320.710, lauv-roald, SmartX, 2.657
1622109321.210, lauv-roald, SmartX, 2.660
1622109321.710, lauv-roald, SmartX, 2.633
1622109322.210, lauv-roald, SmartX, 2.619
1622109322.710, lauv-roald, SmartX, 2.599
1622109323.210, lauv-roald, SmartX, 2.644
1622109323.710, lauv-roald, SmartX, 2.697
1622109324.210, lauv-roald, SmartX, 2.666
1622109324.710, lauv-roald, SmartX, 2.640
1622109325.210, lauv-roald, SmartX, 2.666
1622109325.710, lauv-roald, SmartX, 2.682
1622109326.209, lauv-roald, SmartX, 2.700
1622109326.710, lauv-roald, SmartX, 2.690
1622109327.210, lauv-roald, SmartX, 2.621
1622109327.709, lauv-roald, SmartX, 2.600
1622109328.209, lauv-roald, SmartX, 2.591
1622109328.710, lauv-roald, SmartX, 2.580
1622109329.209, lauv-roald, SmartX, 2.599
1622109329.709, lauv-roald, SmartX, 2.619
1622109330.209, lauv-roald, SmartX, 2.635
1622109330.709, lauv-roald, SmartX, 2.654
1622109331.209, lauv-roald, SmartX, 2.694
1622109331.709, lauv-roald, SmartX, 2.732
1622109332.209, lauv-roald, SmartX, 2.764
1622109332.709, lauv-roald, SmartX, 2.782
1622109333.209, lauv-roald, SmartX, 2.763
1622109333.709, lauv-roald, SmartX, 2.751
1622109334.209, lauv-roald, SmartX, 2.775
1622109334.709, lauv-roald, SmartX, 2.806
1622109335.209, lauv-roald, SmartX, 2.848
1622109335.709, lauv-roald, SmartX, 2.899
1622109336.209, lauv-roald, SmartX, 2.931
1622109336.709, lauv-roald, SmartX, 2.959
1622109337.209, lauv-roald, SmartX, 2.984
1622109337.708, lauv-roald, SmartX, 3.003
1622109338.209, lauv-roald, SmartX, 3.011
1622109338.709, lauv-roald, SmartX, 3.013
1622109339.209, lauv-roald, SmartX, 3.009
1622109339.708, lauv-roald, SmartX, 3.004
1622109340.209, lauv-roald, SmartX, 2.994
1622109340.709, lauv-roald, SmartX, 2.949
1622109341.209, lauv-roald, SmartX, 2.889
1622109341.709, lauv-roald, SmartX, 2.837
1622109342.209, lauv-roald, SmartX, 2.797
1622109342.708, lauv-roald, SmartX, 2.700
1622109343.208, lauv-roald, SmartX, 2.659
1622109343.708, lauv-roald, SmartX, 2.627
1622109344.209, lauv-roald, SmartX, 2.685
1622109344.708, lauv-roald, SmartX, 2.757
1622109345.208, lauv-roald, SmartX, 2.752
1622109345.708, lauv-roald, SmartX, 2.741
1622109346.208, lauv-roald, SmartX, 2.742
1622109346.708, lauv-roald, SmartX, 2.738
1622109347.208, lauv-roald, SmartX, 2.768
1622109347.708, lauv-roald, SmartX, 2.784
1622109348.208, lauv-roald, SmartX, 2.796
1622109348.708, lauv-roald, SmartX, 2.834
1622109349.208, lauv-roald, SmartX, 2.863
1622109349.708, lauv-roald, SmartX, 2.859
1622109350.208, lauv-roald, SmartX, 2.810
1622109350.708, lauv-roald, SmartX, 2.811
1622109351.208, lauv-roald, SmartX, 2.803
1622109351.708, lauv-roald, SmartX, 2.820
1622109352.208, lauv-roald, SmartX, 2.809
1622109352.708, lauv-roald, SmartX, 2.799
1622109353.208, lauv-roald, SmartX, 2.854
1622109353.708, lauv-roald, SmartX, 2.873
1622109354.208, lauv-roald, SmartX, 2.852
1622109354.708, lauv-roald, SmartX, 2.827
1622109355.208, lauv-roald, SmartX, 2.836
1622109355.708, lauv-roald, SmartX, 2.843
1622109356.207, lauv-roald, SmartX, 2.846
1622109356.708, lauv-roald, SmartX, 2.873
1622109357.208, lauv-roald, SmartX, 2.892
1622109357.707, lauv-roald, SmartX, 2.909
1622109358.207, lauv-roald, SmartX, 2.931
1622109358.707, lauv-roald, SmartX, 2.908
1622109359.207, lauv-roald, SmartX, 2.828
1622109359.707, lauv-roald, SmartX, 2.825
1622109360.207, lauv-roald, SmartX, 2.860
1622109360.707, lauv-roald, SmartX, 2.907
1622109361.207, lauv-roald, SmartX, 2.924
1622109361.707, lauv-roald, SmartX, 2.936
1622109362.207, lauv-roald, SmartX, 2.953
1622109362.707, lauv-roald, SmartX, 2.953
1622109363.207, lauv-roald, SmartX, 2.960
1622109363.707, lauv-roald, SmartX, 2.972
1622109364.207, lauv-roald, SmartX, 2.960
1622109364.707, lauv-roald, SmartX, 2.933
1622109365.207, lauv-roald, SmartX, 2.920
1622109365.707, lauv-roald, SmartX, 2.916
1622109366.207, lauv-roald, SmartX, 2.929
1622109366.707, lauv-roald, SmartX, 2.952
1622109367.207, lauv-roald, SmartX, 2.976
1622109367.707, lauv-roald, SmartX, 2.981
1622109368.207, lauv-roald, SmartX, 2.987
1622109368.707, lauv-roald, SmartX, 2.979
1622109369.207, lauv-roald, SmartX, 2.952
1622109369.707, lauv-roald, SmartX, 2.940
1622109370.207, lauv-roald, SmartX, 2.944
1622109370.707, lauv-roald, SmartX, 2.945
1622109371.207, lauv-roald, SmartX, 2.960
1622109371.707, lauv-roald, SmartX, 2.949
1622109372.207, lauv-roald, SmartX, 2.942
1622109372.707, lauv-roald, SmartX, 2.933
1622109373.206, lauv-roald, SmartX, 2.953
1622109373.706, lauv-roald, SmartX, 2.970
1622109374.206, lauv-roald, SmartX, 2.982
1622109374.706, lauv-roald, SmartX, 2.969
1622109375.206, lauv-roald, SmartX, 2.931
1622109375.706, lauv-roald, SmartX, 2.913
1622109376.206, lauv-roald, SmartX, 2.896
1622109376.706, lauv-roald, SmartX, 2.885
1622109377.206, lauv-roald, SmartX, 2.883
1622109377.706, lauv-roald, SmartX, 2.893
1622109378.206, lauv-roald, SmartX, 2.882
1622109378.706, lauv-roald, SmartX, 2.830
1622109379.206, lauv-roald, SmartX, 2.837
1622109379.706, lauv-roald, SmartX, 2.833
1622109380.206, lauv-roald, SmartX, 2.848
1622109380.706, lauv-roald, SmartX, 2.897
1622109381.206, lauv-roald, SmartX, 2.940
1622109381.706, lauv-roald, SmartX, 2.987
1622109382.206, lauv-roald, SmartX, 2.906
1622109382.706, lauv-roald, SmartX, 2.826
1622109383.206, lauv-roald, SmartX, 2.796
1622109383.706, lauv-roald, SmartX, 2.828
1622109384.206, lauv-roald, SmartX, 2.805
1622109384.706, lauv-roald, SmartX, 2.803
1622109385.206, lauv-roald, SmartX, 2.818
1622109385.706, lauv-roald, SmartX, 2.856
1622109386.206, lauv-roald, SmartX, 2.886
1622109386.706, lauv-roald, SmartX, 2.875
1622109387.205, lauv-roald, SmartX, 2.896
1622109387.705, lauv-roald, SmartX, 2.894
1622109388.205, lauv-roald, SmartX, 2.934
1622109388.706, lauv-roald, SmartX, 2.939
1622109389.205, lauv-roald, SmartX, 2.980
1622109389.705, lauv-roald, SmartX, 2.992
1622109390.205, lauv-roald, SmartX, 2.985
1622109390.705, lauv-roald, SmartX, 2.935
1622109391.205, lauv-roald, SmartX, 2.868
1622109391.705, lauv-roald, SmartX, 2.858
1622109392.205, lauv-roald, SmartX, 2.904
1622109392.705, lauv-roald, SmartX, 2.917
1622109393.205, lauv-roald, SmartX, 2.877
1622109393.705, lauv-roald, SmartX, 2.872
1622109394.205, lauv-roald, SmartX, 2.859
1622109394.705, lauv-roald, SmartX, 2.870
1622109395.205, lauv-roald, SmartX, 2.880
1622109395.705, lauv-roald, SmartX, 2.917
1622109396.205, lauv-roald, SmartX, 2.955
1622109396.705, lauv-roald, SmartX, 2.993
1622109397.205, lauv-roald, SmartX, 2.989
1622109397.705, lauv-roald, SmartX, 2.950
1622109398.205, lauv-roald, SmartX, 2.860
1622109398.705, lauv-roald, SmartX, 2.860
1622109399.205, lauv-roald, SmartX, 2.872
1622109399.705, lauv-roald, SmartX, 2.907
1622109400.205, lauv-roald, SmartX, 2.936
1622109400.704, lauv-roald, SmartX, 2.959
1622109401.204, lauv-roald, SmartX, 2.976
1622109401.705, lauv-roald, SmartX, 2.893
1622109402.204, lauv-roald, SmartX, 2.963
1622109402.704, lauv-roald, SmartX, 2.975
1622109403.204, lauv-roald, SmartX, 3.007
1622109403.704, lauv-roald, SmartX, 2.952
1622109404.204, lauv-roald, SmartX, 2.968
1622109404.704, lauv-roald, SmartX, 3.015
1622109405.204, lauv-roald, SmartX, 3.008
1622109405.704, lauv-roald, SmartX, 3.045
1622109406.204, lauv-roald, SmartX, 3.060
1622109406.704, lauv-roald, SmartX, 3.064
1622109407.204, lauv-roald, SmartX, 3.036
1622109407.704, lauv-roald, SmartX, 3.017
1622109408.204, lauv-roald, SmartX, 3.014
1622109408.704, lauv-roald, SmartX, 2.998
1622109409.204, lauv-roald, SmartX, 2.974
1622109409.704, lauv-roald, SmartX, 2.996
1622109410.204, lauv-roald, SmartX, 3.033
1622109410.704, lauv-roald, SmartX, 3.054
1622109411.204, lauv-roald, SmartX, 3.056
1622109411.704, lauv-roald, SmartX, 3.064
1622109412.204, lauv-roald, SmartX, 3.059
1622109412.703, lauv-roald, SmartX, 3.070
1622109413.204, lauv-roald, SmartX, 3.074
1622109413.704, lauv-roald, SmartX, 3.076
1622109414.203, lauv-roald, SmartX, 3.076
1622109414.703, lauv-roald, SmartX, 3.055
1622109415.203, lauv-roald, SmartX, 3.024
1622109415.703, lauv-roald, SmartX, 3.006
1622109416.203, lauv-roald, SmartX, 2.998
1622109416.703, lauv-roald, SmartX, 3.042
1622109417.203, lauv-roald, SmartX, 3.056
1622109417.703, lauv-roald, SmartX, 3.068
1622109418.203, lauv-roald, SmartX, 3.073
1622109418.703, lauv-roald, SmartX, 3.075
1622109419.203, lauv-roald, SmartX, 3.075
1622109419.703, lauv-roald, SmartX, 3.066
1622109420.203, lauv-roald, SmartX, 3.060
1622109420.703, lauv-roald, SmartX, 3.053
1622109421.203, lauv-roald, SmartX, 3.044
1622109421.703, lauv-roald, SmartX, 3.051
1622109422.203, lauv-roald, SmartX, 3.060
1622109422.703, lauv-roald, SmartX, 3.061
1622109423.203, lauv-roald, SmartX, 3.071
1622109423.703, lauv-roald, SmartX, 3.075
1622109424.203, lauv-roald, SmartX, 3.076
1622109424.703, lauv-roald, SmartX, 3.068
1622109425.203, lauv-roald, SmartX, 3.071
1622109425.703, lauv-roald, SmartX, 3.074
1622109426.203, lauv-roald, SmartX, 3.064
1622109426.703, lauv-roald, SmartX, 3.071
1622109427.203, lauv-roald, SmartX, 3.075
1622109427.703, lauv-roald, SmartX, 3.076
1622109428.203, lauv-roald, SmartX, 3.077
1622109428.703, lauv-roald, SmartX, 3.078
1622109429.202, lauv-roald, SmartX, 3.078
1622109429.702, lauv-roald, SmartX, 3.076
1622109430.202, lauv-roald, SmartX, 3.069
1622109430.702, lauv-roald, SmartX, 3.071
1622109431.202, lauv-roald, SmartX, 3.073
1622109431.702, lauv-roald, SmartX, 3.074
1622109432.202, lauv-roald, SmartX, 3.077
1622109432.702, lauv-roald, SmartX, 3.077
1622109433.202, lauv-roald, SmartX, 3.075
1622109433.702, lauv-roald, SmartX, 3.073
1622109434.202, lauv-roald, SmartX, 3.065
1622109434.702, lauv-roald, SmartX, 3.066
1622109435.202, lauv-roald, SmartX, 3.071
1622109435.702, lauv-roald, SmartX, 3.074
1622109436.202, lauv-roald, SmartX, 3.076
1622109436.702, lauv-roald, SmartX, 3.076
1622109437.202, lauv-roald, SmartX, 3.076
1622109437.702, lauv-roald, SmartX, 3.076
1622109438.202, lauv-roald, SmartX, 3.074
1622109438.702, lauv-roald, SmartX, 3.070
1622109439.202, lauv-roald, SmartX, 3.063
1622109439.702, lauv-roald, SmartX, 3.067
1622109440.202, lauv-roald, SmartX, 3.073
1622109440.702, lauv-roald, SmartX, 3.075
1622109441.202, lauv-roald, SmartX, 3.075
1622109441.702, lauv-roald, SmartX, 3.078
1622109442.201, lauv-roald, SmartX, 3.077
1622109442.702, lauv-roald, SmartX, 3.075
1622109443.202, lauv-roald, SmartX, 3.073
1622109443.701, lauv-roald, SmartX, 3.073
1622109444.201, lauv-roald, SmartX, 3.072
1622109444.701, lauv-roald, SmartX, 3.074
1622109445.201, lauv-roald, SmartX, 3.076
1622109445.701, lauv-roald, SmartX, 3.078
1622109446.201, lauv-roald, SmartX, 3.078
1622109446.702, lauv-roald, SmartX, 3.077
1622109447.201, lauv-roald, SmartX, 3.063
1622109447.701, lauv-roald, SmartX, 3.044
1622109448.201, lauv-roald, SmartX, 3.031
1622109448.701, lauv-roald, SmartX, 3.038
1622109449.201, lauv-roald, SmartX, 3.052
1622109449.701, lauv-roald, SmartX, 3.064
1622109450.201, lauv-roald, SmartX, 3.071
1622109450.701, lauv-roald, SmartX, 3.076
1622109451.201, lauv-roald, SmartX, 3.073
1622109451.701, lauv-roald, SmartX, 3.061
1622109452.201, lauv-roald, SmartX, 3.054
1622109452.701, lauv-roald, SmartX, 3.056
1622109453.201, lauv-roald, SmartX, 3.066
1622109453.701, lauv-roald, SmartX, 3.071
1622109454.201, lauv-roald, SmartX, 3.074
1622109454.701, lauv-roald, SmartX, 3.076
1622109455.201, lauv-roald, SmartX, 3.074
1622109455.701, lauv-roald, SmartX, 3.074
1622109456.201, lauv-roald, SmartX, 3.075
1622109456.701, lauv-roald, SmartX, 3.073
1622109457.201, lauv-roald, SmartX, 3.071
1622109457.700, lauv-roald, SmartX, 3.073
1622109458.201, lauv-roald, SmartX, 3.074
1622109458.701, lauv-roald, SmartX, 3.072
1622109459.200, lauv-roald, SmartX, 3.072
1622109459.700, lauv-roald, SmartX, 3.075
1622109460.200, lauv-roald, SmartX, 3.073
1622109460.700, lauv-roald, SmartX, 3.070
1622109461.200, lauv-roald, SmartX, 3.068
1622109461.700, lauv-roald, SmartX, 3.067
1622109462.200, lauv-roald, SmartX, 3.065
1622109462.700, lauv-roald, SmartX, 3.061
1622109463.200, lauv-roald, SmartX, 3.065
1622109463.700, lauv-roald, SmartX, 3.073
1622109464.200, lauv-roald, SmartX, 3.076
1622109464.700, lauv-roald, SmartX, 3.075
1622109465.200, lauv-roald, SmartX, 3.069
1622109465.700, lauv-roald, SmartX, 3.054
1622109466.200, lauv-roald, SmartX, 3.042
1622109466.700, lauv-roald, SmartX, 3.039
1622109467.200, lauv-roald, SmartX, 3.045
1622109467.700, lauv-roald, SmartX, 3.058
1622109468.200, lauv-roald, SmartX, 3.069
1622109468.700, lauv-roald, SmartX, 3.074
1622109469.200, lauv-roald, SmartX, 3.076
1622109469.700, lauv-roald, SmartX, 3.076
1622109470.200, lauv-roald, SmartX, 3.067
1622109470.700, lauv-roald, SmartX, 3.059
1622109471.200, lauv-roald, SmartX, 3.051
1622109471.700, lauv-roald, SmartX, 3.053
1622109472.200, lauv-roald, SmartX, 3.063
1622109472.699, lauv-roald, SmartX, 3.072
1622109473.199, lauv-roald, SmartX, 3.078
1622109473.699, lauv-roald, SmartX, 3.079
1622109474.200, lauv-roald, SmartX, 3.072
1622109474.699, lauv-roald, SmartX, 3.061
1622109475.200, lauv-roald, SmartX, 3.053
1622109475.699, lauv-roald, SmartX, 3.053
1622109476.199, lauv-roald, SmartX, 3.056
1622109476.699, lauv-roald, SmartX, 3.059
1622109477.199, lauv-roald, SmartX, 3.068
1622109477.699, lauv-roald, SmartX, 3.073
1622109478.199, lauv-roald, SmartX, 3.074
1622109478.699, lauv-roald, SmartX, 3.076
1622109479.199, lauv-roald, SmartX, 3.074
1622109479.699, lauv-roald, SmartX, 3.074
1622109480.199, lauv-roald, SmartX, 3.075
1622109480.699, lauv-roald, SmartX, 3.075
1622109481.199, lauv-roald, SmartX, 3.078
1622109481.699, lauv-roald, SmartX, 3.078
1622109482.199, lauv-roald, SmartX, 3.078
1622109482.699, lauv-roald, SmartX, 3.078
1622109483.199, lauv-roald, SmartX, 3.078
1622109483.699, lauv-roald, SmartX, 3.077
1622109484.199, lauv-roald, SmartX, 3.076
1622109484.699, lauv-roald, SmartX, 3.074
1622109485.199, lauv-roald, SmartX, 3.073
1622109485.699, lauv-roald, SmartX, 3.072
1622109486.199, lauv-roald, SmartX, 3.073
1622109486.699, lauv-roald, SmartX, 3.075
1622109487.199, lauv-roald, SmartX, 3.078
1622109487.699, lauv-roald, SmartX, 3.078
1622109488.199, lauv-roald, SmartX, 3.079
1622109488.699, lauv-roald, SmartX, 3.080
1622109489.198, lauv-roald, SmartX, 3.079
1622109489.699, lauv-roald, SmartX, 3.078
1622109490.198, lauv-roald, SmartX, 3.076
1622109490.698, lauv-roald, SmartX, 3.074
1622109491.198, lauv-roald, SmartX, 3.072
1622109491.698, lauv-roald, SmartX, 3.070
1622109492.198, lauv-roald, SmartX, 3.067
1622109492.698, lauv-roald, SmartX, 3.068
1622109493.198, lauv-roald, SmartX, 3.069
1622109493.698, lauv-roald, SmartX, 3.074
1622109494.198, lauv-roald, SmartX, 3.076
1622109494.698, lauv-roald, SmartX, 3.072
1622109495.198, lauv-roald, SmartX, 3.069
1622109495.698, lauv-roald, SmartX, 3.069
1622109496.198, lauv-roald, SmartX, 3.067
1622109496.698, lauv-roald, SmartX, 3.068
1622109497.198, lauv-roald, SmartX, 3.066
1622109497.698, lauv-roald, SmartX, 3.067
1622109498.198, lauv-roald, SmartX, 3.068
1622109498.698, lauv-roald, SmartX, 3.067
1622109499.198, lauv-roald, SmartX, 3.059
1622109499.698, lauv-roald, SmartX, 3.054
1622109500.198, lauv-roald, SmartX, 3.055
1622109500.698, lauv-roald, SmartX, 3.054
1622109501.198, lauv-roald, SmartX, 3.053
1622109501.698, lauv-roald, SmartX, 3.051
1622109502.198, lauv-roald, SmartX, 3.046
1622109502.698, lauv-roald, SmartX, 3.041
1622109503.197, lauv-roald, SmartX, 3.044
1622109503.698, lauv-roald, SmartX, 3.051
1622109504.198, lauv-roald, SmartX, 3.058
1622109504.697, lauv-roald, SmartX, 3.061
1622109505.197, lauv-roald, SmartX, 3.063
1622109505.697, lauv-roald, SmartX, 3.057
1622109506.197, lauv-roald, SmartX, 3.042
1622109506.697, lauv-roald, SmartX, 3.029
1622109507.197, lauv-roald, SmartX, 3.030
1622109507.697, lauv-roald, SmartX, 3.034
1622109508.197, lauv-roald, SmartX, 3.046
1622109508.697, lauv-roald, SmartX, 3.062
1622109509.197, lauv-roald, SmartX, 3.070
1622109509.697, lauv-roald, SmartX, 3.078
1622109510.197, lauv-roald, SmartX, 3.079
1622109510.697, lauv-roald, SmartX, 3.075
1622109511.197, lauv-roald, SmartX, 3.067
1622109511.697, lauv-roald, SmartX, 3.060
1622109512.197, lauv-roald, SmartX, 3.055
1622109512.697, lauv-roald, SmartX, 3.053
1622109513.197, lauv-roald, SmartX, 3.063
1622109513.697, lauv-roald, SmartX, 3.071
1622109514.197, lauv-roald, SmartX, 3.076
1622109514.697, lauv-roald, SmartX, 3.079
1622109515.197, lauv-roald, SmartX, 3.078
1622109515.697, lauv-roald, SmartX, 3.072
1622109516.197, lauv-roald, SmartX, 3.065
1622109516.697, lauv-roald, SmartX, 3.070
1622109517.197, lauv-roald, SmartX, 3.077
1622109517.697, lauv-roald, SmartX, 3.080
1622109518.196, lauv-roald, SmartX, 3.082
1622109518.696, lauv-roald, SmartX, 3.083
1622109519.196, lauv-roald, SmartX, 3.082
1622109519.696, lauv-roald, SmartX, 3.081
1622109520.196, lauv-roald, SmartX, 3.080
1622109520.696, lauv-roald, SmartX, 3.080
1622109521.196, lauv-roald, SmartX, 3.083
1622109521.696, lauv-roald, SmartX, 3.084
1622109522.196, lauv-roald, SmartX, 3.084
1622109522.696, lauv-roald, SmartX, 3.084
1622109523.196, lauv-roald, SmartX, 3.085
1622109523.696, lauv-roald, SmartX, 3.085
1622109524.196, lauv-roald, SmartX, 3.084
1622109524.696, lauv-roald, SmartX, 3.084
1622109525.196, lauv-roald, SmartX, 3.084
1622109525.696, lauv-roald, SmartX, 3.084
1622109526.196, lauv-roald, SmartX, 3.082
1622109526.696, lauv-roald, SmartX, 3.081
1622109527.196, lauv-roald, SmartX, 3.082
1622109527.696, lauv-roald, SmartX, 3.082
1622109528.196, lauv-roald, SmartX, 3.082
1622109528.696, lauv-roald, SmartX, 3.082
1622109529.196, lauv-roald, SmartX, 3.081
1622109529.696, lauv-roald, SmartX, 3.080
1622109530.196, lauv-roald, SmartX, 3.080
1622109530.695, lauv-roald, SmartX, 3.080
1622109531.196, lauv-roald, SmartX, 3.080
1622109531.695, lauv-roald, SmartX, 3.080
1622109532.196, lauv-roald, SmartX, 3.079
1622109532.696, lauv-roald, SmartX, 3.078
1622109533.196, lauv-roald, SmartX, 3.078
1622109533.696, lauv-roald, SmartX, 3.077
1622109534.195, lauv-roald, SmartX, 3.077
1622109534.695, lauv-roald, SmartX, 3.077
1622109535.195, lauv-roald, SmartX, 3.078
1622109535.695, lauv-roald, SmartX, 3.078
1622109536.195, lauv-roald, SmartX, 3.078
1622109536.695, lauv-roald, SmartX, 3.077
1622109537.195, lauv-roald, SmartX, 3.076
1622109537.695, lauv-roald, SmartX, 3.076
1622109538.195, lauv-roald, SmartX, 3.076
1622109538.695, lauv-roald, SmartX, 3.076
1622109539.195, lauv-roald, SmartX, 3.075
1622109539.695, lauv-roald, SmartX, 3.075
1622109540.195, lauv-roald, SmartX, 3.076
1622109540.695, lauv-roald, SmartX, 3.075
1622109541.195, lauv-roald, SmartX, 3.073
1622109541.695, lauv-roald, SmartX, 3.073
1622109542.195, lauv-roald, SmartX, 3.075
1622109542.695, lauv-roald, SmartX, 3.078
1622109543.195, lauv-roald, SmartX, 3.079
1622109543.695, lauv-roald, SmartX, 3.080
1622109544.195, lauv-roald, SmartX, 3.081
1622109544.695, lauv-roald, SmartX, 3.082
1622109545.194, lauv-roald, SmartX, 3.080
1622109545.695, lauv-roald, SmartX, 3.078
1622109546.195, lauv-roald, SmartX, 3.078
1622109546.695, lauv-roald, SmartX, 3.080
1622109547.195, lauv-roald, SmartX, 3.076
1622109547.695, lauv-roald, SmartX, 3.074
1622109548.194, lauv-roald, SmartX, 3.074
1622109548.694, lauv-roald, SmartX, 3.072
1622109549.194, lauv-roald, SmartX, 3.064
1622109549.695, lauv-roald, SmartX, 3.063
1622109550.194, lauv-roald, SmartX, 3.064
1622109550.694, lauv-roald, SmartX, 3.067
1622109551.194, lauv-roald, SmartX, 3.071
1622109551.694, lauv-roald, SmartX, 3.071
1622109552.194, lauv-roald, SmartX, 3.069
1622109552.694, lauv-roald, SmartX, 3.063
1622109553.194, lauv-roald, SmartX, 3.045
1622109553.694, lauv-roald, SmartX, 3.022
1622109554.194, lauv-roald, SmartX, 3.010
1622109554.694, lauv-roald, SmartX, 2.995
1622109555.194, lauv-roald, SmartX, 3.013
1622109555.694, lauv-roald, SmartX, 3.026
1622109556.194, lauv-roald, SmartX, 3.038
1622109556.694, lauv-roald, SmartX, 3.039
1622109557.194, lauv-roald, SmartX, 3.027
1622109557.694, lauv-roald, SmartX, 2.998
1622109558.194, lauv-roald, SmartX, 2.989
1622109558.694, lauv-roald, SmartX, 3.007
1622109559.194, lauv-roald, SmartX, 3.018
1622109559.694, lauv-roald, SmartX, 3.028
1622109560.194, lauv-roald, SmartX, 3.034
1622109560.694, lauv-roald, SmartX, 3.035
1622109561.194, lauv-roald, SmartX, 3.034
1622109561.694, lauv-roald, SmartX, 3.009
1622109562.194, lauv-roald, SmartX, 2.981
1622109562.694, lauv-roald, SmartX, 2.955
1622109563.194, lauv-roald, SmartX, 2.908
1622109563.693, lauv-roald, SmartX, 2.900
1622109564.194, lauv-roald, SmartX, 2.924
1622109564.693, lauv-roald, SmartX, 2.944
1622109565.193, lauv-roald, SmartX, 2.968
1622109565.693, lauv-roald, SmartX, 2.979
1622109566.193, lauv-roald, SmartX, 2.957
1622109566.693, lauv-roald, SmartX, 2.914
1622109567.193, lauv-roald, SmartX, 2.878
1622109567.693, lauv-roald, SmartX, 2.854
1622109568.193, lauv-roald, SmartX, 2.834
1622109568.693, lauv-roald, SmartX, 2.841
1622109569.193, lauv-roald, SmartX, 2.911
1622109569.693, lauv-roald, SmartX, 2.946
1622109570.193, lauv-roald, SmartX, 2.937
1622109570.693, lauv-roald, SmartX, 2.927
1622109571.193, lauv-roald, SmartX, 2.896
1622109571.693, lauv-roald, SmartX, 2.860
1622109572.193, lauv-roald, SmartX, 2.843
1622109572.693, lauv-roald, SmartX, 2.897
1622109573.193, lauv-roald, SmartX, 2.938
1622109573.693, lauv-roald, SmartX, 2.975
1622109574.193, lauv-roald, SmartX, 2.998
1622109574.693, lauv-roald, SmartX, 3.012
1622109575.193, lauv-roald, SmartX, 3.020
1622109575.693, lauv-roald, SmartX, 3.029
1622109576.193, lauv-roald, SmartX, 3.031
1622109576.693, lauv-roald, SmartX, 3.033
1622109577.193, lauv-roald, SmartX, 3.033
1622109577.692, lauv-roald, SmartX, 3.034
1622109578.192, lauv-roald, SmartX, 3.035
1622109578.692, lauv-roald, SmartX, 3.036
1622109579.192, lauv-roald, SmartX, 3.039
1622109579.692, lauv-roald, SmartX, 3.038
1622109580.192, lauv-roald, SmartX, 3.038
1622109580.692, lauv-roald, SmartX, 3.038
1622109581.192, lauv-roald, SmartX, 3.028
1622109581.692, lauv-roald, SmartX, 3.020
1622109582.192, lauv-roald, SmartX, 3.021
1622109582.692, lauv-roald, SmartX, 3.026
1622109583.192, lauv-roald, SmartX, 3.025
1622109583.692, lauv-roald, SmartX, 3.024
1622109584.192, lauv-roald, SmartX, 3.025
1622109584.692, lauv-roald, SmartX, 3.023
1622109585.192, lauv-roald, SmartX, 3.020
1622109585.692, lauv-roald, SmartX, 3.017
1622109586.192, lauv-roald, SmartX, 3.029
1622109586.692, lauv-roald, SmartX, 3.026
1622109587.192, lauv-roald, SmartX, 3.014
1622109587.692, lauv-roald, SmartX, 2.976
1622109588.192, lauv-roald, SmartX, 2.927
1622109588.692, lauv-roald, SmartX, 2.891
1622109589.192, lauv-roald, SmartX, 2.899
1622109589.692, lauv-roald, SmartX, 2.926
1622109590.192, lauv-roald, SmartX, 2.980
1622109590.691, lauv-roald, SmartX, 3.004
1622109591.191, lauv-roald, SmartX, 3.035
1622109591.693, lauv-roald, SmartX, 3.047
1622109592.193, lauv-roald, SmartX, 3.050
1622109592.693, lauv-roald, SmartX, 3.048
1622109593.193, lauv-roald, SmartX, 3.052
1622109593.691, lauv-roald, SmartX, 3.055
1622109594.191, lauv-roald, SmartX, 3.060
1622109594.691, lauv-roald, SmartX, 3.067
1622109595.191, lauv-roald, SmartX, 3.070
1622109595.691, lauv-roald, SmartX, 3.072
1622109596.191, lauv-roald, SmartX, 3.073
1622109596.691, lauv-roald, SmartX, 3.074
1622109597.191, lauv-roald, SmartX, 3.072
1622109597.691, lauv-roald, SmartX, 3.069
1622109598.191, lauv-roald, SmartX, 3.067
1622109598.691, lauv-roald, SmartX, 3.066
1622109599.191, lauv-roald, SmartX, 3.069
1622109599.691, lauv-roald, SmartX, 3.072
1622109600.191, lauv-roald, SmartX, 3.072
1622109600.691, lauv-roald, SmartX, 3.068
1622109601.191, lauv-roald, SmartX, 3.062
1622109601.691, lauv-roald, SmartX, 3.056
1622109602.191, lauv-roald, SmartX, 3.053
1622109602.691, lauv-roald, SmartX, 3.051
1622109603.191, lauv-roald, SmartX, 3.053
1622109603.691, lauv-roald, SmartX, 3.059
1622109604.191, lauv-roald, SmartX, 3.062
1622109604.691, lauv-roald, SmartX, 3.064
1622109605.191, lauv-roald, SmartX, 3.066
1622109605.691, lauv-roald, SmartX, 3.064
1622109606.191, lauv-roald, SmartX, 3.059
1622109606.690, lauv-roald, SmartX, 3.055
1622109607.190, lauv-roald, SmartX, 3.053
1622109607.690, lauv-roald, SmartX, 3.056
1622109608.190, lauv-roald, SmartX, 3.061
1622109608.690, lauv-roald, SmartX, 3.063
1622109609.190, lauv-roald, SmartX, 3.066
1622109609.690, lauv-roald, SmartX, 3.063
1622109610.190, lauv-roald, SmartX, 3.057
1622109610.690, lauv-roald, SmartX, 3.053
1622109611.190, lauv-roald, SmartX, 3.052
1622109611.690, lauv-roald, SmartX, 3.049
1622109612.190, lauv-roald, SmartX, 3.056
1622109612.690, lauv-roald, SmartX, 3.061
1622109613.191, lauv-roald, SmartX, 3.061
1622109613.691, lauv-roald, SmartX, 3.056
1622109614.190, lauv-roald, SmartX, 3.052
1622109614.691, lauv-roald, SmartX, 3.045
1622109615.190, lauv-roald, SmartX, 3.039
1622109615.690, lauv-roald, SmartX, 3.033
1622109616.190, lauv-roald, SmartX, 3.028
1622109616.690, lauv-roald, SmartX, 3.027
1622109617.190, lauv-roald, SmartX, 3.033
1622109617.690, lauv-roald, SmartX, 3.040
1622109618.190, lauv-roald, SmartX, 3.044
1622109618.690, lauv-roald, SmartX, 3.049
1622109619.190, lauv-roald, SmartX, 3.045
1622109619.690, lauv-roald, SmartX, 3.044
1622109620.190, lauv-roald, SmartX, 3.045
1622109620.690, lauv-roald, SmartX, 3.046
1622109621.189, lauv-roald, SmartX, 3.054
1622109621.689, lauv-roald, SmartX, 3.064
1622109622.190, lauv-roald, SmartX, 3.069
1622109622.689, lauv-roald, SmartX, 3.067
1622109623.189, lauv-roald, SmartX, 3.053
1622109623.689, lauv-roald, SmartX, 3.038
1622109624.190, lauv-roald, SmartX, 3.037
1622109624.689, lauv-roald, SmartX, 3.042
1622109625.189, lauv-roald, SmartX, 3.054
1622109625.689, lauv-roald, SmartX, 3.067
1622109626.190, lauv-roald, SmartX, 3.071
1622109626.689, lauv-roald, SmartX, 3.078
1622109627.189, lauv-roald, SmartX, 3.080
1622109627.689, lauv-roald, SmartX, 3.079
1622109628.189, lauv-roald, SmartX, 3.069
1622109628.689, lauv-roald, SmartX, 3.058
1622109629.189, lauv-roald, SmartX, 3.052
1622109629.689, lauv-roald, SmartX, 3.057
1622109630.189, lauv-roald, SmartX, 3.065
1622109630.689, lauv-roald, SmartX, 3.074
1622109631.189, lauv-roald, SmartX, 3.078
1622109631.689, lauv-roald, SmartX, 3.083
1622109632.189, lauv-roald, SmartX, 3.083
1622109632.689, lauv-roald, SmartX, 3.077
1622109633.189, lauv-roald, SmartX, 3.073
1622109633.689, lauv-roald, SmartX, 3.072
1622109634.189, lauv-roald, SmartX, 3.076
1622109634.688, lauv-roald, SmartX, 3.081
1622109635.188, lauv-roald, SmartX, 3.083
1622109635.689, lauv-roald, SmartX, 3.085
1622109636.188, lauv-roald, SmartX, 3.087
1622109636.688, lauv-roald, SmartX, 3.080
1622109637.188, lauv-roald, SmartX, 3.078
1622109637.688, lauv-roald, SmartX, 3.078
1622109638.188, lauv-roald, SmartX, 3.077
1622109638.688, lauv-roald, SmartX, 3.079
1622109639.188, lauv-roald, SmartX, 3.080
1622109639.688, lauv-roald, SmartX, 3.081
1622109640.188, lauv-roald, SmartX, 3.082
1622109640.688, lauv-roald, SmartX, 3.082
1622109641.188, lauv-roald, SmartX, 3.081
1622109641.688, lauv-roald, SmartX, 3.079
1622109642.188, lauv-roald, SmartX, 3.076
1622109642.688, lauv-roald, SmartX, 3.077
1622109643.188, lauv-roald, SmartX, 3.082
1622109643.688, lauv-roald, SmartX, 3.083
1622109644.188, lauv-roald, SmartX, 3.086
1622109644.688, lauv-roald, SmartX, 3.087
1622109645.188, lauv-roald, SmartX, 3.088
1622109645.688, lauv-roald, SmartX, 3.088
1622109646.188, lauv-roald, SmartX, 3.087
1622109646.688, lauv-roald, SmartX, 3.086
1622109647.188, lauv-roald, SmartX, 3.083
1622109647.688, lauv-roald, SmartX, 3.079
1622109648.188, lauv-roald, SmartX, 3.082
1622109648.688, lauv-roald, SmartX, 3.084
1622109649.188, lauv-roald, SmartX, 3.086
1622109649.688, lauv-roald, SmartX, 3.086
1622109650.187, lauv-roald, SmartX, 3.087
1622109650.687, lauv-roald, SmartX, 3.087
1622109651.187, lauv-roald, SmartX, 3.088
1622109651.687, lauv-roald, SmartX, 3.088
1622109652.187, lauv-roald, SmartX, 3.089
1622109652.687, lauv-roald, SmartX, 3.088
1622109653.187, lauv-roald, SmartX, 3.087
1622109653.687, lauv-roald, SmartX, 3.087
1622109654.187, lauv-roald, SmartX, 3.088
1622109654.687, lauv-roald, SmartX, 3.089
1622109655.187, lauv-roald, SmartX, 3.089
1622109655.687, lauv-roald, SmartX, 3.089
1622109656.187, lauv-roald, SmartX, 3.089
1622109656.687, lauv-roald, SmartX, 3.088
1622109657.187, lauv-roald, SmartX, 3.086
1622109657.687, lauv-roald, SmartX, 3.086
1622109658.187, lauv-roald, SmartX, 3.087
1622109658.687, lauv-roald, SmartX, 3.088
1622109659.187, lauv-roald, SmartX, 3.089
1622109659.687, lauv-roald, SmartX, 3.088
1622109660.187, lauv-roald, SmartX, 3.089
1622109660.687, lauv-roald, SmartX, 3.089
1622109661.187, lauv-roald, SmartX, 3.088
1622109661.687, lauv-roald, SmartX, 3.088
1622109662.187, lauv-roald, SmartX, 3.089
1622109662.687, lauv-roald, SmartX, 3.088
1622109663.187, lauv-roald, SmartX, 3.085
1622109663.687, lauv-roald, SmartX, 3.084
1622109664.187, lauv-roald, SmartX, 3.084
1622109664.687, lauv-roald, SmartX, 3.085
1622109665.187, lauv-roald, SmartX, 3.086
1622109665.687, lauv-roald, SmartX, 3.087
1622109666.186, lauv-roald, SmartX, 3.087
1622109666.686, lauv-roald, SmartX, 3.086
1622109667.186, lauv-roald, SmartX, 3.087
1622109667.686, lauv-roald, SmartX, 3.088
1622109668.186, lauv-roald, SmartX, 3.086
1622109668.686, lauv-roald, SmartX, 3.082
1622109669.186, lauv-roald, SmartX, 3.082
1622109669.686, lauv-roald, SmartX, 3.082
1622109670.186, lauv-roald, SmartX, 3.084
1622109670.686, lauv-roald, SmartX, 3.085
1622109671.186, lauv-roald, SmartX, 3.082
1622109671.686, lauv-roald, SmartX, 3.078
1622109672.186, lauv-roald, SmartX, 3.074
1622109672.686, lauv-roald, SmartX, 3.060
1622109673.186, lauv-roald, SmartX, 3.049
1622109673.686, lauv-roald, SmartX, 3.053
1622109674.186, lauv-roald, SmartX, 3.060
1622109674.686, lauv-roald, SmartX, 3.066
1622109675.186, lauv-roald, SmartX, 3.069
1622109675.686, lauv-roald, SmartX, 3.075
1622109676.186, lauv-roald, SmartX, 3.075
1622109676.686, lauv-roald, SmartX, 3.066
1622109677.186, lauv-roald, SmartX, 3.045
1622109677.686, lauv-roald, SmartX, 3.037
1622109678.186, lauv-roald, SmartX, 3.028
1622109678.686, lauv-roald, SmartX, 3.037
1622109679.186, lauv-roald, SmartX, 3.043
1622109679.686, lauv-roald, SmartX, 3.059
1622109680.186, lauv-roald, SmartX, 3.062
1622109680.686, lauv-roald, SmartX, 3.064
1622109681.185, lauv-roald, SmartX, 3.059
1622109681.685, lauv-roald, SmartX, 3.061
1622109682.185, lauv-roald, SmartX, 3.066
1622109682.685, lauv-roald, SmartX, 3.062
1622109683.185, lauv-roald, SmartX, 3.059
1622109683.685, lauv-roald, SmartX, 3.059
1622109684.185, lauv-roald, SmartX, 3.062
1622109684.685, lauv-roald, SmartX, 3.063
1622109685.185, lauv-roald, SmartX, 3.070
1622109685.685, lauv-roald, SmartX, 3.074
1622109686.185, lauv-roald, SmartX, 3.079
1622109686.685, lauv-roald, SmartX, 3.082
1622109687.185, lauv-roald, SmartX, 3.035
1622109687.685, lauv-roald, SmartX, 2.951
1622109688.185, lauv-roald, SmartX, 3.013
1622109688.685, lauv-roald, SmartX, 3.038
1622109689.185, lauv-roald, SmartX, 3.055
1622109689.685, lauv-roald, SmartX, 3.065
1622109690.185, lauv-roald, SmartX, 3.073
1622109690.685, lauv-roald, SmartX, 3.079
1622109691.185, lauv-roald, SmartX, 3.081
1622109691.685, lauv-roald, SmartX, 3.083
1622109692.185, lauv-roald, SmartX, 3.084
1622109692.685, lauv-roald, SmartX, 3.086
1622109693.185, lauv-roald, SmartX, 3.086
1622109693.685, lauv-roald, SmartX, 3.086
1622109694.185, lauv-roald, SmartX, 3.086
1622109694.684, lauv-roald, SmartX, 3.086
1622109695.184, lauv-roald, SmartX, 3.086
1622109695.684, lauv-roald, SmartX, 3.086
1622109696.184, lauv-roald, SmartX, 3.086
1622109696.684, lauv-roald, SmartX, 3.086
1622109697.184, lauv-roald, SmartX, 3.086
1622109697.684, lauv-roald, SmartX, 3.086
1622109698.184, lauv-roald, SmartX, 3.086
1622109698.684, lauv-roald, SmartX, 3.086
1622109699.184, lauv-roald, SmartX, 3.086
1622109699.684, lauv-roald, SmartX, 3.085
1622109700.184, lauv-roald, SmartX, 3.085
1622109700.684, lauv-roald, SmartX, 3.085
1622109701.184, lauv-roald, SmartX, 3.085
1622109701.684, lauv-roald, SmartX, 3.085
1622109702.184, lauv-roald, SmartX, 3.085
1622109702.684, lauv-roald, SmartX, 3.085
1622109703.184, lauv-roald, SmartX, 3.085
1622109703.684, lauv-roald, SmartX, 3.085
1622109704.184, lauv-roald, SmartX, 3.085
1622109704.684, lauv-roald, SmartX, 3.084
1622109705.184, lauv-roald, SmartX, 3.084
1622109705.684, lauv-roald, SmartX, 3.084
1622109706.184, lauv-roald, SmartX, 3.084
1622109706.684, lauv-roald, SmartX, 3.084
1622109707.184, lauv-roald, SmartX, 3.084
1622109707.684, lauv-roald, SmartX, 3.084
1622109708.184, lauv-roald, SmartX, 3.084
1622109708.683, lauv-roald, SmartX, 3.083
1622109709.184, lauv-roald, SmartX, 3.083
1622109709.684, lauv-roald, SmartX, 3.083
1622109710.183, lauv-roald, SmartX, 3.083
1622109710.683, lauv-roald, SmartX, 3.083
1622109711.183, lauv-roald, SmartX, 3.083
1622109711.683, lauv-roald, SmartX, 3.083
1622109712.183, lauv-roald, SmartX, 3.083
1622109712.683, lauv-roald, SmartX, 3.083
1622109713.183, lauv-roald, SmartX, 3.083
1622109713.683, lauv-roald, SmartX, 3.083
1622109714.183, lauv-roald, SmartX, 3.084
1622109714.683, lauv-roald, SmartX, 3.083
1622109715.183, lauv-roald, SmartX, 3.083
1622109715.683, lauv-roald, SmartX, 3.083
1622109716.183, lauv-roald, SmartX, 3.082
1622109716.683, lauv-roald, SmartX, 3.082
1622109717.183, lauv-roald, SmartX, 3.083
1622109717.683, lauv-roald, SmartX, 3.084
1622109718.183, lauv-roald, SmartX, 3.084
1622109718.683, lauv-roald, SmartX, 3.084
1622109719.183, lauv-roald, SmartX, 3.084
1622109719.683, lauv-roald, SmartX, 3.084
1622109720.183, lauv-roald, SmartX, 3.085
1622109720.683, lauv-roald, SmartX, 3.085
1622109721.183, lauv-roald, SmartX, 3.086
1622109721.683, lauv-roald, SmartX, 3.086
1622109722.183, lauv-roald, SmartX, 3.086
1622109722.683, lauv-roald, SmartX, 3.087
1622109723.183, lauv-roald, SmartX, 3.087
1622109723.682, lauv-roald, SmartX, 3.087
1622109724.182, lauv-roald, SmartX, 3.088
1622109724.682, lauv-roald, SmartX, 3.088
1622109725.182, lauv-roald, SmartX, 3.088
1622109725.682, lauv-roald, SmartX, 3.089
1622109726.182, lauv-roald, SmartX, 3.089
1622109726.682, lauv-roald, SmartX, 3.090
1622109727.182, lauv-roald, SmartX, 3.090
1622109727.682, lauv-roald, SmartX, 3.091
1622109728.182, lauv-roald, SmartX, 3.091
1622109728.682, lauv-roald, SmartX, 3.091
1622109729.182, lauv-roald, SmartX, 3.091
1622109729.682, lauv-roald, SmartX, 3.092
1622109730.182, lauv-roald, SmartX, 3.091
1622109730.682, lauv-roald, SmartX, 3.092
1622109731.182, lauv-roald, SmartX, 3.092
1622109731.682, lauv-roald, SmartX, 3.092
1622109732.182, lauv-roald, SmartX, 3.092
1622109732.682, lauv-roald, SmartX, 3.092
1622109733.182, lauv-roald, SmartX, 3.092
1622109733.682, lauv-roald, SmartX, 3.092
1622109734.182, lauv-roald, SmartX, 3.092
1622109734.682, lauv-roald, SmartX, 3.092
1622109735.182, lauv-roald, SmartX, 3.092
1622109735.682, lauv-roald, SmartX, 3.091
1622109736.182, lauv-roald, SmartX, 3.091
1622109736.682, lauv-roald, SmartX, 3.090
1622109737.182, lauv-roald, SmartX, 3.091
1622109737.681, lauv-roald, SmartX, 3.090
1622109738.181, lauv-roald, SmartX, 3.090
1622109738.681, lauv-roald, SmartX, 3.090
1622109739.181, lauv-roald, SmartX, 3.090
1622109739.682, lauv-roald, SmartX, 3.089
1622109740.181, lauv-roald, SmartX, 3.088
1622109740.682, lauv-roald, SmartX, 3.087
1622109741.181, lauv-roald, SmartX, 3.086
1622109741.681, lauv-roald, SmartX, 3.086
1622109742.181, lauv-roald, SmartX, 3.085
1622109742.681, lauv-roald, SmartX, 3.085
1622109743.181, lauv-roald, SmartX, 3.083
1622109743.681, lauv-roald, SmartX, 3.083
1622109744.181, lauv-roald, SmartX, 3.084
1622109744.681, lauv-roald, SmartX, 3.085
1622109745.181, lauv-roald, SmartX, 3.084
1622109745.681, lauv-roald, SmartX, 3.083
1622109746.181, lauv-roald, SmartX, 3.082
1622109746.681, lauv-roald, SmartX, 3.081
1622109747.181, lauv-roald, SmartX, 3.080
1622109747.681, lauv-roald, SmartX, 3.080
1622109748.181, lauv-roald, SmartX, 3.080
1622109748.681, lauv-roald, SmartX, 3.080
1622109749.181, lauv-roald, SmartX, 3.080
1622109749.681, lauv-roald, SmartX, 3.081
1622109750.181, lauv-roald, SmartX, 3.081
1622109750.681, lauv-roald, SmartX, 3.080
1622109751.181, lauv-roald, SmartX, 3.080
1622109751.681, lauv-roald, SmartX, 3.080
1622109752.181, lauv-roald, SmartX, 3.079
1622109752.681, lauv-roald, SmartX, 3.078
1622109753.181, lauv-roald, SmartX, 3.076
1622109753.681, lauv-roald, SmartX, 3.076
1622109754.180, lauv-roald, SmartX, 3.075
1622109754.681, lauv-roald, SmartX, 3.075
1622109755.181, lauv-roald, SmartX, 3.075
1622109755.680, lauv-roald, SmartX, 3.075
1622109756.180, lauv-roald, SmartX, 3.074
1622109756.680, lauv-roald, SmartX, 3.074
1622109757.180, lauv-roald, SmartX, 3.074
1622109757.680, lauv-roald, SmartX, 3.074
1622109758.180, lauv-roald, SmartX, 3.074
1622109758.680, lauv-roald, SmartX, 3.074
1622109759.180, lauv-roald, SmartX, 3.074
1622109759.680, lauv-roald, SmartX, 3.074
1622109760.180, lauv-roald, SmartX, 3.074
1622109760.680, lauv-roald, SmartX, 3.074
1622109761.180, lauv-roald, SmartX, 3.074
1622109761.680, lauv-roald, SmartX, 3.073
1622109762.180, lauv-roald, SmartX, 3.074
1622109762.680, lauv-roald, SmartX, 3.073
1622109763.180, lauv-roald, SmartX, 3.074
1622109763.680, lauv-roald, SmartX, 3.073
1622109764.180, lauv-roald, SmartX, 3.073
1622109764.680, lauv-roald, SmartX, 3.073
1622109765.180, lauv-roald, SmartX, 3.073
1622109765.680, lauv-roald, SmartX, 3.073
1622109766.180, lauv-roald, SmartX, 3.073
1622109766.680, lauv-roald, SmartX, 3.073
1622109767.180, lauv-roald, SmartX, 3.073
1622109767.680, lauv-roald, SmartX, 3.073
1622109768.180, lauv-roald, SmartX, 3.073
1622109768.680, lauv-roald, SmartX, 3.073
1622109769.180, lauv-roald, SmartX, 3.072
1622109769.680, lauv-roald, SmartX, 3.072
1622109770.180, lauv-roald, SmartX, 3.072
1622109770.679, lauv-roald, SmartX, 3.072
1622109771.179, lauv-roald, SmartX, 3.072
1622109771.679, lauv-roald, SmartX, 3.072
1622109772.180, lauv-roald, SmartX, 3.071
1622109772.679, lauv-roald, SmartX, 3.071
1622109773.179, lauv-roald, SmartX, 3.071
1622109773.679, lauv-roald, SmartX, 3.071
1622109774.179, lauv-roald, SmartX, 3.071
1622109774.679, lauv-roald, SmartX, 3.071
1622109775.179, lauv-roald, SmartX, 3.070
1622109775.679, lauv-roald, SmartX, 3.070
1622109776.179, lauv-roald, SmartX, 3.070
1622109776.679, lauv-roald, SmartX, 3.071
1622109777.179, lauv-roald, SmartX, 3.071
1622109777.679, lauv-roald, SmartX, 3.070
1622109778.179, lauv-roald, SmartX, 3.070
1622109778.679, lauv-roald, SmartX, 3.070
1622109779.179, lauv-roald, SmartX, 3.070
1622109779.679, lauv-roald, SmartX, 3.070
1622109780.179, lauv-roald, SmartX, 3.070
1622109780.679, lauv-roald, SmartX, 3.070
1622109781.179, lauv-roald, SmartX, 3.070
1622109781.679, lauv-roald, SmartX, 3.070
1622109782.179, lauv-roald, SmartX, 3.070
1622109782.679, lauv-roald, SmartX, 3.070
1622109783.179, lauv-roald, SmartX, 3.070
1622109783.679, lauv-roald, SmartX, 3.070
1622109784.179, lauv-roald, SmartX, 3.070
1622109784.678, lauv-roald, SmartX, 3.070
1622109785.178, lauv-roald, SmartX, 3.070
1622109785.678, lauv-roald, SmartX, 3.070
1622109786.178, lauv-roald, SmartX, 3.070
1622109786.678, lauv-roald, SmartX, 3.070
1622109787.178, lauv-roald, SmartX, 3.070
1622109787.678, lauv-roald, SmartX, 3.071
1622109788.178, lauv-roald, SmartX, 3.071
1622109788.678, lauv-roald, SmartX, 3.071
1622109789.178, lauv-roald, SmartX, 3.071
1622109789.678, lauv-roald, SmartX, 3.071
1622109790.178, lauv-roald, SmartX, 3.071
1622109790.678, lauv-roald, SmartX, 3.071
1622109791.179, lauv-roald, SmartX, 3.072
1622109791.678, lauv-roald, SmartX, 3.072
1622109792.178, lauv-roald, SmartX, 3.073
1622109792.678, lauv-roald, SmartX, 3.073
1622109793.178, lauv-roald, SmartX, 3.073
1622109793.678, lauv-roald, SmartX, 3.074
1622109794.178, lauv-roald, SmartX, 3.074
1622109794.678, lauv-roald, SmartX, 3.074
1622109795.178, lauv-roald, SmartX, 3.074
1622109795.678, lauv-roald, SmartX, 3.075
1622109796.178, lauv-roald, SmartX, 3.076
1622109796.678, lauv-roald, SmartX, 3.076
1622109797.178, lauv-roald, SmartX, 3.077
1622109797.677, lauv-roald, SmartX, 3.078
1622109798.178, lauv-roald, SmartX, 3.078
1622109798.678, lauv-roald, SmartX, 3.079
1622109799.177, lauv-roald, SmartX, 3.079
1622109799.677, lauv-roald, SmartX, 3.079
1622109800.179, lauv-roald, SmartX, 3.080
1622109800.677, lauv-roald, SmartX, 3.079
1622109801.178, lauv-roald, SmartX, 3.080
1622109801.677, lauv-roald, SmartX, 3.080
1622109802.177, lauv-roald, SmartX, 3.080
1622109802.677, lauv-roald, SmartX, 3.080
1622109803.177, lauv-roald, SmartX, 3.080
1622109803.677, lauv-roald, SmartX, 3.080
1622109804.177, lauv-roald, SmartX, 3.081
1622109804.677, lauv-roald, SmartX, 3.081
1622109805.177, lauv-roald, SmartX, 3.081
1622109805.677, lauv-roald, SmartX, 3.081
1622109806.177, lauv-roald, SmartX, 3.081
1622109806.677, lauv-roald, SmartX, 3.080
1622109807.177, lauv-roald, SmartX, 3.078
1622109807.677, lauv-roald, SmartX, 3.078
1622109808.177, lauv-roald, SmartX, 3.079
1622109808.677, lauv-roald, SmartX, 3.078
1622109809.177, lauv-roald, SmartX, 3.076
1622109809.677, lauv-roald, SmartX, 3.075
1622109810.177, lauv-roald, SmartX, 3.074
1622109810.677, lauv-roald, SmartX, 3.072
1622109811.177, lauv-roald, SmartX, 3.072
1622109811.677, lauv-roald, SmartX, 3.072
1622109812.177, lauv-roald, SmartX, 3.072
1622109812.676, lauv-roald, SmartX, 3.072
1622109813.177, lauv-roald, SmartX, 3.071
1622109813.677, lauv-roald, SmartX, 3.071
1622109814.177, lauv-roald, SmartX, 3.072
1622109814.677, lauv-roald, SmartX, 3.072
1622109815.177, lauv-roald, SmartX, 3.073
1622109815.676, lauv-roald, SmartX, 3.072
1622109816.176, lauv-roald, SmartX, 3.072
1622109816.676, lauv-roald, SmartX, 3.072
1622109817.177, lauv-roald, SmartX, 3.071
1622109817.676, lauv-roald, SmartX, 3.072
1622109818.176, lauv-roald, SmartX, 3.072
1622109818.676, lauv-roald, SmartX, 3.072
1622109819.176, lauv-roald, SmartX, 3.072
1622109819.676, lauv-roald, SmartX, 3.072
1622109820.177, lauv-roald, SmartX, 3.073
1622109820.676, lauv-roald, SmartX, 3.071
1622109821.176, lauv-roald, SmartX, 3.071
1622109821.676, lauv-roald, SmartX, 3.071
1622109822.176, lauv-roald, SmartX, 3.071
1622109822.676, lauv-roald, SmartX, 3.071
1622109823.176, lauv-roald, SmartX, 3.072
1622109823.676, lauv-roald, SmartX, 3.070
1622109824.176, lauv-roald, SmartX, 3.070
1622109824.676, lauv-roald, SmartX, 3.069
1622109825.176, lauv-roald, SmartX, 3.069
1622109825.676, lauv-roald, SmartX, 3.069
1622109826.176, lauv-roald, SmartX, 3.069
1622109826.676, lauv-roald, SmartX, 3.069
1622109827.176, lauv-roald, SmartX, 3.068
1622109827.675, lauv-roald, SmartX, 3.068
1622109828.176, lauv-roald, SmartX, 3.067
1622109828.676, lauv-roald, SmartX, 3.066
1622109829.175, lauv-roald, SmartX, 3.066
1622109829.675, lauv-roald, SmartX, 3.066
1622109830.175, lauv-roald, SmartX, 3.066
1622109830.675, lauv-roald, SmartX, 3.066
1622109831.175, lauv-roald, SmartX, 3.066
1622109831.675, lauv-roald, SmartX, 3.066
1622109832.175, lauv-roald, SmartX, 3.065
1622109832.675, lauv-roald, SmartX, 3.065
1622109833.175, lauv-roald, SmartX, 3.065
1622109833.675, lauv-roald, SmartX, 3.065
1622109834.175, lauv-roald, SmartX, 3.064
1622109834.675, lauv-roald, SmartX, 3.064
1622109835.175, lauv-roald, SmartX, 3.064
1622109835.675, lauv-roald, SmartX, 3.065
1622109836.175, lauv-roald, SmartX, 3.064
1622109836.675, lauv-roald, SmartX, 3.064
1622109837.175, lauv-roald, SmartX, 3.064
1622109837.675, lauv-roald, SmartX, 3.063
1622109838.175, lauv-roald, SmartX, 3.064
1622109838.675, lauv-roald, SmartX, 3.064
1622109839.175, lauv-roald, SmartX, 3.063
1622109839.675, lauv-roald, SmartX, 3.063
1622109840.175, lauv-roald, SmartX, 3.063
1622109840.675, lauv-roald, SmartX, 3.063
1622109841.175, lauv-roald, SmartX, 3.063
1622109841.675, lauv-roald, SmartX, 3.064
1622109842.175, lauv-roald, SmartX, 3.063
1622109842.674, lauv-roald, SmartX, 3.063
1622109843.174, lauv-roald, SmartX, 3.063
1622109843.675, lauv-roald, SmartX, 3.063
1622109844.175, lauv-roald, SmartX, 3.063
1622109844.675, lauv-roald, SmartX, 3.063
1622109845.174, lauv-roald, SmartX, 3.063
1622109845.674, lauv-roald, SmartX, 3.063
1622109846.174, lauv-roald, SmartX, 3.063
1622109846.674, lauv-roald, SmartX, 3.063
1622109847.174, lauv-roald, SmartX, 3.063
1622109847.674, lauv-roald, SmartX, 3.063
1622109848.174, lauv-roald, SmartX, 3.063
1622109848.674, lauv-roald, SmartX, 3.063
1622109849.174, lauv-roald, SmartX, 3.063
1622109849.674, lauv-roald, SmartX, 3.063
1622109850.174, lauv-roald, SmartX, 3.063
1622109850.674, lauv-roald, SmartX, 3.063
1622109851.174, lauv-roald, SmartX, 3.063
1622109851.674, lauv-roald, SmartX, 3.063
1622109852.174, lauv-roald, SmartX, 3.063
1622109852.674, lauv-roald, SmartX, 3.063
1622109853.174, lauv-roald, SmartX, 3.063
1622109853.674, lauv-roald, SmartX, 3.063
1622109854.174, lauv-roald, SmartX, 3.063
1622109854.674, lauv-roald, SmartX, 3.063
1622109855.174, lauv-roald, SmartX, 3.063
1622109855.674, lauv-roald, SmartX, 3.064
1622109856.174, lauv-roald, SmartX, 3.064
1622109856.674, lauv-roald, SmartX, 3.063
1622109857.174, lauv-roald, SmartX, 3.064
1622109857.674, lauv-roald, SmartX, 3.063
1622109858.173, lauv-roald, SmartX, 3.063
1622109858.673, lauv-roald, SmartX, 3.063
1622109859.174, lauv-roald, SmartX, 3.064
1622109859.673, lauv-roald, SmartX, 3.063
1622109860.173, lauv-roald, SmartX, 3.064
1622109860.673, lauv-roald, SmartX, 3.064
1622109861.173, lauv-roald, SmartX, 3.064
1622109861.673, lauv-roald, SmartX, 3.063
1622109862.173, lauv-roald, SmartX, 3.063
1622109862.673, lauv-roald, SmartX, 3.063
1622109863.173, lauv-roald, SmartX, 3.064
1622109863.673, lauv-roald, SmartX, 3.064
1622109864.173, lauv-roald, SmartX, 3.063
1622109864.673, lauv-roald, SmartX, 3.064
1622109865.174, lauv-roald, SmartX, 3.063
1622109865.673, lauv-roald, SmartX, 3.063
1622109866.173, lauv-roald, SmartX, 3.064
1622109866.673, lauv-roald, SmartX, 3.064
1622109867.173, lauv-roald, SmartX, 3.064
1622109867.673, lauv-roald, SmartX, 3.064
1622109868.173, lauv-roald, SmartX, 3.063
1622109868.673, lauv-roald, SmartX, 3.063
1622109869.173, lauv-roald, SmartX, 3.063
1622109869.673, lauv-roald, SmartX, 3.063
1622109870.173, lauv-roald, SmartX, 3.063
1622109870.673, lauv-roald, SmartX, 3.063
1622109871.173, lauv-roald, SmartX, 3.063
1622109871.673, lauv-roald, SmartX, 3.064
1622109872.173, lauv-roald, SmartX, 3.063
1622109872.672, lauv-roald, SmartX, 3.063
1622109873.172, lauv-roald, SmartX, 3.063
1622109873.673, lauv-roald, SmartX, 3.063
1622109874.172, lauv-roald, SmartX, 3.063
1622109874.672, lauv-roald, SmartX, 3.063
1622109875.172, lauv-roald, SmartX, 3.063
1622109875.672, lauv-roald, SmartX, 3.064
1622109876.172, lauv-roald, SmartX, 3.063
1622109876.672, lauv-roald, SmartX, 3.063
1622109877.172, lauv-roald, SmartX, 3.064
1622109877.672, lauv-roald, SmartX, 3.063
1622109878.172, lauv-roald, SmartX, 3.063
1622109878.672, lauv-roald, SmartX, 3.064
1622109879.172, lauv-roald, SmartX, 3.063
1622109879.672, lauv-roald, SmartX, 3.063
1622109880.172, lauv-roald, SmartX, 3.064
1622109880.672, lauv-roald, SmartX, 3.063
1622109881.172, lauv-roald, SmartX, 3.063
1622109881.672, lauv-roald, SmartX, 3.063
1622109882.172, lauv-roald, SmartX, 3.063
1622109882.672, lauv-roald, SmartX, 3.063
1622109883.172, lauv-roald, SmartX, 3.063
1622109883.672, lauv-roald, SmartX, 3.063
1622109884.172, lauv-roald, SmartX, 3.063
1622109884.672, lauv-roald, SmartX, 3.063
1622109885.172, lauv-roald, SmartX, 3.063
1622109885.672, lauv-roald, SmartX, 3.063
1622109886.172, lauv-roald, SmartX, 3.063
1622109886.672, lauv-roald, SmartX, 3.063
1622109887.172, lauv-roald, SmartX, 3.063
1622109887.672, lauv-roald, SmartX, 3.063
1622109888.172, lauv-roald, SmartX, 3.063
1622109888.671, lauv-roald, SmartX, 3.063
1622109889.171, lauv-roald, SmartX, 3.063
1622109889.671, lauv-roald, SmartX, 3.063
1622109890.171, lauv-roald, SmartX, 3.063
1622109890.671, lauv-roald, SmartX, 3.063
1622109891.171, lauv-roald, SmartX, 3.064
1622109891.671, lauv-roald, SmartX, 3.063
1622109892.171, lauv-roald, SmartX, 3.063
1622109892.671, lauv-roald, SmartX, 3.063
1622109893.171, lauv-roald, SmartX, 3.063
1622109893.671, lauv-roald, SmartX, 3.063
1622109894.171, lauv-roald, SmartX, 3.063
1622109894.671, lauv-roald, SmartX, 3.063
1622109895.171, lauv-roald, SmartX, 3.064
1622109895.671, lauv-roald, SmartX, 3.063
1622109896.171, lauv-roald, SmartX, 3.063
1622109896.671, lauv-roald, SmartX, 3.063
1622109897.171, lauv-roald, SmartX, 3.063
1622109897.671, lauv-roald, SmartX, 3.063
1622109898.171, lauv-roald, SmartX, 3.063
1622109898.671, lauv-roald, SmartX, 3.063
1622109899.171, lauv-roald, SmartX, 3.063
1622109899.671, lauv-roald, SmartX, 3.063
1622109900.171, lauv-roald, SmartX, 3.063
1622109900.671, lauv-roald, SmartX, 3.064
1622109901.171, lauv-roald, SmartX, 3.063
1622109901.671, lauv-roald, SmartX, 3.063
1622109902.170, lauv-roald, SmartX, 3.063
1622109902.671, lauv-roald, SmartX, 3.063
1622109903.171, lauv-roald, SmartX, 3.063
1622109903.671, lauv-roald, SmartX, 3.063
1622109904.171, lauv-roald, SmartX, 3.063
1622109904.670, lauv-roald, SmartX, 3.063
1622109905.170, lauv-roald, SmartX, 3.064
1622109905.670, lauv-roald, SmartX, 3.064
1622109906.170, lauv-roald, SmartX, 3.064
1622109906.670, lauv-roald, SmartX, 3.064
1622109907.170, lauv-roald, SmartX, 3.064
1622109907.670, lauv-roald, SmartX, 3.064
1622109908.170, lauv-roald, SmartX, 3.064
1622109908.670, lauv-roald, SmartX, 3.064
1622109909.170, lauv-roald, SmartX, 3.064
1622109909.670, lauv-roald, SmartX, 3.064
1622109910.170, lauv-roald, SmartX, 3.064
1622109910.670, lauv-roald, SmartX, 3.064
1622109911.170, lauv-roald, SmartX, 3.064
1622109911.670, lauv-roald, SmartX, 3.064
1622109912.170, lauv-roald, SmartX, 3.064
1622109912.670, lauv-roald, SmartX, 3.064
1622109913.170, lauv-roald, SmartX, 3.064
1622109913.670, lauv-roald, SmartX, 3.064
1622109914.170, lauv-roald, SmartX, 3.064
1622109914.670, lauv-roald, SmartX, 3.064
1622109915.170, lauv-roald, SmartX, 3.064
1622109915.673, lauv-roald, SmartX, 3.064
1622109916.170, lauv-roald, SmartX, 3.064
1622109916.669, lauv-roald, SmartX, 3.064
1622109917.170, lauv-roald, SmartX, 3.064
1622109917.669, lauv-roald, SmartX, 3.064
1622109918.169, lauv-roald, SmartX, 3.064
1622109918.669, lauv-roald, SmartX, 3.064
1622109919.169, lauv-roald, SmartX, 3.064
1622109919.669, lauv-roald, SmartX, 3.064
1622109920.169, lauv-roald, SmartX, 3.064
1622109920.669, lauv-roald, SmartX, 3.064
1622109921.169, lauv-roald, SmartX, 3.064
1622109921.669, lauv-roald, SmartX, 3.064
1622109922.169, lauv-roald, SmartX, 3.064
1622109922.669, lauv-roald, SmartX, 3.064
1622109923.169, lauv-roald, SmartX, 3.064
1622109923.669, lauv-roald, SmartX, 3.064
1622109924.169, lauv-roald, SmartX, 3.064
1622109924.669, lauv-roald, SmartX, 3.064
1622109925.169, lauv-roald, SmartX, 3.064
1622109925.669, lauv-roald, SmartX, 3.065
1622109926.169, lauv-roald, SmartX, 3.065
1622109926.669, lauv-roald, SmartX, 3.064
1622109927.169, lauv-roald, SmartX, 3.064
1622109927.669, lauv-roald, SmartX, 3.064
1622109928.169, lauv-roald, SmartX, 3.064
1622109928.669, lauv-roald, SmartX, 3.065
1622109929.169, lauv-roald, SmartX, 3.065
1622109929.669, lauv-roald, SmartX, 3.065
1622109930.169, lauv-roald, SmartX, 3.065
1622109930.669, lauv-roald, SmartX, 3.065
1622109931.169, lauv-roald, SmartX, 3.065
1622109931.668, lauv-roald, SmartX, 3.065
1622109932.168, lauv-roald, SmartX, 3.065
1622109932.668, lauv-roald, SmartX, 3.065
1622109933.168, lauv-roald, SmartX, 3.065
1622109933.668, lauv-roald, SmartX, 3.065
1622109934.168, lauv-roald, SmartX, 3.065
1622109934.668, lauv-roald, SmartX, 3.065
1622109935.168, lauv-roald, SmartX, 3.065
1622109935.668, lauv-roald, SmartX, 3.065
1622109936.168, lauv-roald, SmartX, 3.065
1622109936.668, lauv-roald, SmartX, 3.065
1622109937.168, lauv-roald, SmartX, 3.065
1622109937.668, lauv-roald, SmartX, 3.066
1622109938.168, lauv-roald, SmartX, 3.065
1622109938.668, lauv-roald, SmartX, 3.066
1622109939.168, lauv-roald, SmartX, 3.065
1622109939.668, lauv-roald, SmartX, 3.066
1622109940.168, lauv-roald, SmartX, 3.066
1622109940.668, lauv-roald, SmartX, 3.066
1622109941.168, lauv-roald, SmartX, 3.066
1622109941.668, lauv-roald, SmartX, 3.066
1622109942.168, lauv-roald, SmartX, 3.066
1622109942.668, lauv-roald, SmartX, 3.066
1622109943.168, lauv-roald, SmartX, 3.066
1622109943.668, lauv-roald, SmartX, 3.066
1622109944.168, lauv-roald, SmartX, 3.066
1622109944.668, lauv-roald, SmartX, 3.066
1622109945.168, lauv-roald, SmartX, 3.066
1622109945.668, lauv-roald, SmartX, 3.066
1622109946.168, lauv-roald, SmartX, 3.066
1622109946.667, lauv-roald, SmartX, 3.066
1622109947.168, lauv-roald, SmartX, 3.066
1622109947.668, lauv-roald, SmartX, 3.066
1622109948.167, lauv-roald, SmartX, 3.066
1622109948.667, lauv-roald, SmartX, 3.066
1622109949.167, lauv-roald, SmartX, 3.066
1622109949.667, lauv-roald, SmartX, 3.066
1622109950.167, lauv-roald, SmartX, 3.066
1622109950.667, lauv-roald, SmartX, 3.066
1622109951.167, lauv-roald, SmartX, 3.066
1622109951.667, lauv-roald, SmartX, 3.066
1622109952.167, lauv-roald, SmartX, 3.066
1622109952.667, lauv-roald, SmartX, 3.066
1622109953.167, lauv-roald, SmartX, 3.066
1622109953.667, lauv-roald, SmartX, 3.066
1622109954.167, lauv-roald, SmartX, 3.066
1622109954.667, lauv-roald, SmartX, 3.066
1622109955.167, lauv-roald, SmartX, 3.066
1622109955.667, lauv-roald, SmartX, 3.066
1622109956.167, lauv-roald, SmartX, 3.066
1622109956.667, lauv-roald, SmartX, 3.066
1622109957.167, lauv-roald, SmartX, 3.066
1622109957.667, lauv-roald, SmartX, 3.066
1622109958.167, lauv-roald, SmartX, 3.066
1622109958.667, lauv-roald, SmartX, 3.066
1622109959.167, lauv-roald, SmartX, 3.066
1622109959.667, lauv-roald, SmartX, 3.066
1622109960.167, lauv-roald, SmartX, 3.066
1622109960.667, lauv-roald, SmartX, 3.066
1622109961.167, lauv-roald, SmartX, 3.066
1622109961.667, lauv-roald, SmartX, 3.066
1622109962.167, lauv-roald, SmartX, 3.066
1622109962.666, lauv-roald, SmartX, 3.066
1622109963.167, lauv-roald, SmartX, 3.066
1622109963.666, lauv-roald, SmartX, 3.066
1622109964.166, lauv-roald, SmartX, 3.066
1622109964.666, lauv-roald, SmartX, 3.066
1622109965.166, lauv-roald, SmartX, 3.066
1622109965.666, lauv-roald, SmartX, 3.066
1622109966.166, lauv-roald, SmartX, 3.066
1622109966.666, lauv-roald, SmartX, 3.067
1622109967.166, lauv-roald, SmartX, 3.066
1622109967.666, lauv-roald, SmartX, 3.067
1622109968.166, lauv-roald, SmartX, 3.066
1622109968.666, lauv-roald, SmartX, 3.067
1622109969.166, lauv-roald, SmartX, 3.066
1622109969.666, lauv-roald, SmartX, 3.066
1622109970.166, lauv-roald, SmartX, 3.066
1622109970.666, lauv-roald, SmartX, 3.066
1622109971.166, lauv-roald, SmartX, 3.066
1622109971.666, lauv-roald, SmartX, 3.066
1622109972.166, lauv-roald, SmartX, 3.066
1622109972.666, lauv-roald, SmartX, 3.066
1622109973.166, lauv-roald, SmartX, 3.065
1622109973.666, lauv-roald, SmartX, 3.065
1622109974.166, lauv-roald, SmartX, 3.065
1622109974.666, lauv-roald, SmartX, 3.064
1622109975.166, lauv-roald, SmartX, 3.064
1622109975.666, lauv-roald, SmartX, 3.065
1622109976.165, lauv-roald, SmartX, 3.065
1622109976.666, lauv-roald, SmartX, 3.065
1622109977.166, lauv-roald, SmartX, 3.065
1622109977.665, lauv-roald, SmartX, 3.064
1622109978.165, lauv-roald, SmartX, 3.064
1622109978.665, lauv-roald, SmartX, 3.063
1622109979.166, lauv-roald, SmartX, 3.062
1622109979.666, lauv-roald, SmartX, 3.062
1622109980.165, lauv-roald, SmartX, 3.063
1622109980.665, lauv-roald, SmartX, 3.062
1622109981.165, lauv-roald, SmartX, 3.061
1622109981.665, lauv-roald, SmartX, 3.061
1622109982.165, lauv-roald, SmartX, 3.061
1622109982.665, lauv-roald, SmartX, 3.060
1622109983.165, lauv-roald, SmartX, 3.061
1622109983.665, lauv-roald, SmartX, 3.060
1622109984.165, lauv-roald, SmartX, 3.060
1622109984.665, lauv-roald, SmartX, 3.060
1622109985.165, lauv-roald, SmartX, 3.060
1622109985.665, lauv-roald, SmartX, 3.060
1622109986.165, lauv-roald, SmartX, 3.060
1622109986.665, lauv-roald, SmartX, 3.060
1622109987.165, lauv-roald, SmartX, 3.061
1622109987.665, lauv-roald, SmartX, 3.061
1622109988.165, lauv-roald, SmartX, 3.061
1622109988.665, lauv-roald, SmartX, 3.061
1622109989.165, lauv-roald, SmartX, 3.061
1622109989.665, lauv-roald, SmartX, 3.062
1622109990.165, lauv-roald, SmartX, 3.062
1622109990.665, lauv-roald, SmartX, 3.063
1622109991.165, lauv-roald, SmartX, 3.063
1622109991.664, lauv-roald, SmartX, 3.063
1622109992.165, lauv-roald, SmartX, 3.064
1622109992.665, lauv-roald, SmartX, 3.064
1622109993.164, lauv-roald, SmartX, 3.064
1622109993.664, lauv-roald, SmartX, 3.064
1622109994.164, lauv-roald, SmartX, 3.065
1622109994.664, lauv-roald, SmartX, 3.065
1622109995.164, lauv-roald, SmartX, 3.066
1622109995.664, lauv-roald, SmartX, 3.066
1622109996.164, lauv-roald, SmartX, 3.066
1622109996.664, lauv-roald, SmartX, 3.068
1622109997.164, lauv-roald, SmartX, 3.068
1622109997.664, lauv-roald, SmartX, 3.068
1622109998.164, lauv-roald, SmartX, 3.069
1622109998.664, lauv-roald, SmartX, 3.069
1622109999.164, lauv-roald, SmartX, 3.069
1622109999.664, lauv-roald, SmartX, 3.069
1622110000.164, lauv-roald, SmartX, 3.070
1622110000.664, lauv-roald, SmartX, 3.071
1622110001.164, lauv-roald, SmartX, 3.070
1622110001.664, lauv-roald, SmartX, 3.070
1622110002.164, lauv-roald, SmartX, 3.071
1622110002.664, lauv-roald, SmartX, 3.071
1622110003.164, lauv-roald, SmartX, 3.071
1622110003.664, lauv-roald, SmartX, 3.071
1622110004.164, lauv-roald, SmartX, 3.071
1622110004.664, lauv-roald, SmartX, 3.071
1622110005.164, lauv-roald, SmartX, 3.071
1622110005.664, lauv-roald, SmartX, 3.072
1622110006.163, lauv-roald, SmartX, 3.072
1622110006.664, lauv-roald, SmartX, 3.072
1622110007.163, lauv-roald, SmartX, 3.072
1622110007.663, lauv-roald, SmartX, 3.072
1622110008.163, lauv-roald, SmartX, 3.072
1622110008.663, lauv-roald, SmartX, 3.072
1622110009.163, lauv-roald, SmartX, 3.072
1622110009.663, lauv-roald, SmartX, 3.072
1622110010.163, lauv-roald, SmartX, 3.072
1622110010.663, lauv-roald, SmartX, 3.072
1622110011.163, lauv-roald, SmartX, 3.072
1622110011.663, lauv-roald, SmartX, 3.073
1622110012.163, lauv-roald, SmartX, 3.072
1622110012.663, lauv-roald, SmartX, 3.072
1622110013.163, lauv-roald, SmartX, 3.072
1622110013.663, lauv-roald, SmartX, 3.072
1622110014.163, lauv-roald, SmartX, 3.072
1622110014.663, lauv-roald, SmartX, 3.072
1622110015.163, lauv-roald, SmartX, 3.072
1622110015.663, lauv-roald, SmartX, 3.072
1622110016.163, lauv-roald, SmartX, 3.072
1622110016.663, lauv-roald, SmartX, 3.072
1622110017.163, lauv-roald, SmartX, 3.072
1622110017.663, lauv-roald, SmartX, 3.072
1622110018.163, lauv-roald, SmartX, 3.073
1622110018.663, lauv-roald, SmartX, 3.073
1622110019.163, lauv-roald, SmartX, 3.072
1622110019.663, lauv-roald, SmartX, 3.073
1622110020.163, lauv-roald, SmartX, 3.073
1622110020.663, lauv-roald, SmartX, 3.073
1622110021.163, lauv-roald, SmartX, 3.073
1622110021.663, lauv-roald, SmartX, 3.073
1622110022.162, lauv-roald, SmartX, 3.073
1622110022.662, lauv-roald, SmartX, 3.073
1622110023.162, lauv-roald, SmartX, 3.073
1622110023.662, lauv-roald, SmartX, 3.073
1622110024.162, lauv-roald, SmartX, 3.073
1622110024.662, lauv-roald, SmartX, 3.073
1622110025.162, lauv-roald, SmartX, 3.073
1622110025.662, lauv-roald, SmartX, 3.073
1622110026.162, lauv-roald, SmartX, 3.073
1622110026.662, lauv-roald, SmartX, 3.073
1622110027.162, lauv-roald, SmartX, 3.073
1622110027.662, lauv-roald, SmartX, 3.073
1622110028.162, lauv-roald, SmartX, 3.073
1622110028.662, lauv-roald, SmartX, 3.073
1622110029.162, lauv-roald, SmartX, 3.073
1622110029.662, lauv-roald, SmartX, 3.073
1622110030.162, lauv-roald, SmartX, 3.073
1622110030.662, lauv-roald, SmartX, 3.073
1622110031.162, lauv-roald, SmartX, 3.073
1622110031.662, lauv-roald, SmartX, 3.073
1622110032.162, lauv-roald, SmartX, 3.073
1622110032.662, lauv-roald, SmartX, 3.073
1622110033.162, lauv-roald, SmartX, 3.073
1622110033.662, lauv-roald, SmartX, 3.073
1622110034.162, lauv-roald, SmartX, 3.073
1622110034.662, lauv-roald, SmartX, 3.074
1622110035.162, lauv-roald, SmartX, 3.073
1622110035.662, lauv-roald, SmartX, 3.074
1622110036.162, lauv-roald, SmartX, 3.073
1622110036.662, lauv-roald, SmartX, 3.074
1622110037.161, lauv-roald, SmartX, 3.074
1622110037.661, lauv-roald, SmartX, 3.074
1622110038.161, lauv-roald, SmartX, 3.074
1622110339.143, lauv-roald, SmartX, 3.088
1622110339.641, lauv-roald, SmartX, 3.088
1622110340.143, lauv-roald, SmartX, 3.088
1622110340.641, lauv-roald, SmartX, 3.088
1622110341.141, lauv-roald, SmartX, 3.087
1622110341.641, lauv-roald, SmartX, 3.088
1622110342.141, lauv-roald, SmartX, 3.088
1622110342.641, lauv-roald, SmartX, 3.088
1622110343.141, lauv-roald, SmartX, 3.087
1622110343.641, lauv-roald, SmartX, 3.088
1622110344.141, lauv-roald, SmartX, 3.087
1622110344.641, lauv-roald, SmartX, 3.088
1622110345.141, lauv-roald, SmartX, 3.088
1622110345.641, lauv-roald, SmartX, 3.087
1622110346.141, lauv-roald, SmartX, 3.087
1622110346.640, lauv-roald, SmartX, 3.087
1622110347.141, lauv-roald, SmartX, 3.087
1622110347.640, lauv-roald, SmartX, 3.087
1622110348.140, lauv-roald, SmartX, 3.087
1622110348.640, lauv-roald, SmartX, 3.087
1622110349.140, lauv-roald, SmartX, 3.087
1622110349.640, lauv-roald, SmartX, 3.088
1622110350.140, lauv-roald, SmartX, 3.089
1622110350.640, lauv-roald, SmartX, 3.090
1622110351.140, lauv-roald, SmartX, 3.091
1622110351.640, lauv-roald, SmartX, 3.092
1622110352.140, lauv-roald, SmartX, 3.092
1622110352.641, lauv-roald, SmartX, 3.092
1622110353.140, lauv-roald, SmartX, 3.093
1622110353.640, lauv-roald, SmartX, 3.092
1622110354.140, lauv-roald, SmartX, 3.092
1622110354.641, lauv-roald, SmartX, 3.092
1622110355.140, lauv-roald, SmartX, 3.092
1622110355.641, lauv-roald, SmartX, 3.092
1622110356.140, lauv-roald, SmartX, 3.093
1622110356.641, lauv-roald, SmartX, 3.093
1622110357.140, lauv-roald, SmartX, 3.094
1622110357.640, lauv-roald, SmartX, 3.094
1622110358.140, lauv-roald, SmartX, 3.094
1622110358.640, lauv-roald, SmartX, 3.094
1622110359.140, lauv-roald, SmartX, 3.094
1622110359.640, lauv-roald, SmartX, 3.093
1622110360.140, lauv-roald, SmartX, 3.094
1622110360.640, lauv-roald, SmartX, 3.094
1622110361.140, lauv-roald, SmartX, 3.094
1622110361.640, lauv-roald, SmartX, 3.095
1622110362.140, lauv-roald, SmartX, 3.094
1622110362.640, lauv-roald, SmartX, 3.094
1622110363.140, lauv-roald, SmartX, 3.094
1622110363.640, lauv-roald, SmartX, 3.095
1622110364.140, lauv-roald, SmartX, 3.094
1622110364.640, lauv-roald, SmartX, 3.094
1622110365.140, lauv-roald, SmartX, 3.094
1622110365.640, lauv-roald, SmartX, 3.094
1622110366.139, lauv-roald, SmartX, 3.095
1622110366.639, lauv-roald, SmartX, 3.094
1622110367.139, lauv-roald, SmartX, 3.094
1622110367.640, lauv-roald, SmartX, 3.094
1622110368.139, lauv-roald, SmartX, 3.093
1622110368.639, lauv-roald, SmartX, 3.093
1622110369.139, lauv-roald, SmartX, 3.093
1622110369.639, lauv-roald, SmartX, 3.094
1622110370.139, lauv-roald, SmartX, 3.094
1622110370.639, lauv-roald, SmartX, 3.094
1622110371.139, lauv-roald, SmartX, 3.095
1622110371.639, lauv-roald, SmartX, 3.095
1622110372.139, lauv-roald, SmartX, 3.095
1622110372.639, lauv-roald, SmartX, 3.095
1622110373.139, lauv-roald, SmartX, 3.095
1622110373.639, lauv-roald, SmartX, 3.094
1622110374.138, lauv-roald, SmartX, 3.095
1622110374.639, lauv-roald, SmartX, 3.095
1622110375.139, lauv-roald, SmartX, 3.095
1622110375.639, lauv-roald, SmartX, 3.095
1622110376.138, lauv-roald, SmartX, 3.096
1622110376.638, lauv-roald, SmartX, 3.097
1622110377.138, lauv-roald, SmartX, 3.097
1622110377.638, lauv-roald, SmartX, 3.098
1622110378.138, lauv-roald, SmartX, 3.098
1622110378.638, lauv-roald, SmartX, 3.097
1622110379.138, lauv-roald, SmartX, 3.097
1622110379.638, lauv-roald, SmartX, 3.097
1622110380.138, lauv-roald, SmartX, 3.097
1622110380.638, lauv-roald, SmartX, 3.098
1622110381.138, lauv-roald, SmartX, 3.098
1622110381.638, lauv-roald, SmartX, 3.098
1622110382.138, lauv-roald, SmartX, 3.098
1622110382.638, lauv-roald, SmartX, 3.098
1622110383.138, lauv-roald, SmartX, 3.098
1622110383.638, lauv-roald, SmartX, 3.098
1622110384.138, lauv-roald, SmartX, 3.097
1622110384.638, lauv-roald, SmartX, 3.097
1622110385.138, lauv-roald, SmartX, 3.098
1622110385.638, lauv-roald, SmartX, 3.097
1622110386.138, lauv-roald, SmartX, 3.098
1622110386.638, lauv-roald, SmartX, 3.097
1622110387.138, lauv-roald, SmartX, 3.097
1622110387.638, lauv-roald, SmartX, 3.097
1622110388.138, lauv-roald, SmartX, 3.097
1622110388.638, lauv-roald, SmartX, 3.097
1622110389.137, lauv-roald, SmartX, 3.097
1622110389.638, lauv-roald, SmartX, 3.098
1622110390.137, lauv-roald, SmartX, 3.098
1622110390.638, lauv-roald, SmartX, 3.099
1622110391.137, lauv-roald, SmartX, 3.099
1622110391.638, lauv-roald, SmartX, 3.099
1622110392.137, lauv-roald, SmartX, 3.099
1622110392.637, lauv-roald, SmartX, 3.099
1622110393.137, lauv-roald, SmartX, 3.099
1622110393.637, lauv-roald, SmartX, 3.100
1622110394.137, lauv-roald, SmartX, 3.102
1622110394.637, lauv-roald, SmartX, 3.102
1622110395.137, lauv-roald, SmartX, 3.103
1622110395.637, lauv-roald, SmartX, 3.102
1622110396.137, lauv-roald, SmartX, 3.102
1622110396.637, lauv-roald, SmartX, 3.102
1622110397.137, lauv-roald, SmartX, 3.103
1622110397.637, lauv-roald, SmartX, 3.103
1622110398.137, lauv-roald, SmartX, 3.103
1622110398.637, lauv-roald, SmartX, 3.103
1622110399.137, lauv-roald, SmartX, 3.103
1622110399.637, lauv-roald, SmartX, 3.103
1622110400.137, lauv-roald, SmartX, 3.103
1622110400.637, lauv-roald, SmartX, 3.104
1622110401.137, lauv-roald, SmartX, 3.104
1622110401.637, lauv-roald, SmartX, 3.104
1622110402.137, lauv-roald, SmartX, 3.104
1622110402.637, lauv-roald, SmartX, 3.104
1622110403.137, lauv-roald, SmartX, 3.104
1622110403.637, lauv-roald, SmartX, 3.104
1622110404.136, lauv-roald, SmartX, 3.105
1622110404.637, lauv-roald, SmartX, 3.104
1622110405.137, lauv-roald, SmartX, 3.105
1622110405.636, lauv-roald, SmartX, 3.105
1622110406.136, lauv-roald, SmartX, 3.106
1622110406.636, lauv-roald, SmartX, 3.105
1622110407.136, lauv-roald, SmartX, 3.105
1622110407.636, lauv-roald, SmartX, 3.105
1622110408.136, lauv-roald, SmartX, 3.106
1622110408.636, lauv-roald, SmartX, 3.106
1622110409.136, lauv-roald, SmartX, 3.106
1622110409.636, lauv-roald, SmartX, 3.106
1622110410.136, lauv-roald, SmartX, 3.106
1622110410.636, lauv-roald, SmartX, 3.106
1622110411.136, lauv-roald, SmartX, 3.107
1622110411.636, lauv-roald, SmartX, 3.107
1622110412.136, lauv-roald, SmartX, 3.107
1622110412.636, lauv-roald, SmartX, 3.107
1622110413.136, lauv-roald, SmartX, 3.107
1622110413.636, lauv-roald, SmartX, 3.107
1622110414.136, lauv-roald, SmartX, 3.107
1622110414.636, lauv-roald, SmartX, 3.107
1622110415.136, lauv-roald, SmartX, 3.107
1622110415.636, lauv-roald, SmartX, 3.107
1622110416.136, lauv-roald, SmartX, 3.107
1622110416.636, lauv-roald, SmartX, 3.107
1622110417.136, lauv-roald, SmartX, 3.108
1622110417.636, lauv-roald, SmartX, 3.108
1622110418.135, lauv-roald, SmartX, 3.109
1622110418.635, lauv-roald, SmartX, 3.109
1622110419.135, lauv-roald, SmartX, 3.109
1622110419.635, lauv-roald, SmartX, 3.110
1622110420.135, lauv-roald, SmartX, 3.110
1622110420.635, lauv-roald, SmartX, 3.110
1622110421.135, lauv-roald, SmartX, 3.110
1622110421.635, lauv-roald, SmartX, 3.111
1622110422.135, lauv-roald, SmartX, 3.110
1622110422.635, lauv-roald, SmartX, 3.110
1622110423.135, lauv-roald, SmartX, 3.111
1622110423.635, lauv-roald, SmartX, 3.111
1622110424.135, lauv-roald, SmartX, 3.111
1622110424.635, lauv-roald, SmartX, 3.112
1622110425.135, lauv-roald, SmartX, 3.112
1622110425.635, lauv-roald, SmartX, 3.113
1622110426.135, lauv-roald, SmartX, 3.113
1622110426.635, lauv-roald, SmartX, 3.112
1622110427.135, lauv-roald, SmartX, 3.112
1622110427.635, lauv-roald, SmartX, 3.111
1622110428.135, lauv-roald, SmartX, 3.111
1622110428.635, lauv-roald, SmartX, 3.112
1622110429.135, lauv-roald, SmartX, 3.113
1622110429.635, lauv-roald, SmartX, 3.113
1622110430.135, lauv-roald, SmartX, 3.113
1622110430.635, lauv-roald, SmartX, 3.114
1622110431.135, lauv-roald, SmartX, 3.113
1622110431.635, lauv-roald, SmartX, 3.114
1622110432.135, lauv-roald, SmartX, 3.114
1622110432.635, lauv-roald, SmartX, 3.114
1622110433.135, lauv-roald, SmartX, 3.114
1622110433.635, lauv-roald, SmartX, 3.115
1622110434.136, lauv-roald, SmartX, 3.114
1622110434.635, lauv-roald, SmartX, 3.115
1622110435.135, lauv-roald, SmartX, 3.115
1622110435.634, lauv-roald, SmartX, 3.115
1622110436.134, lauv-roald, SmartX, 3.115
1622110436.634, lauv-roald, SmartX, 3.115
1622110437.134, lauv-roald, SmartX, 3.115
1622110437.634, lauv-roald, SmartX, 3.116
1622110438.134, lauv-roald, SmartX, 3.116
1622110438.634, lauv-roald, SmartX, 3.116
1622110439.134, lauv-roald, SmartX, 3.117
1622110439.634, lauv-roald, SmartX, 3.118
1622110440.135, lauv-roald, SmartX, 3.117
1622110440.634, lauv-roald, SmartX, 3.116
1622110441.134, lauv-roald, SmartX, 3.117
1622110441.634, lauv-roald, SmartX, 3.116
1622110442.134, lauv-roald, SmartX, 3.116
1622110442.634, lauv-roald, SmartX, 3.114
1622110443.134, lauv-roald, SmartX, 3.114
1622110443.634, lauv-roald, SmartX, 3.114
1622110444.134, lauv-roald, SmartX, 3.113
1622110444.634, lauv-roald, SmartX, 3.113
1622110445.134, lauv-roald, SmartX, 3.113
1622110445.634, lauv-roald, SmartX, 3.113
1622110446.134, lauv-roald, SmartX, 3.113
1622110446.634, lauv-roald, SmartX, 3.113
1622110447.134, lauv-roald, SmartX, 3.113
1622110447.634, lauv-roald, SmartX, 3.112
1622110448.134, lauv-roald, SmartX, 3.112
1622110448.634, lauv-roald, SmartX, 3.112
1622110449.134, lauv-roald, SmartX, 3.111
1622110449.633, lauv-roald, SmartX, 3.111
1622110450.133, lauv-roald, SmartX, 3.111
1622110450.633, lauv-roald, SmartX, 3.109
1622110451.133, lauv-roald, SmartX, 3.109
1622110451.633, lauv-roald, SmartX, 3.109
1622110452.133, lauv-roald, SmartX, 3.109
1622110452.633, lauv-roald, SmartX, 3.109
1622110453.133, lauv-roald, SmartX, 3.109
1622110453.633, lauv-roald, SmartX, 3.109
1622110454.133, lauv-roald, SmartX, 3.109
1622110454.633, lauv-roald, SmartX, 3.109
1622110455.133, lauv-roald, SmartX, 3.109
1622110455.633, lauv-roald, SmartX, 3.109
1622110456.133, lauv-roald, SmartX, 3.109
1622110456.633, lauv-roald, SmartX, 3.109
1622110457.133, lauv-roald, SmartX, 3.109
1622110457.633, lauv-roald, SmartX, 3.110
1622110458.133, lauv-roald, SmartX, 3.109
1622110458.633, lauv-roald, SmartX, 3.109
1622110459.133, lauv-roald, SmartX, 3.108
1622110459.633, lauv-roald, SmartX, 3.107
1622110460.133, lauv-roald, SmartX, 3.108
1622110460.633, lauv-roald, SmartX, 3.108
1622110461.133, lauv-roald, SmartX, 3.108
1622110461.633, lauv-roald, SmartX, 3.109
1622110462.132, lauv-roald, SmartX, 3.108
1622110462.632, lauv-roald, SmartX, 3.108
1622110463.134, lauv-roald, SmartX, 3.109
1622110463.634, lauv-roald, SmartX, 3.108
1622110464.132, lauv-roald, SmartX, 3.108
1622110464.632, lauv-roald, SmartX, 3.107
1622110465.132, lauv-roald, SmartX, 3.107
1622110465.632, lauv-roald, SmartX, 3.107
1622110466.132, lauv-roald, SmartX, 3.107
1622110466.632, lauv-roald, SmartX, 3.107
1622110467.132, lauv-roald, SmartX, 3.108
1622110467.632, lauv-roald, SmartX, 3.108
1622110468.132, lauv-roald, SmartX, 3.108
1622110468.632, lauv-roald, SmartX, 3.108
1622110469.132, lauv-roald, SmartX, 3.108
1622110469.632, lauv-roald, SmartX, 3.109
1622110470.132, lauv-roald, SmartX, 3.110
1622110470.632, lauv-roald, SmartX, 3.109
1622110471.132, lauv-roald, SmartX, 3.109
1622110471.632, lauv-roald, SmartX, 3.109
1622110472.132, lauv-roald, SmartX, 3.109
1622110472.632, lauv-roald, SmartX, 3.109
1622110473.132, lauv-roald, SmartX, 3.109
1622110473.632, lauv-roald, SmartX, 3.109
1622110474.132, lauv-roald, SmartX, 3.109
1622110474.633, lauv-roald, SmartX, 3.110
1622110475.132, lauv-roald, SmartX, 3.109
1622110475.632, lauv-roald, SmartX, 3.109
1622110476.132, lauv-roald, SmartX, 3.108
1622110476.632, lauv-roald, SmartX, 3.108
1622110477.132, lauv-roald, SmartX, 3.108
1622110477.632, lauv-roald, SmartX, 3.108
1622110478.132, lauv-roald, SmartX, 3.108
1622110478.632, lauv-roald, SmartX, 3.108
1622110479.131, lauv-roald, SmartX, 3.109
1622110479.631, lauv-roald, SmartX, 3.109
1622110480.131, lauv-roald, SmartX, 3.109
1622110480.631, lauv-roald, SmartX, 3.109
1622110481.131, lauv-roald, SmartX, 3.109
1622110481.631, lauv-roald, SmartX, 3.109
1622110482.131, lauv-roald, SmartX, 3.109
1622110482.631, lauv-roald, SmartX, 3.109
1622110483.131, lauv-roald, SmartX, 3.109
1622110483.631, lauv-roald, SmartX, 3.109
1622110484.131, lauv-roald, SmartX, 3.109
1622110484.631, lauv-roald, SmartX, 3.109
1622110485.131, lauv-roald, SmartX, 3.109
1622110485.631, lauv-roald, SmartX, 3.109
1622110486.131, lauv-roald, SmartX, 3.109
1622110486.631, lauv-roald, SmartX, 3.109
1622110487.132, lauv-roald, SmartX, 3.109
1622110487.631, lauv-roald, SmartX, 3.110
1622110488.131, lauv-roald, SmartX, 3.110
1622110488.631, lauv-roald, SmartX, 3.110
1622110489.131, lauv-roald, SmartX, 3.111
1622110489.631, lauv-roald, SmartX, 3.111
1622110490.131, lauv-roald, SmartX, 3.111
1622110490.631, lauv-roald, SmartX, 3.111
1622110491.131, lauv-roald, SmartX, 3.111
1622110491.631, lauv-roald, SmartX, 3.111
1622110492.131, lauv-roald, SmartX, 3.111
1622110492.631, lauv-roald, SmartX, 3.110
1622110493.130, lauv-roald, SmartX, 3.110
1622110493.630, lauv-roald, SmartX, 3.110
1622110494.130, lauv-roald, SmartX, 3.110
1622110494.630, lauv-roald, SmartX, 3.110
1622110495.130, lauv-roald, SmartX, 3.109
1622110495.630, lauv-roald, SmartX, 3.109
1622110496.130, lauv-roald, SmartX, 3.108
1622110496.630, lauv-roald, SmartX, 3.109
1622110497.130, lauv-roald, SmartX, 3.109
1622110497.630, lauv-roald, SmartX, 3.108
1622110498.130, lauv-roald, SmartX, 3.108
1622110498.630, lauv-roald, SmartX, 3.109
1622110499.130, lauv-roald, SmartX, 3.109
1622110499.630, lauv-roald, SmartX, 3.109
1622110500.130, lauv-roald, SmartX, 3.109
1622110500.630, lauv-roald, SmartX, 3.109
1622110501.130, lauv-roald, SmartX, 3.109
1622110501.630, lauv-roald, SmartX, 3.109
1622110502.130, lauv-roald, SmartX, 3.110
1622110502.630, lauv-roald, SmartX, 3.109
1622110503.130, lauv-roald, SmartX, 3.110
1622110503.630, lauv-roald, SmartX, 3.110
1622110504.130, lauv-roald, SmartX, 3.105
1622110504.630, lauv-roald, SmartX, 3.102
1622110505.129, lauv-roald, SmartX, 3.101
1622110505.630, lauv-roald, SmartX, 3.099
1622110506.130, lauv-roald, SmartX, 3.098
1622110506.630, lauv-roald, SmartX, 3.098
1622110507.130, lauv-roald, SmartX, 3.098
1622110507.629, lauv-roald, SmartX, 3.098
1622110508.130, lauv-roald, SmartX, 3.098
1622110508.630, lauv-roald, SmartX, 3.099
1622110509.130, lauv-roald, SmartX, 3.099
1622110509.630, lauv-roald, SmartX, 3.099
1622110510.129, lauv-roald, SmartX, 3.099
1622110510.629, lauv-roald, SmartX, 3.099
1622110511.129, lauv-roald, SmartX, 3.099
1622110511.629, lauv-roald, SmartX, 3.099
1622110512.129, lauv-roald, SmartX, 3.099
1622110512.629, lauv-roald, SmartX, 3.099
1622110513.129, lauv-roald, SmartX, 3.099
1622110513.629, lauv-roald, SmartX, 3.100
1622110514.129, lauv-roald, SmartX, 3.100
1622110514.629, lauv-roald, SmartX, 3.101
1622110515.129, lauv-roald, SmartX, 3.102
1622110515.629, lauv-roald, SmartX, 3.101
1622110516.129, lauv-roald, SmartX, 3.101
1622110516.629, lauv-roald, SmartX, 3.101
1622110517.129, lauv-roald, SmartX, 3.101
1622110517.629, lauv-roald, SmartX, 3.101
1622110518.129, lauv-roald, SmartX, 3.101
1622110518.629, lauv-roald, SmartX, 3.101
1622110519.129, lauv-roald, SmartX, 3.101
1622110519.629, lauv-roald, SmartX, 3.101
1622110520.129, lauv-roald, SmartX, 3.101
1622110520.629, lauv-roald, SmartX, 3.101
1622110521.129, lauv-roald, SmartX, 3.102
1622110521.628, lauv-roald, SmartX, 3.102
1622110522.129, lauv-roald, SmartX, 3.103
1622110522.629, lauv-roald, SmartX, 3.103
1622110523.129, lauv-roald, SmartX, 3.104
1622110523.628, lauv-roald, SmartX, 3.104
1622110524.128, lauv-roald, SmartX, 3.104
1622110524.628, lauv-roald, SmartX, 3.105
1622110525.128, lauv-roald, SmartX, 3.104
1622110525.628, lauv-roald, SmartX, 3.104
1622110526.128, lauv-roald, SmartX, 3.104
1622110526.628, lauv-roald, SmartX, 3.105
1622110527.128, lauv-roald, SmartX, 3.105
1622110527.628, lauv-roald, SmartX, 3.105
1622110528.128, lauv-roald, SmartX, 3.106
1622110528.628, lauv-roald, SmartX, 3.107
1622110529.128, lauv-roald, SmartX, 3.108
1622110529.628, lauv-roald, SmartX, 3.107
1622110530.128, lauv-roald, SmartX, 3.107
1622110530.628, lauv-roald, SmartX, 3.107
1622110531.128, lauv-roald, SmartX, 3.107
1622110531.628, lauv-roald, SmartX, 3.109
1622110532.128, lauv-roald, SmartX, 3.109
1622110532.628, lauv-roald, SmartX, 3.110
1622110533.128, lauv-roald, SmartX, 3.110
1622110533.628, lauv-roald, SmartX, 3.111
1622110534.128, lauv-roald, SmartX, 3.112
1622110534.628, lauv-roald, SmartX, 3.113
1622110535.128, lauv-roald, SmartX, 3.113
1622110535.628, lauv-roald, SmartX, 3.113
1622110536.128, lauv-roald, SmartX, 3.114
1622110536.628, lauv-roald, SmartX, 3.114
1622110537.128, lauv-roald, SmartX, 3.115
1622110537.628, lauv-roald, SmartX, 3.115
1622110538.128, lauv-roald, SmartX, 3.115
1622110538.628, lauv-roald, SmartX, 3.114
1622110539.128, lauv-roald, SmartX, 3.114
1622110539.627, lauv-roald, SmartX, 3.113
1622110540.128, lauv-roald, SmartX, 3.113
1622110540.627, lauv-roald, SmartX, 3.113
1622110541.127, lauv-roald, SmartX, 3.115
1622110541.627, lauv-roald, SmartX, 3.115
1622110542.127, lauv-roald, SmartX, 3.114
1622110542.627, lauv-roald, SmartX, 3.115
1622110543.127, lauv-roald, SmartX, 3.114
1622110543.627, lauv-roald, SmartX, 3.114
1622110544.127, lauv-roald, SmartX, 3.115
1622110544.627, lauv-roald, SmartX, 3.115
1622110545.127, lauv-roald, SmartX, 3.114
1622110545.627, lauv-roald, SmartX, 3.114
1622110546.127, lauv-roald, SmartX, 3.115
1622110546.627, lauv-roald, SmartX, 3.115
1622110547.127, lauv-roald, SmartX, 3.114
1622110547.627, lauv-roald, SmartX, 3.114
1622110548.127, lauv-roald, SmartX, 3.114
1622110548.627, lauv-roald, SmartX, 3.114
1622110549.127, lauv-roald, SmartX, 3.115
1622110549.627, lauv-roald, SmartX, 3.115
1622110550.127, lauv-roald, SmartX, 3.116
1622110550.627, lauv-roald, SmartX, 3.115
1622110551.127, lauv-roald, SmartX, 3.115
1622110551.627, lauv-roald, SmartX, 3.116
1622110552.127, lauv-roald, SmartX, 3.116
1622110552.627, lauv-roald, SmartX, 3.117
1622110553.126, lauv-roald, SmartX, 3.117
1622110553.627, lauv-roald, SmartX, 3.117
1622110554.126, lauv-roald, SmartX, 3.117
1622110554.626, lauv-roald, SmartX, 3.117
1622110555.126, lauv-roald, SmartX, 3.117
1622110555.626, lauv-roald, SmartX, 3.118
1622110556.126, lauv-roald, SmartX, 3.119
1622110556.626, lauv-roald, SmartX, 3.119
1622110557.126, lauv-roald, SmartX, 3.119
1622110557.626, lauv-roald, SmartX, 3.119
1622110558.126, lauv-roald, SmartX, 3.119
1622110558.626, lauv-roald, SmartX, 3.119
1622110559.126, lauv-roald, SmartX, 3.119
1622110559.626, lauv-roald, SmartX, 3.119
1622110560.126, lauv-roald, SmartX, 3.119
1622110560.626, lauv-roald, SmartX, 3.119
1622110561.126, lauv-roald, SmartX, 3.120
1622110561.626, lauv-roald, SmartX, 3.121
1622110562.126, lauv-roald, SmartX, 3.121
1622110562.626, lauv-roald, SmartX, 3.121
1622110563.126, lauv-roald, SmartX, 3.121
1622110563.626, lauv-roald, SmartX, 3.121
1622110564.126, lauv-roald, SmartX, 3.121
1622110564.626, lauv-roald, SmartX, 3.121
1622110565.126, lauv-roald, SmartX, 3.120
1622110565.626, lauv-roald, SmartX, 3.121
1622110566.126, lauv-roald, SmartX, 3.121
1622110566.626, lauv-roald, SmartX, 3.121
1622110567.126, lauv-roald, SmartX, 3.121
1622110567.626, lauv-roald, SmartX, 3.121
1622110568.125, lauv-roald, SmartX, 3.121
1622110568.626, lauv-roald, SmartX, 3.121
1622110569.126, lauv-roald, SmartX, 3.122
1622110569.625, lauv-roald, SmartX, 3.122
1622110570.126, lauv-roald, SmartX, 3.121
1622110570.625, lauv-roald, SmartX, 3.122
1622110571.126, lauv-roald, SmartX, 3.121
1622110571.625, lauv-roald, SmartX, 3.121
1622110572.125, lauv-roald, SmartX, 3.122
1622110572.625, lauv-roald, SmartX, 3.122
1622110573.125, lauv-roald, SmartX, 3.122
1622110573.625, lauv-roald, SmartX, 3.122
1622110574.125, lauv-roald, SmartX, 3.122
1622110574.625, lauv-roald, SmartX, 3.122
1622110575.125, lauv-roald, SmartX, 3.122
1622110575.625, lauv-roald, SmartX, 3.121
1622110576.125, lauv-roald, SmartX, 3.122
1622110576.625, lauv-roald, SmartX, 3.122
1622110577.125, lauv-roald, SmartX, 3.122
1622110577.625, lauv-roald, SmartX, 3.121
1622110578.125, lauv-roald, SmartX, 3.121
1622110578.625, lauv-roald, SmartX, 3.121
1622110579.125, lauv-roald, SmartX, 3.121
1622110579.625, lauv-roald, SmartX, 3.122
1622110580.125, lauv-roald, SmartX, 3.122
1622110580.625, lauv-roald, SmartX, 3.122
1622110581.125, lauv-roald, SmartX, 3.122
1622110581.625, lauv-roald, SmartX, 3.122
1622110582.125, lauv-roald, SmartX, 3.122
1622110582.625, lauv-roald, SmartX, 3.123
1622110583.125, lauv-roald, SmartX, 3.123
1622110583.625, lauv-roald, SmartX, 3.123
1622110584.125, lauv-roald, SmartX, 3.124
1622110584.625, lauv-roald, SmartX, 3.124
1622110585.125, lauv-roald, SmartX, 3.124
1622110585.625, lauv-roald, SmartX, 3.125
1622110586.124, lauv-roald, SmartX, 3.125
1622110586.624, lauv-roald, SmartX, 3.125
1622110587.124, lauv-roald, SmartX, 3.124
1622110587.624, lauv-roald, SmartX, 3.125
1622110588.124, lauv-roald, SmartX, 3.125
1622110588.624, lauv-roald, SmartX, 3.125
1622110589.124, lauv-roald, SmartX, 3.125
1622110589.624, lauv-roald, SmartX, 3.126
1622110590.124, lauv-roald, SmartX, 3.126
1622110590.624, lauv-roald, SmartX, 3.126
1622110591.124, lauv-roald, SmartX, 3.126
1622110591.624, lauv-roald, SmartX, 3.126
1622110592.124, lauv-roald, SmartX, 3.126
1622110592.624, lauv-roald, SmartX, 3.126
1622110593.124, lauv-roald, SmartX, 3.123
1622110593.624, lauv-roald, SmartX, 3.120
1622110594.124, lauv-roald, SmartX, 3.116
1622110594.624, lauv-roald, SmartX, 3.115
1622110595.124, lauv-roald, SmartX, 3.114
1622110595.624, lauv-roald, SmartX, 3.113
1622110596.124, lauv-roald, SmartX, 3.115
1622110596.624, lauv-roald, SmartX, 3.118
1622110597.123, lauv-roald, SmartX, 3.120
1622110597.624, lauv-roald, SmartX, 3.122
1622110598.123, lauv-roald, SmartX, 3.122
1622110598.624, lauv-roald, SmartX, 3.122
1622110599.123, lauv-roald, SmartX, 3.120
1622110599.623, lauv-roald, SmartX, 3.120
1622110600.123, lauv-roald, SmartX, 3.121
1622110600.623, lauv-roald, SmartX, 3.122
1622110601.123, lauv-roald, SmartX, 3.124
1622110601.623, lauv-roald, SmartX, 3.123
1622110602.123, lauv-roald, SmartX, 3.121
1622110602.623, lauv-roald, SmartX, 3.119
1622110603.123, lauv-roald, SmartX, 3.120
1622110603.623, lauv-roald, SmartX, 3.121
1622110604.123, lauv-roald, SmartX, 3.119
1622110604.623, lauv-roald, SmartX, 3.118
1622110605.123, lauv-roald, SmartX, 3.117
1622110605.623, lauv-roald, SmartX, 3.117
1622110606.123, lauv-roald, SmartX, 3.116
1622110606.623, lauv-roald, SmartX, 3.118
1622110607.123, lauv-roald, SmartX, 3.119
1622110607.623, lauv-roald, SmartX, 3.121
1622110608.123, lauv-roald, SmartX, 3.123
1622110608.623, lauv-roald, SmartX, 3.125
1622110609.123, lauv-roald, SmartX, 3.126
1622110609.623, lauv-roald, SmartX, 3.126
1622110610.123, lauv-roald, SmartX, 3.126
1622110610.623, lauv-roald, SmartX, 3.127
1622110611.123, lauv-roald, SmartX, 3.128
1622110611.623, lauv-roald, SmartX, 3.128
1622110612.122, lauv-roald, SmartX, 3.127
1622110612.623, lauv-roald, SmartX, 3.127
1622110613.123, lauv-roald, SmartX, 3.128
1622110613.622, lauv-roald, SmartX, 3.128
1622110614.122, lauv-roald, SmartX, 3.127
1622110614.622, lauv-roald, SmartX, 3.126
1622110615.122, lauv-roald, SmartX, 3.125
1622110615.622, lauv-roald, SmartX, 3.124
1622110616.122, lauv-roald, SmartX, 3.125
1622110616.622, lauv-roald, SmartX, 3.124
1622110617.122, lauv-roald, SmartX, 3.125
1622110617.622, lauv-roald, SmartX, 3.126
1622110618.122, lauv-roald, SmartX, 3.127
1622110618.622, lauv-roald, SmartX, 3.127
1622110619.122, lauv-roald, SmartX, 3.126
1622110619.622, lauv-roald, SmartX, 3.125
1622110620.122, lauv-roald, SmartX, 3.124
1622110620.622, lauv-roald, SmartX, 3.124
1622110621.122, lauv-roald, SmartX, 3.122
1622110621.622, lauv-roald, SmartX, 3.121
1622110622.122, lauv-roald, SmartX, 3.120
1622110622.622, lauv-roald, SmartX, 3.119
1622110623.122, lauv-roald, SmartX, 3.118
1622110623.622, lauv-roald, SmartX, 3.119
1622110624.122, lauv-roald, SmartX, 3.119
1622110624.622, lauv-roald, SmartX, 3.119
1622110625.122, lauv-roald, SmartX, 3.119
1622110625.622, lauv-roald, SmartX, 3.119
1622110626.122, lauv-roald, SmartX, 3.120
1622110626.622, lauv-roald, SmartX, 3.123
1622110627.122, lauv-roald, SmartX, 3.123
1622110627.622, lauv-roald, SmartX, 3.124
1622110628.122, lauv-roald, SmartX, 3.125
1622110628.621, lauv-roald, SmartX, 3.126
1622110629.121, lauv-roald, SmartX, 3.127
1622110629.621, lauv-roald, SmartX, 3.127
1622110630.121, lauv-roald, SmartX, 3.127
1622110630.621, lauv-roald, SmartX, 3.127
1622110631.121, lauv-roald, SmartX, 3.127
1622110631.621, lauv-roald, SmartX, 3.127
1622110632.121, lauv-roald, SmartX, 3.128
1622110632.621, lauv-roald, SmartX, 3.128
1622110633.121, lauv-roald, SmartX, 3.128
1622110633.621, lauv-roald, SmartX, 3.128
1622110634.121, lauv-roald, SmartX, 3.128
1622110634.621, lauv-roald, SmartX, 3.128
1622110635.121, lauv-roald, SmartX, 3.128
1622110635.621, lauv-roald, SmartX, 3.128
1622110636.121, lauv-roald, SmartX, 3.128
1622110636.621, lauv-roald, SmartX, 3.128
1622110637.121, lauv-roald, SmartX, 3.128
1622110637.621, lauv-roald, SmartX, 3.128
1622110638.121, lauv-roald, SmartX, 3.128
1622110638.621, lauv-roald, SmartX, 3.128
1622110639.121, lauv-roald, SmartX, 3.128
1622110639.621, lauv-roald, SmartX, 3.128
1622110640.121, lauv-roald, SmartX, 3.129
1622110640.621, lauv-roald, SmartX, 3.129
1622110641.121, lauv-roald, SmartX, 3.129
1622110641.621, lauv-roald, SmartX, 3.129
1622110642.121, lauv-roald, SmartX, 3.128
1622110642.620, lauv-roald, SmartX, 3.128
1622110643.121, lauv-roald, SmartX, 3.129
1622110643.620, lauv-roald, SmartX, 3.129
1622110644.120, lauv-roald, SmartX, 3.129
1622110644.620, lauv-roald, SmartX, 3.129
1622110645.120, lauv-roald, SmartX, 3.129
1622110645.620, lauv-roald, SmartX, 3.129
1622110646.120, lauv-roald, SmartX, 3.129
1622110646.620, lauv-roald, SmartX, 3.128
1622110647.120, lauv-roald, SmartX, 3.127
1622110647.620, lauv-roald, SmartX, 3.126
1622110648.120, lauv-roald, SmartX, 3.126
1622110648.620, lauv-roald, SmartX, 3.126
1622110649.120, lauv-roald, SmartX, 3.126
1622110649.620, lauv-roald, SmartX, 3.125
1622110650.120, lauv-roald, SmartX, 3.125
1622110650.620, lauv-roald, SmartX, 3.125
1622110651.120, lauv-roald, SmartX, 3.124
1622110651.620, lauv-roald, SmartX, 3.124
1622110652.120, lauv-roald, SmartX, 3.123
1622110652.620, lauv-roald, SmartX, 3.122
1622110653.120, lauv-roald, SmartX, 3.122
1622110653.620, lauv-roald, SmartX, 3.122
1622110654.120, lauv-roald, SmartX, 3.122
1622110654.620, lauv-roald, SmartX, 3.122
1622110655.120, lauv-roald, SmartX, 3.122
1622110655.620, lauv-roald, SmartX, 3.122
1622110656.120, lauv-roald, SmartX, 3.122
1622110656.620, lauv-roald, SmartX, 3.122
1622110657.119, lauv-roald, SmartX, 3.122
1622110657.619, lauv-roald, SmartX, 3.122
1622110658.120, lauv-roald, SmartX, 3.121
1622110658.619, lauv-roald, SmartX, 3.120
1622110659.119, lauv-roald, SmartX, 3.119
1622110659.619, lauv-roald, SmartX, 3.115
1622110660.119, lauv-roald, SmartX, 3.114
1622110660.619, lauv-roald, SmartX, 3.114
1622110661.119, lauv-roald, SmartX, 3.114
1622110661.619, lauv-roald, SmartX, 3.115
1622110662.119, lauv-roald, SmartX, 3.114
1622110662.619, lauv-roald, SmartX, 3.114
1622110663.119, lauv-roald, SmartX, 3.115
1622110663.619, lauv-roald, SmartX, 3.115
1622110664.119, lauv-roald, SmartX, 3.115
1622110664.619, lauv-roald, SmartX, 3.116
1622110665.119, lauv-roald, SmartX, 3.116
1622110665.619, lauv-roald, SmartX, 3.116
1622110666.119, lauv-roald, SmartX, 3.116
1622110666.619, lauv-roald, SmartX, 3.116
1622110667.119, lauv-roald, SmartX, 3.116
1622110667.619, lauv-roald, SmartX, 3.116
1622110668.119, lauv-roald, SmartX, 3.116
1622110668.619, lauv-roald, SmartX, 3.116
1622110669.119, lauv-roald, SmartX, 3.117
1622110669.619, lauv-roald, SmartX, 3.117
1622110670.118, lauv-roald, SmartX, 3.117
1622110670.619, lauv-roald, SmartX, 3.118
1622110671.119, lauv-roald, SmartX, 3.117
1622110671.619, lauv-roald, SmartX, 3.116
1622110672.119, lauv-roald, SmartX, 3.115
1622110672.619, lauv-roald, SmartX, 3.115
1622110673.119, lauv-roald, SmartX, 3.115
1622110673.618, lauv-roald, SmartX, 3.115
1622110674.118, lauv-roald, SmartX, 3.115
1622110674.618, lauv-roald, SmartX, 3.115
1622110675.118, lauv-roald, SmartX, 3.116
1622110675.618, lauv-roald, SmartX, 3.116
1622110676.122, lauv-roald, SmartX, 3.116
1622110676.618, lauv-roald, SmartX, 3.116
1622110677.118, lauv-roald, SmartX, 3.116
1622110677.618, lauv-roald, SmartX, 3.116
1622110678.118, lauv-roald, SmartX, 3.118
1622110678.618, lauv-roald, SmartX, 3.118
1622110679.118, lauv-roald, SmartX, 3.118
1622110679.618, lauv-roald, SmartX, 3.119
1622110680.118, lauv-roald, SmartX, 3.120
1622110680.618, lauv-roald, SmartX, 3.120
1622110681.118, lauv-roald, SmartX, 3.120
1622110681.618, lauv-roald, SmartX, 3.120
1622110682.118, lauv-roald, SmartX, 3.120
1622110682.618, lauv-roald, SmartX, 3.119
1622110683.118, lauv-roald, SmartX, 3.119
1622110683.618, lauv-roald, SmartX, 3.119
1622110684.118, lauv-roald, SmartX, 3.119
1622110684.618, lauv-roald, SmartX, 3.119
1622110685.118, lauv-roald, SmartX, 3.120
1622110685.618, lauv-roald, SmartX, 3.120
1622110686.118, lauv-roald, SmartX, 3.120
1622110686.617, lauv-roald, SmartX, 3.120
1622110687.117, lauv-roald, SmartX, 3.120
1622110687.617, lauv-roald, SmartX, 3.120
1622110688.117, lauv-roald, SmartX, 3.120
1622110688.617, lauv-roald, SmartX, 3.121
1622110689.117, lauv-roald, SmartX, 3.121
1622110689.617, lauv-roald, SmartX, 3.121
1622110690.117, lauv-roald, SmartX, 3.121
1622110690.617, lauv-roald, SmartX, 3.122
1622110691.117, lauv-roald, SmartX, 3.122
1622110691.617, lauv-roald, SmartX, 3.122
1622110692.117, lauv-roald, SmartX, 3.122
1622110692.617, lauv-roald, SmartX, 3.122
1622110693.117, lauv-roald, SmartX, 3.122
1622110693.617, lauv-roald, SmartX, 3.122
1622110694.117, lauv-roald, SmartX, 3.122
1622110694.617, lauv-roald, SmartX, 3.122
1622110695.117, lauv-roald, SmartX, 3.122
1622110695.617, lauv-roald, SmartX, 3.121
1622110696.117, lauv-roald, SmartX, 3.120
1622110696.617, lauv-roald, SmartX, 3.120
1622110697.116, lauv-roald, SmartX, 3.119
1622110697.617, lauv-roald, SmartX, 3.119
1622110698.117, lauv-roald, SmartX, 3.118
1622110698.617, lauv-roald, SmartX, 3.118
1622110699.117, lauv-roald, SmartX, 3.118
1622110699.617, lauv-roald, SmartX, 3.118
1622110700.117, lauv-roald, SmartX, 3.118
1622110700.616, lauv-roald, SmartX, 3.117
1622110701.117, lauv-roald, SmartX, 3.117
1622110701.617, lauv-roald, SmartX, 3.116
1622110702.116, lauv-roald, SmartX, 3.116
1622110702.616, lauv-roald, SmartX, 3.116
1622110703.116, lauv-roald, SmartX, 3.115
1622110703.617, lauv-roald, SmartX, 3.115
1622110704.116, lauv-roald, SmartX, 3.116
1622110704.616, lauv-roald, SmartX, 3.116
1622110705.116, lauv-roald, SmartX, 3.116
1622110705.616, lauv-roald, SmartX, 3.115
1622110706.116, lauv-roald, SmartX, 3.115
1622110706.616, lauv-roald, SmartX, 3.115
1622110707.116, lauv-roald, SmartX, 3.115
1622110707.616, lauv-roald, SmartX, 3.115
1622110708.116, lauv-roald, SmartX, 3.114
1622110708.616, lauv-roald, SmartX, 3.112
1622110709.116, lauv-roald, SmartX, 3.113
1622110709.616, lauv-roald, SmartX, 3.113
1622110710.116, lauv-roald, SmartX, 3.114
1622110710.616, lauv-roald, SmartX, 3.114
1622110711.116, lauv-roald, SmartX, 3.114
1622110711.616, lauv-roald, SmartX, 3.114
1622110712.116, lauv-roald, SmartX, 3.114
1622110712.616, lauv-roald, SmartX, 3.114
1622110713.116, lauv-roald, SmartX, 3.114
1622110713.616, lauv-roald, SmartX, 3.113
1622110714.116, lauv-roald, SmartX, 3.113
1622110714.616, lauv-roald, SmartX, 3.112
1622110715.116, lauv-roald, SmartX, 3.112
1622110715.616, lauv-roald, SmartX, 3.112
1622110716.116, lauv-roald, SmartX, 3.112
1622110716.616, lauv-roald, SmartX, 3.112
1622110717.116, lauv-roald, SmartX, 3.112
1622110717.615, lauv-roald, SmartX, 3.112
1622110718.115, lauv-roald, SmartX, 3.112
1622110718.615, lauv-roald, SmartX, 3.112
1622110719.115, lauv-roald, SmartX, 3.114
1622110719.615, lauv-roald, SmartX, 3.114
1622110720.116, lauv-roald, SmartX, 3.115
1622110720.615, lauv-roald, SmartX, 3.115
1622110721.116, lauv-roald, SmartX, 3.115
1622110721.615, lauv-roald, SmartX, 3.115
1622110722.115, lauv-roald, SmartX, 3.116
1622110722.615, lauv-roald, SmartX, 3.115
1622110723.115, lauv-roald, SmartX, 3.115
1622110723.615, lauv-roald, SmartX, 3.114
1622110724.115, lauv-roald, SmartX, 3.113
1622110724.615, lauv-roald, SmartX, 3.114
1622110725.115, lauv-roald, SmartX, 3.114
1622110725.615, lauv-roald, SmartX, 3.114
1622110726.115, lauv-roald, SmartX, 3.115
1622110726.615, lauv-roald, SmartX, 3.116
1622110727.115, lauv-roald, SmartX, 3.116
1622110727.615, lauv-roald, SmartX, 3.116
1622110728.115, lauv-roald, SmartX, 3.116
1622110728.615, lauv-roald, SmartX, 3.116
1622110729.115, lauv-roald, SmartX, 3.115
1622110729.615, lauv-roald, SmartX, 3.115
1622110730.115, lauv-roald, SmartX, 3.114
1622110730.615, lauv-roald, SmartX, 3.114
1622110731.115, lauv-roald, SmartX, 3.113
1622110731.614, lauv-roald, SmartX, 3.113
1622110732.114, lauv-roald, SmartX, 3.112
1622110732.614, lauv-roald, SmartX, 3.111
1622110733.114, lauv-roald, SmartX, 3.111
1622110733.614, lauv-roald, SmartX, 3.111
1622110734.114, lauv-roald, SmartX, 3.109
1622110734.614, lauv-roald, SmartX, 3.110
1622110735.114, lauv-roald, SmartX, 3.108
1622110735.614, lauv-roald, SmartX, 3.107
1622110736.114, lauv-roald, SmartX, 3.109
1622110736.614, lauv-roald, SmartX, 3.109
1622110737.114, lauv-roald, SmartX, 3.109
1622110737.614, lauv-roald, SmartX, 3.110
1622110738.114, lauv-roald, SmartX, 3.110
1622110738.614, lauv-roald, SmartX, 3.109
1622110739.114, lauv-roald, SmartX, 3.106
1622110739.614, lauv-roald, SmartX, 3.106
1622110740.114, lauv-roald, SmartX, 3.104
1622110740.614, lauv-roald, SmartX, 3.103
1622110741.114, lauv-roald, SmartX, 3.105
1622110741.614, lauv-roald, SmartX, 3.105
1622110742.114, lauv-roald, SmartX, 3.106
1622110742.614, lauv-roald, SmartX, 3.106
1622110743.114, lauv-roald, SmartX, 3.106
1622110743.613, lauv-roald, SmartX, 3.106
1622110744.113, lauv-roald, SmartX, 3.108
1622110744.614, lauv-roald, SmartX, 3.109
1622110745.114, lauv-roald, SmartX, 3.111
1622110745.613, lauv-roald, SmartX, 3.108
1622110746.113, lauv-roald, SmartX, 3.105
1622110746.613, lauv-roald, SmartX, 3.099
1622110747.114, lauv-roald, SmartX, 3.094
1622110747.613, lauv-roald, SmartX, 3.092
1622110748.113, lauv-roald, SmartX, 3.093
1622110748.613, lauv-roald, SmartX, 3.100
1622110749.113, lauv-roald, SmartX, 3.105
1622110749.613, lauv-roald, SmartX, 3.107
1622110750.113, lauv-roald, SmartX, 3.106
1622110750.613, lauv-roald, SmartX, 3.104
1622110751.113, lauv-roald, SmartX, 3.100
1622110751.613, lauv-roald, SmartX, 3.100
1622110752.113, lauv-roald, SmartX, 3.107
1622110752.613, lauv-roald, SmartX, 3.109
1622110753.113, lauv-roald, SmartX, 3.107
1622110753.613, lauv-roald, SmartX, 3.105
1622110754.113, lauv-roald, SmartX, 3.106
1622110754.613, lauv-roald, SmartX, 3.107
1622110755.113, lauv-roald, SmartX, 3.109
1622110755.613, lauv-roald, SmartX, 3.111
1622110756.113, lauv-roald, SmartX, 3.112
1622110756.613, lauv-roald, SmartX, 3.112
1622110757.113, lauv-roald, SmartX, 3.111
1622110757.613, lauv-roald, SmartX, 3.111
1622110758.113, lauv-roald, SmartX, 3.110
1622110758.612, lauv-roald, SmartX, 3.110
1622110759.113, lauv-roald, SmartX, 3.111
1622110759.613, lauv-roald, SmartX, 3.113
1622110760.112, lauv-roald, SmartX, 3.112
1622110760.613, lauv-roald, SmartX, 3.110
1622110761.112, lauv-roald, SmartX, 3.109
1622110761.612, lauv-roald, SmartX, 3.109
1622110762.112, lauv-roald, SmartX, 3.110
1622110762.612, lauv-roald, SmartX, 3.109
1622110763.112, lauv-roald, SmartX, 3.108
1622110763.612, lauv-roald, SmartX, 3.108
1622110764.112, lauv-roald, SmartX, 3.108
1622110764.612, lauv-roald, SmartX, 3.108
1622110765.112, lauv-roald, SmartX, 3.108
1622110765.612, lauv-roald, SmartX, 3.109
1622110766.112, lauv-roald, SmartX, 3.108
1622110766.612, lauv-roald, SmartX, 3.109
1622110767.112, lauv-roald, SmartX, 3.108
1622110767.612, lauv-roald, SmartX, 3.103
1622110768.112, lauv-roald, SmartX, 3.100
1622110768.612, lauv-roald, SmartX, 3.101
1622110769.112, lauv-roald, SmartX, 3.104
1622110769.612, lauv-roald, SmartX, 3.109
1622110770.112, lauv-roald, SmartX, 3.110
1622110770.612, lauv-roald, SmartX, 3.106
1622110771.112, lauv-roald, SmartX, 3.100
1622110771.612, lauv-roald, SmartX, 3.095
1622110772.111, lauv-roald, SmartX, 3.091
1622110772.612, lauv-roald, SmartX, 3.094
1622110773.112, lauv-roald, SmartX, 3.099
1622110773.612, lauv-roald, SmartX, 3.102
1622110774.112, lauv-roald, SmartX, 3.106
1622110774.611, lauv-roald, SmartX, 3.102
1622110775.111, lauv-roald, SmartX, 3.100
1622110775.612, lauv-roald, SmartX, 3.099
1622110776.111, lauv-roald, SmartX, 3.100
1622110776.611, lauv-roald, SmartX, 3.100
1622110777.111, lauv-roald, SmartX, 3.100
1622110777.611, lauv-roald, SmartX, 3.100
1622110778.111, lauv-roald, SmartX, 3.101
1622110778.611, lauv-roald, SmartX, 3.104
1622110779.111, lauv-roald, SmartX, 3.104
1622110779.611, lauv-roald, SmartX, 3.098
1622110780.111, lauv-roald, SmartX, 3.087
1622110780.611, lauv-roald, SmartX, 3.080
1622110781.111, lauv-roald, SmartX, 3.080
1622110781.611, lauv-roald, SmartX, 3.077
1622110782.111, lauv-roald, SmartX, 3.086
1622110782.611, lauv-roald, SmartX, 3.095
1622110783.111, lauv-roald, SmartX, 3.102
1622110783.611, lauv-roald, SmartX, 3.105
1622110784.111, lauv-roald, SmartX, 3.106
1622110784.611, lauv-roald, SmartX, 3.105
1622110785.111, lauv-roald, SmartX, 3.104
1622110785.611, lauv-roald, SmartX, 3.097
1622110786.111, lauv-roald, SmartX, 3.095
1622110786.611, lauv-roald, SmartX, 3.098
1622110787.110, lauv-roald, SmartX, 3.100
1622110787.611, lauv-roald, SmartX, 3.102
1622110788.110, lauv-roald, SmartX, 3.104
1622110788.610, lauv-roald, SmartX, 3.109
1622110789.111, lauv-roald, SmartX, 3.112
1622110789.611, lauv-roald, SmartX, 3.112
1622110790.110, lauv-roald, SmartX, 3.108
1622110790.610, lauv-roald, SmartX, 3.106
1622110791.112, lauv-roald, SmartX, 3.102
1622110791.610, lauv-roald, SmartX, 3.098
1622110792.110, lauv-roald, SmartX, 3.096
1622110792.610, lauv-roald, SmartX, 3.096
1622110793.110, lauv-roald, SmartX, 3.101
1622110793.610, lauv-roald, SmartX, 3.102
1622110794.110, lauv-roald, SmartX, 3.103
1622110794.610, lauv-roald, SmartX, 3.106
1622111191.583, lauv-roald, SmartX, 2.506
1622111192.083, lauv-roald, SmartX, 2.506
1622111192.583, lauv-roald, SmartX, 2.507
1622111193.083, lauv-roald, SmartX, 2.501
1622111193.583, lauv-roald, SmartX, 2.504
1622111194.083, lauv-roald, SmartX, 2.504
1622111194.583, lauv-roald, SmartX, 2.496
1622111195.083, lauv-roald, SmartX, 2.499
1622111195.583, lauv-roald, SmartX, 2.500
1622111196.083, lauv-roald, SmartX, 2.500
1622111196.583, lauv-roald, SmartX, 2.500
1622111197.083, lauv-roald, SmartX, 2.498
1622111197.584, lauv-roald, SmartX, 2.496
1622111198.083, lauv-roald, SmartX, 2.498
1622111198.583, lauv-roald, SmartX, 2.498
1622111199.083, lauv-roald, SmartX, 2.488
1622111199.583, lauv-roald, SmartX, 2.484
1622111200.083, lauv-roald, SmartX, 2.476
1622111200.583, lauv-roald, SmartX, 2.469
1622111201.083, lauv-roald, SmartX, 2.474
1622111201.583, lauv-roald, SmartX, 2.480
1622111202.083, lauv-roald, SmartX, 2.469
1622111202.583, lauv-roald, SmartX, 2.469
1622111203.083, lauv-roald, SmartX, 2.473
1622111203.583, lauv-roald, SmartX, 2.480
1622111204.083, lauv-roald, SmartX, 2.498
1622111204.583, lauv-roald, SmartX, 2.519
1622111205.082, lauv-roald, SmartX, 2.606
1622111205.583, lauv-roald, SmartX, 2.657
1622111206.083, lauv-roald, SmartX, 2.696
1622111206.582, lauv-roald, SmartX, 2.659
1622111207.082, lauv-roald, SmartX, 2.605
1622111207.582, lauv-roald, SmartX, 2.609
1622111208.082, lauv-roald, SmartX, 2.699
1622111208.582, lauv-roald, SmartX, 2.704
1622111209.082, lauv-roald, SmartX, 2.725
1622111209.582, lauv-roald, SmartX, 2.719
1622111210.082, lauv-roald, SmartX, 2.672
1622111210.582, lauv-roald, SmartX, 2.579
1622111211.082, lauv-roald, SmartX, 2.517
1622111211.582, lauv-roald, SmartX, 2.515
1622111212.082, lauv-roald, SmartX, 2.523
1622111212.582, lauv-roald, SmartX, 2.611
1622111213.083, lauv-roald, SmartX, 2.674
1622111213.583, lauv-roald, SmartX, 2.736
1622111214.082, lauv-roald, SmartX, 2.713
1622111214.582, lauv-roald, SmartX, 2.598
1622111215.082, lauv-roald, SmartX, 2.483
1622111215.582, lauv-roald, SmartX, 2.446
1622111216.082, lauv-roald, SmartX, 2.450
1622111216.582, lauv-roald, SmartX, 2.505
1622111217.082, lauv-roald, SmartX, 2.671
1622111217.582, lauv-roald, SmartX, 2.794
1622111218.082, lauv-roald, SmartX, 2.878
1622111218.582, lauv-roald, SmartX, 2.920
1622111219.082, lauv-roald, SmartX, 2.933
1622111219.582, lauv-roald, SmartX, 2.862
1622111220.082, lauv-roald, SmartX, 2.703
1622111220.582, lauv-roald, SmartX, 2.568
1622111221.082, lauv-roald, SmartX, 2.536
1622111221.581, lauv-roald, SmartX, 2.521
1622111222.081, lauv-roald, SmartX, 2.555
1622111222.581, lauv-roald, SmartX, 2.709
1622111223.081, lauv-roald, SmartX, 2.802
1622111223.581, lauv-roald, SmartX, 2.860
1622111224.081, lauv-roald, SmartX, 2.885
1622111224.581, lauv-roald, SmartX, 2.852
1622111225.081, lauv-roald, SmartX, 2.667
1622111225.581, lauv-roald, SmartX, 2.546
1622111226.081, lauv-roald, SmartX, 2.486
1622111226.581, lauv-roald, SmartX, 2.483
1622111227.081, lauv-roald, SmartX, 2.497
1622111227.581, lauv-roald, SmartX, 2.500
1622111228.081, lauv-roald, SmartX, 2.501
1622111228.581, lauv-roald, SmartX, 2.513
1622111229.081, lauv-roald, SmartX, 2.542
1622111229.581, lauv-roald, SmartX, 2.679
1622111230.081, lauv-roald, SmartX, 2.815
1622111230.581, lauv-roald, SmartX, 2.830
1622111231.081, lauv-roald, SmartX, 2.667
1622111231.581, lauv-roald, SmartX, 2.585
1622111232.081, lauv-roald, SmartX, 2.554
1622111232.581, lauv-roald, SmartX, 2.531
1622111233.081, lauv-roald, SmartX, 2.580
1622111233.581, lauv-roald, SmartX, 2.651
1622111234.081, lauv-roald, SmartX, 2.788
1622111234.580, lauv-roald, SmartX, 2.747
1622111235.080, lauv-roald, SmartX, 2.611
1622111235.581, lauv-roald, SmartX, 2.553
1622111236.080, lauv-roald, SmartX, 2.510
1622111236.580, lauv-roald, SmartX, 2.494
1622111237.080, lauv-roald, SmartX, 2.473
1622111237.580, lauv-roald, SmartX, 2.469
1622111238.080, lauv-roald, SmartX, 2.529
1622111238.580, lauv-roald, SmartX, 2.601
1622111239.080, lauv-roald, SmartX, 2.651
1622111239.580, lauv-roald, SmartX, 2.752
1622111240.080, lauv-roald, SmartX, 2.809
1622111240.580, lauv-roald, SmartX, 2.728
1622111241.080, lauv-roald, SmartX, 2.663
1622111241.580, lauv-roald, SmartX, 2.511
1622111242.080, lauv-roald, SmartX, 2.472
1622111242.580, lauv-roald, SmartX, 2.454
1622111243.080, lauv-roald, SmartX, 2.483
1622111243.580, lauv-roald, SmartX, 2.573
1622111244.080, lauv-roald, SmartX, 2.677
1622111244.580, lauv-roald, SmartX, 2.720
1622111245.080, lauv-roald, SmartX, 2.668
1622111245.580, lauv-roald, SmartX, 2.555
1622111246.080, lauv-roald, SmartX, 2.526
1622111246.580, lauv-roald, SmartX, 2.500
1622111247.080, lauv-roald, SmartX, 2.540
1622111247.580, lauv-roald, SmartX, 2.634
1622111248.080, lauv-roald, SmartX, 2.699
1622111248.580, lauv-roald, SmartX, 2.737
1622111249.080, lauv-roald, SmartX, 2.687
1622111249.580, lauv-roald, SmartX, 2.619
1622111250.079, lauv-roald, SmartX, 2.575
1622111250.580, lauv-roald, SmartX, 2.545
1622111251.079, lauv-roald, SmartX, 2.591
1622111251.579, lauv-roald, SmartX, 2.676
1622111252.079, lauv-roald, SmartX, 2.718
1622111252.579, lauv-roald, SmartX, 2.738
1622111253.079, lauv-roald, SmartX, 2.753
1622111253.579, lauv-roald, SmartX, 2.740
1622111254.079, lauv-roald, SmartX, 2.701
1622111254.579, lauv-roald, SmartX, 2.645
1622111255.079, lauv-roald, SmartX, 2.523
1622111255.579, lauv-roald, SmartX, 2.499
1622111256.079, lauv-roald, SmartX, 2.478
1622111256.579, lauv-roald, SmartX, 2.523
1622111257.079, lauv-roald, SmartX, 2.580
1622111257.579, lauv-roald, SmartX, 2.630
1622111258.079, lauv-roald, SmartX, 2.658
1622111258.579, lauv-roald, SmartX, 2.668
1622111259.079, lauv-roald, SmartX, 2.661
1622111259.579, lauv-roald, SmartX, 2.647
1622111260.079, lauv-roald, SmartX, 2.636
1622111260.579, lauv-roald, SmartX, 2.626
1622111261.079, lauv-roald, SmartX, 2.625
1622111261.579, lauv-roald, SmartX, 2.638
1622111262.079, lauv-roald, SmartX, 2.656
1622111262.579, lauv-roald, SmartX, 2.650
1622111263.079, lauv-roald, SmartX, 2.652
1622111263.578, lauv-roald, SmartX, 2.649
1622111264.079, lauv-roald, SmartX, 2.645
1622111264.578, lauv-roald, SmartX, 2.629
1622111265.078, lauv-roald, SmartX, 2.590
1622111265.579, lauv-roald, SmartX, 2.579
1622111266.078, lauv-roald, SmartX, 2.580
1622111266.578, lauv-roald, SmartX, 2.589
1622111267.078, lauv-roald, SmartX, 2.690
1622111267.578, lauv-roald, SmartX, 2.750
1622111268.078, lauv-roald, SmartX, 2.813
1622111268.578, lauv-roald, SmartX, 2.836
1622111269.078, lauv-roald, SmartX, 2.773
1622111269.578, lauv-roald, SmartX, 2.695
1622111270.078, lauv-roald, SmartX, 2.584
1622111270.578, lauv-roald, SmartX, 2.552
1622111271.078, lauv-roald, SmartX, 2.536
1622111271.578, lauv-roald, SmartX, 2.523
1622111272.078, lauv-roald, SmartX, 2.519
1622111272.578, lauv-roald, SmartX, 2.531
1622111273.078, lauv-roald, SmartX, 2.617
1622111273.578, lauv-roald, SmartX, 2.699
1622111274.078, lauv-roald, SmartX, 2.769
1622111274.578, lauv-roald, SmartX, 2.801
1622111275.078, lauv-roald, SmartX, 2.673
1622111275.578, lauv-roald, SmartX, 2.587
1622111276.078, lauv-roald, SmartX, 2.585
1622111276.578, lauv-roald, SmartX, 2.519
1622111277.078, lauv-roald, SmartX, 2.511
1622111277.578, lauv-roald, SmartX, 2.500
1622111278.078, lauv-roald, SmartX, 2.514
1622111278.578, lauv-roald, SmartX, 2.537
1622111279.078, lauv-roald, SmartX, 2.561
1622111279.578, lauv-roald, SmartX, 2.569
1622111280.078, lauv-roald, SmartX, 2.525
1622111280.577, lauv-roald, SmartX, 2.470
1622111281.078, lauv-roald, SmartX, 2.440
1622111281.577, lauv-roald, SmartX, 2.420
1622111282.078, lauv-roald, SmartX, 2.415
1622111282.577, lauv-roald, SmartX, 2.443
1622111283.077, lauv-roald, SmartX, 2.529
1622111283.577, lauv-roald, SmartX, 2.666
1622111284.077, lauv-roald, SmartX, 2.764
1622111284.577, lauv-roald, SmartX, 2.754
1622111285.077, lauv-roald, SmartX, 2.617
1622111285.577, lauv-roald, SmartX, 2.549
1622111286.077, lauv-roald, SmartX, 2.545
1622111286.577, lauv-roald, SmartX, 2.556
1622111287.077, lauv-roald, SmartX, 2.678
1622111287.577, lauv-roald, SmartX, 2.715
1622111288.077, lauv-roald, SmartX, 2.725
1622111288.577, lauv-roald, SmartX, 2.755
1622111289.077, lauv-roald, SmartX, 2.748
1622111289.577, lauv-roald, SmartX, 2.699
1622111290.077, lauv-roald, SmartX, 2.562
1622111290.577, lauv-roald, SmartX, 2.576
1622111291.077, lauv-roald, SmartX, 2.639
1622111291.577, lauv-roald, SmartX, 2.697
1622111292.077, lauv-roald, SmartX, 2.734
1622111292.577, lauv-roald, SmartX, 2.750
1622111293.077, lauv-roald, SmartX, 2.773
1622111293.576, lauv-roald, SmartX, 2.742
1622111294.077, lauv-roald, SmartX, 2.755
1622111294.576, lauv-roald, SmartX, 2.713
1622111295.077, lauv-roald, SmartX, 2.763
1622111295.576, lauv-roald, SmartX, 2.807
1622111296.076, lauv-roald, SmartX, 2.811
1622111296.576, lauv-roald, SmartX, 2.853
1622111297.076, lauv-roald, SmartX, 2.822
1622111297.576, lauv-roald, SmartX, 2.710
1622111298.076, lauv-roald, SmartX, 2.691
1622111298.576, lauv-roald, SmartX, 2.677
1622111299.076, lauv-roald, SmartX, 2.672
1622111299.576, lauv-roald, SmartX, 2.653
1622111300.076, lauv-roald, SmartX, 2.636
1622111300.576, lauv-roald, SmartX, 2.679
1622111301.076, lauv-roald, SmartX, 2.905
1622111301.576, lauv-roald, SmartX, 3.042
1622111302.076, lauv-roald, SmartX, 3.061
1622111302.576, lauv-roald, SmartX, 3.075
1622111303.076, lauv-roald, SmartX, 3.081
1622111303.576, lauv-roald, SmartX, 3.101
1622111304.076, lauv-roald, SmartX, 3.107
1622111304.576, lauv-roald, SmartX, 3.109
1622111305.076, lauv-roald, SmartX, 3.112
1622111305.576, lauv-roald, SmartX, 3.115
1622111306.076, lauv-roald, SmartX, 3.118
1622111306.576, lauv-roald, SmartX, 3.120
1622111307.076, lauv-roald, SmartX, 3.121
1622111307.575, lauv-roald, SmartX, 3.120
1622111308.076, lauv-roald, SmartX, 3.120
1622111308.576, lauv-roald, SmartX, 3.119
1622111309.075, lauv-roald, SmartX, 3.116
1622111309.575, lauv-roald, SmartX, 3.115
1622111310.075, lauv-roald, SmartX, 3.116
1622111310.575, lauv-roald, SmartX, 3.117
1622111311.075, lauv-roald, SmartX, 3.118
1622111311.575, lauv-roald, SmartX, 3.121
1622111312.075, lauv-roald, SmartX, 3.122
1622111312.575, lauv-roald, SmartX, 3.122
1622111313.075, lauv-roald, SmartX, 3.122
1622111313.575, lauv-roald, SmartX, 3.122
1622111314.075, lauv-roald, SmartX, 3.121
1622111314.575, lauv-roald, SmartX, 3.119
1622111315.075, lauv-roald, SmartX, 3.117
1622111315.575, lauv-roald, SmartX, 3.118
1622111316.075, lauv-roald, SmartX, 3.118
1622111316.575, lauv-roald, SmartX, 3.118
1622111317.075, lauv-roald, SmartX, 3.118
1622111317.575, lauv-roald, SmartX, 3.118
1622111318.075, lauv-roald, SmartX, 3.118
1622111318.575, lauv-roald, SmartX, 3.117
1622111319.075, lauv-roald, SmartX, 3.116
1622111319.575, lauv-roald, SmartX, 3.117
1622111320.075, lauv-roald, SmartX, 3.119
1622111320.574, lauv-roald, SmartX, 3.119
1622111321.074, lauv-roald, SmartX, 3.120
1622111321.575, lauv-roald, SmartX, 3.122
1622111322.075, lauv-roald, SmartX, 3.121
1622111322.574, lauv-roald, SmartX, 3.121
1622111323.074, lauv-roald, SmartX, 3.121
1622111323.574, lauv-roald, SmartX, 3.114
1622111324.074, lauv-roald, SmartX, 3.113
1622111324.574, lauv-roald, SmartX, 3.110
1622111325.074, lauv-roald, SmartX, 3.112
1622111325.574, lauv-roald, SmartX, 3.113
1622111326.075, lauv-roald, SmartX, 3.116
1622111326.574, lauv-roald, SmartX, 3.119
1622111327.074, lauv-roald, SmartX, 3.121
1622111327.574, lauv-roald, SmartX, 3.121
1622111328.074, lauv-roald, SmartX, 3.121
1622111328.574, lauv-roald, SmartX, 3.121
1622111329.074, lauv-roald, SmartX, 3.119
1622111329.574, lauv-roald, SmartX, 3.117
1622111330.074, lauv-roald, SmartX, 3.118
1622111330.574, lauv-roald, SmartX, 3.120
1622111331.074, lauv-roald, SmartX, 3.120
1622111331.574, lauv-roald, SmartX, 3.122
1622111332.074, lauv-roald, SmartX, 3.122
1622111332.574, lauv-roald, SmartX, 3.122
1622111333.074, lauv-roald, SmartX, 3.122
1622111333.574, lauv-roald, SmartX, 3.122
1622111334.074, lauv-roald, SmartX, 3.121
1622111334.574, lauv-roald, SmartX, 3.119
1622111335.073, lauv-roald, SmartX, 3.119
1622111335.573, lauv-roald, SmartX, 3.120
1622111336.074, lauv-roald, SmartX, 3.120
1622111336.573, lauv-roald, SmartX, 3.120
1622111337.074, lauv-roald, SmartX, 3.119
1622111337.573, lauv-roald, SmartX, 3.120
1622111338.073, lauv-roald, SmartX, 3.121
1622111338.573, lauv-roald, SmartX, 3.120
1622111339.073, lauv-roald, SmartX, 3.121
1622111339.573, lauv-roald, SmartX, 3.121
1622111340.073, lauv-roald, SmartX, 3.121
1622111340.573, lauv-roald, SmartX, 3.121
1622111341.073, lauv-roald, SmartX, 3.122
1622111341.573, lauv-roald, SmartX, 3.123
1622111342.073, lauv-roald, SmartX, 3.123
1622111342.573, lauv-roald, SmartX, 3.122
1622111343.073, lauv-roald, SmartX, 3.123
1622111343.573, lauv-roald, SmartX, 3.123
1622111344.073, lauv-roald, SmartX, 3.123
1622111344.573, lauv-roald, SmartX, 3.121
1622111345.073, lauv-roald, SmartX, 3.122
1622111345.573, lauv-roald, SmartX, 3.122
1622111346.073, lauv-roald, SmartX, 3.122
1622111346.573, lauv-roald, SmartX, 3.122
1622111347.073, lauv-roald, SmartX, 3.123
1622111347.573, lauv-roald, SmartX, 3.124
1622111348.073, lauv-roald, SmartX, 3.124
1622111348.573, lauv-roald, SmartX, 3.122
1622111349.073, lauv-roald, SmartX, 3.122
1622111349.572, lauv-roald, SmartX, 3.121
1622111350.072, lauv-roald, SmartX, 3.120
1622111350.573, lauv-roald, SmartX, 3.122
1622111351.073, lauv-roald, SmartX, 3.122
1622111351.573, lauv-roald, SmartX, 3.123
1622111352.072, lauv-roald, SmartX, 3.123
1622111352.572, lauv-roald, SmartX, 3.123
1622111353.072, lauv-roald, SmartX, 3.118
1622111353.573, lauv-roald, SmartX, 3.113
1622111354.072, lauv-roald, SmartX, 3.113
1622111354.572, lauv-roald, SmartX, 3.112
1622111355.072, lauv-roald, SmartX, 3.117
1622111355.572, lauv-roald, SmartX, 3.119
1622111356.072, lauv-roald, SmartX, 3.119
1622111356.572, lauv-roald, SmartX, 3.120
1622111357.072, lauv-roald, SmartX, 3.119
1622111357.572, lauv-roald, SmartX, 3.120
1622111358.072, lauv-roald, SmartX, 3.119
1622111358.572, lauv-roald, SmartX, 3.118
1622111359.072, lauv-roald, SmartX, 3.119
1622111359.572, lauv-roald, SmartX, 3.119
1622111360.072, lauv-roald, SmartX, 3.118
1622111360.572, lauv-roald, SmartX, 3.117
1622111361.072, lauv-roald, SmartX, 3.117
1622111361.572, lauv-roald, SmartX, 3.117
1622111362.072, lauv-roald, SmartX, 3.117
1622111362.572, lauv-roald, SmartX, 3.118
1622111363.072, lauv-roald, SmartX, 3.117
1622111363.572, lauv-roald, SmartX, 3.116
1622111364.072, lauv-roald, SmartX, 3.115
1622111364.572, lauv-roald, SmartX, 3.114
1622111365.072, lauv-roald, SmartX, 3.112
1622111365.572, lauv-roald, SmartX, 3.113
1622111366.072, lauv-roald, SmartX, 3.114
1622111366.571, lauv-roald, SmartX, 3.115
1622111367.071, lauv-roald, SmartX, 3.116
1622111367.571, lauv-roald, SmartX, 3.116
1622111368.071, lauv-roald, SmartX, 3.117
1622111368.571, lauv-roald, SmartX, 3.118
1622111369.071, lauv-roald, SmartX, 3.118
1622111369.571, lauv-roald, SmartX, 3.118
1622111370.071, lauv-roald, SmartX, 3.117
1622111370.571, lauv-roald, SmartX, 3.116
1622111371.071, lauv-roald, SmartX, 3.110
1622111371.571, lauv-roald, SmartX, 3.110
1622111372.071, lauv-roald, SmartX, 3.111
1622111372.571, lauv-roald, SmartX, 3.112
1622111373.071, lauv-roald, SmartX, 3.113
1622111373.571, lauv-roald, SmartX, 3.113
1622111374.071, lauv-roald, SmartX, 3.114
1622111374.571, lauv-roald, SmartX, 3.114
1622111375.071, lauv-roald, SmartX, 3.113
1622111375.571, lauv-roald, SmartX, 3.113
1622111376.071, lauv-roald, SmartX, 3.112
1622111376.571, lauv-roald, SmartX, 3.109
1622111377.071, lauv-roald, SmartX, 3.106
1622111377.571, lauv-roald, SmartX, 3.107
1622111378.071, lauv-roald, SmartX, 3.110
1622111378.571, lauv-roald, SmartX, 3.110
1622111379.070, lauv-roald, SmartX, 3.111
1622111379.571, lauv-roald, SmartX, 3.111
1622111380.070, lauv-roald, SmartX, 3.111
1622111380.571, lauv-roald, SmartX, 3.111
1622111381.070, lauv-roald, SmartX, 3.110
1622111381.570, lauv-roald, SmartX, 3.110
1622111382.070, lauv-roald, SmartX, 3.110
1622111382.570, lauv-roald, SmartX, 3.110
1622111383.070, lauv-roald, SmartX, 3.110
1622111383.570, lauv-roald, SmartX, 3.109
1622111384.070, lauv-roald, SmartX, 3.109
1622111384.570, lauv-roald, SmartX, 3.110
1622111385.070, lauv-roald, SmartX, 3.110
1622111385.570, lauv-roald, SmartX, 3.110
1622111386.070, lauv-roald, SmartX, 3.108
1622111386.570, lauv-roald, SmartX, 3.104
1622111387.070, lauv-roald, SmartX, 3.103
1622111387.570, lauv-roald, SmartX, 3.104
1622111388.070, lauv-roald, SmartX, 3.106
1622111388.570, lauv-roald, SmartX, 3.107
1622111389.070, lauv-roald, SmartX, 3.108
1622111389.570, lauv-roald, SmartX, 3.108
1622111390.070, lauv-roald, SmartX, 3.109
1622111390.570, lauv-roald, SmartX, 3.108
1622111391.070, lauv-roald, SmartX, 3.106
1622111391.570, lauv-roald, SmartX, 3.106
1622111392.070, lauv-roald, SmartX, 3.106
1622111392.570, lauv-roald, SmartX, 3.106
1622111393.069, lauv-roald, SmartX, 3.107
1622111393.570, lauv-roald, SmartX, 3.108
1622111394.070, lauv-roald, SmartX, 3.108
1622111394.570, lauv-roald, SmartX, 3.109
1622111395.069, lauv-roald, SmartX, 3.109
1622111395.569, lauv-roald, SmartX, 3.109
1622111396.069, lauv-roald, SmartX, 3.109
1622111396.569, lauv-roald, SmartX, 3.109
1622111397.069, lauv-roald, SmartX, 3.108
1622111397.569, lauv-roald, SmartX, 3.108
1622111398.069, lauv-roald, SmartX, 3.108
1622111398.569, lauv-roald, SmartX, 3.107
1622111399.069, lauv-roald, SmartX, 3.107
1622111399.569, lauv-roald, SmartX, 3.106
1622111400.069, lauv-roald, SmartX, 3.106
1622111400.569, lauv-roald, SmartX, 3.106
1622111401.069, lauv-roald, SmartX, 3.106
1622111401.569, lauv-roald, SmartX, 3.105
1622111402.069, lauv-roald, SmartX, 3.106
1622111402.569, lauv-roald, SmartX, 3.106
1622111403.069, lauv-roald, SmartX, 3.106
1622111403.569, lauv-roald, SmartX, 3.106
1622111404.069, lauv-roald, SmartX, 3.105
1622111404.569, lauv-roald, SmartX, 3.106
1622111405.069, lauv-roald, SmartX, 3.105
1622111405.569, lauv-roald, SmartX, 3.103
1622111406.069, lauv-roald, SmartX, 3.105
1622111406.569, lauv-roald, SmartX, 3.105
1622111407.069, lauv-roald, SmartX, 3.105
1622111407.569, lauv-roald, SmartX, 3.106
1622111408.069, lauv-roald, SmartX, 3.106
1622111408.569, lauv-roald, SmartX, 3.106
1622111409.069, lauv-roald, SmartX, 3.105
1622111409.569, lauv-roald, SmartX, 3.105
1622111410.068, lauv-roald, SmartX, 3.106
1622111410.568, lauv-roald, SmartX, 3.106
1622111411.068, lauv-roald, SmartX, 3.106
1622111411.568, lauv-roald, SmartX, 3.105
1622111412.068, lauv-roald, SmartX, 3.103
1622111412.568, lauv-roald, SmartX, 3.105
1622111413.068, lauv-roald, SmartX, 3.104
1622111413.568, lauv-roald, SmartX, 3.104
1622111414.068, lauv-roald, SmartX, 3.102
1622111414.568, lauv-roald, SmartX, 3.100
1622111415.068, lauv-roald, SmartX, 3.100
1622111415.568, lauv-roald, SmartX, 3.099
1622111416.068, lauv-roald, SmartX, 3.099
1622111416.568, lauv-roald, SmartX, 3.098
1622111417.068, lauv-roald, SmartX, 3.097
1622111417.568, lauv-roald, SmartX, 3.097
1622111418.068, lauv-roald, SmartX, 3.097
1622111418.568, lauv-roald, SmartX, 3.097
1622111419.068, lauv-roald, SmartX, 3.097
1622111419.568, lauv-roald, SmartX, 3.097
1622111420.068, lauv-roald, SmartX, 3.097
1622111420.568, lauv-roald, SmartX, 3.097
1622111421.068, lauv-roald, SmartX, 3.097
1622111421.568, lauv-roald, SmartX, 3.097
1622111422.068, lauv-roald, SmartX, 3.097
1622111422.568, lauv-roald, SmartX, 3.097
1622111423.068, lauv-roald, SmartX, 3.097
1622111423.568, lauv-roald, SmartX, 3.097
1622111424.068, lauv-roald, SmartX, 3.097
1622111424.568, lauv-roald, SmartX, 3.097
1622111425.068, lauv-roald, SmartX, 3.097
1622111425.568, lauv-roald, SmartX, 3.098
1622111426.068, lauv-roald, SmartX, 3.098
1622111426.567, lauv-roald, SmartX, 3.098
1622111427.067, lauv-roald, SmartX, 3.098
1622111427.567, lauv-roald, SmartX, 3.099
1622111428.067, lauv-roald, SmartX, 3.099
1622111428.567, lauv-roald, SmartX, 3.099
1622111429.067, lauv-roald, SmartX, 3.099
1622111429.567, lauv-roald, SmartX, 3.099
1622111430.067, lauv-roald, SmartX, 3.098
1622111430.567, lauv-roald, SmartX, 3.098
1622111431.067, lauv-roald, SmartX, 3.098
1622111431.567, lauv-roald, SmartX, 3.098
1622111432.067, lauv-roald, SmartX, 3.098
1622111432.567, lauv-roald, SmartX, 3.098
1622111433.067, lauv-roald, SmartX, 3.098
1622111433.567, lauv-roald, SmartX, 3.097
1622111434.067, lauv-roald, SmartX, 3.097
1622111434.567, lauv-roald, SmartX, 3.098
1622111435.067, lauv-roald, SmartX, 3.098
1622111435.567, lauv-roald, SmartX, 3.098
1622111436.067, lauv-roald, SmartX, 3.098
1622111436.567, lauv-roald, SmartX, 3.098
1622111437.067, lauv-roald, SmartX, 3.098
1622111437.567, lauv-roald, SmartX, 3.098
1622111438.067, lauv-roald, SmartX, 3.098
1622111438.567, lauv-roald, SmartX, 3.098
1622111439.066, lauv-roald, SmartX, 3.099
1622111439.567, lauv-roald, SmartX, 3.098
1622111440.067, lauv-roald, SmartX, 3.098
1622111440.567, lauv-roald, SmartX, 3.099
1622111441.066, lauv-roald, SmartX, 3.099
1622111441.567, lauv-roald, SmartX, 3.098
1622111442.066, lauv-roald, SmartX, 3.098
1622111442.566, lauv-roald, SmartX, 3.098
1622111443.066, lauv-roald, SmartX, 3.098
1622111443.566, lauv-roald, SmartX, 3.098
1622111444.066, lauv-roald, SmartX, 3.098
1622111444.566, lauv-roald, SmartX, 3.098
1622111445.066, lauv-roald, SmartX, 3.098
1622111445.566, lauv-roald, SmartX, 3.098
1622111446.066, lauv-roald, SmartX, 3.098
1622111446.566, lauv-roald, SmartX, 3.098
1622111447.066, lauv-roald, SmartX, 3.098
1622111447.566, lauv-roald, SmartX, 3.099
1622111448.066, lauv-roald, SmartX, 3.099
1622111448.566, lauv-roald, SmartX, 3.099
1622111449.066, lauv-roald, SmartX, 3.099
1622111449.566, lauv-roald, SmartX, 3.099
1622111450.066, lauv-roald, SmartX, 3.099
1622111450.566, lauv-roald, SmartX, 3.099
1622111451.066, lauv-roald, SmartX, 3.099
1622111451.566, lauv-roald, SmartX, 3.099
1622111452.066, lauv-roald, SmartX, 3.099
1622111452.566, lauv-roald, SmartX, 3.100
1622111453.066, lauv-roald, SmartX, 3.099
1622111453.566, lauv-roald, SmartX, 3.100
1622111454.065, lauv-roald, SmartX, 3.100
1622111454.566, lauv-roald, SmartX, 3.100
1622111455.065, lauv-roald, SmartX, 3.100
1622111455.565, lauv-roald, SmartX, 3.101
1622111456.065, lauv-roald, SmartX, 3.101
1622111456.565, lauv-roald, SmartX, 3.101
1622111457.067, lauv-roald, SmartX, 3.101
1622111457.565, lauv-roald, SmartX, 3.102
1622111458.065, lauv-roald, SmartX, 3.102
1622111458.565, lauv-roald, SmartX, 3.102
1622111459.065, lauv-roald, SmartX, 3.102
1622111459.565, lauv-roald, SmartX, 3.102
1622111460.065, lauv-roald, SmartX, 3.102
1622111460.565, lauv-roald, SmartX, 3.102
1622111461.065, lauv-roald, SmartX, 3.102
1622111461.565, lauv-roald, SmartX, 3.102
1622111462.065, lauv-roald, SmartX, 3.102
1622111462.565, lauv-roald, SmartX, 3.102
1622111463.065, lauv-roald, SmartX, 3.102
1622111463.565, lauv-roald, SmartX, 3.102
1622111464.065, lauv-roald, SmartX, 3.102
1622111464.565, lauv-roald, SmartX, 3.102
1622111465.065, lauv-roald, SmartX, 3.102
1622111465.565, lauv-roald, SmartX, 3.101
1622111466.065, lauv-roald, SmartX, 3.101
1622111466.565, lauv-roald, SmartX, 3.102
1622111467.065, lauv-roald, SmartX, 3.102
1622111467.565, lauv-roald, SmartX, 3.101
1622111468.065, lauv-roald, SmartX, 3.101
1622111468.565, lauv-roald, SmartX, 3.102
1622111469.065, lauv-roald, SmartX, 3.102
1622111469.565, lauv-roald, SmartX, 3.101
1622111470.065, lauv-roald, SmartX, 3.101
1622111470.564, lauv-roald, SmartX, 3.102
1622111471.064, lauv-roald, SmartX, 3.101
1622111471.565, lauv-roald, SmartX, 3.102
1622111472.064, lauv-roald, SmartX, 3.102
1622111472.564, lauv-roald, SmartX, 3.102
1622111473.064, lauv-roald, SmartX, 3.102
1622111473.564, lauv-roald, SmartX, 3.103
1622111474.064, lauv-roald, SmartX, 3.103
1622111474.564, lauv-roald, SmartX, 3.103
1622111475.064, lauv-roald, SmartX, 3.104
1622111475.564, lauv-roald, SmartX, 3.104
1622111476.064, lauv-roald, SmartX, 3.105
1622111476.564, lauv-roald, SmartX, 3.104
1622111477.064, lauv-roald, SmartX, 3.104
1622111477.564, lauv-roald, SmartX, 3.105
1622111478.064, lauv-roald, SmartX, 3.105
1622111478.564, lauv-roald, SmartX, 3.105
1622111479.064, lauv-roald, SmartX, 3.104
1622111479.564, lauv-roald, SmartX, 3.105
1622111480.064, lauv-roald, SmartX, 3.105
1622111480.564, lauv-roald, SmartX, 3.105
1622111481.064, lauv-roald, SmartX, 3.106
1622111481.564, lauv-roald, SmartX, 3.106
1622111482.064, lauv-roald, SmartX, 3.106
1622111482.564, lauv-roald, SmartX, 3.106
1622111483.064, lauv-roald, SmartX, 3.106
1622111483.564, lauv-roald, SmartX, 3.107
1622111484.064, lauv-roald, SmartX, 3.107
1622111484.563, lauv-roald, SmartX, 3.106
1622111485.063, lauv-roald, SmartX, 3.106
1622111485.563, lauv-roald, SmartX, 3.106
1622111486.063, lauv-roald, SmartX, 3.106
1622111486.563, lauv-roald, SmartX, 3.107
1622111487.063, lauv-roald, SmartX, 3.107
1622111487.563, lauv-roald, SmartX, 3.107
1622111488.063, lauv-roald, SmartX, 3.107
1622111488.563, lauv-roald, SmartX, 3.108
1622111489.063, lauv-roald, SmartX, 3.109
1622111489.563, lauv-roald, SmartX, 3.110
1622111490.063, lauv-roald, SmartX, 3.111
1622111490.563, lauv-roald, SmartX, 3.111
1622111491.063, lauv-roald, SmartX, 3.110
1622111491.563, lauv-roald, SmartX, 3.109
1622111492.064, lauv-roald, SmartX, 3.109
1622111492.563, lauv-roald, SmartX, 3.108
1622111493.063, lauv-roald, SmartX, 3.108
1622111493.563, lauv-roald, SmartX, 3.108
1622111494.063, lauv-roald, SmartX, 3.108
1622111494.563, lauv-roald, SmartX, 3.109
1622111495.063, lauv-roald, SmartX, 3.108
1622111495.563, lauv-roald, SmartX, 3.108
1622111496.063, lauv-roald, SmartX, 3.108
1622111496.563, lauv-roald, SmartX, 3.108
1622111497.063, lauv-roald, SmartX, 3.108
1622111497.563, lauv-roald, SmartX, 3.108
1622111498.063, lauv-roald, SmartX, 3.109
1622111498.563, lauv-roald, SmartX, 3.109
1622111499.063, lauv-roald, SmartX, 3.110
1622111499.562, lauv-roald, SmartX, 3.110
1622111500.063, lauv-roald, SmartX, 3.110
1622111500.562, lauv-roald, SmartX, 3.111
1622111501.063, lauv-roald, SmartX, 3.111
1622111501.562, lauv-roald, SmartX, 3.112
1622111502.062, lauv-roald, SmartX, 3.112
1622111502.562, lauv-roald, SmartX, 3.112
1622111503.062, lauv-roald, SmartX, 3.112
1622111503.562, lauv-roald, SmartX, 3.112
1622111504.062, lauv-roald, SmartX, 3.113
1622111504.562, lauv-roald, SmartX, 3.113
1622111505.062, lauv-roald, SmartX, 3.112
1622111505.562, lauv-roald, SmartX, 3.112
1622111506.062, lauv-roald, SmartX, 3.112
1622111506.562, lauv-roald, SmartX, 3.112
1622111507.062, lauv-roald, SmartX, 3.112
1622111507.562, lauv-roald, SmartX, 3.113
1622111508.062, lauv-roald, SmartX, 3.114
1622111508.562, lauv-roald, SmartX, 3.114
1622111509.062, lauv-roald, SmartX, 3.115
1622111509.562, lauv-roald, SmartX, 3.115
1622111510.062, lauv-roald, SmartX, 3.115
1622111510.562, lauv-roald, SmartX, 3.115
1622111511.062, lauv-roald, SmartX, 3.115
1622111511.562, lauv-roald, SmartX, 3.115
1622111512.062, lauv-roald, SmartX, 3.115
1622111512.562, lauv-roald, SmartX, 3.115
1622111513.062, lauv-roald, SmartX, 3.116
1622111513.562, lauv-roald, SmartX, 3.116
1622111514.061, lauv-roald, SmartX, 3.116
1622111514.562, lauv-roald, SmartX, 3.117
1622111515.062, lauv-roald, SmartX, 3.117
1622111515.562, lauv-roald, SmartX, 3.118
1622111516.061, lauv-roald, SmartX, 3.116
1622111516.561, lauv-roald, SmartX, 3.114
1622111517.061, lauv-roald, SmartX, 3.115
1622111517.561, lauv-roald, SmartX, 3.118
1622111518.061, lauv-roald, SmartX, 3.118
1622111518.561, lauv-roald, SmartX, 3.118
1622111519.061, lauv-roald, SmartX, 3.118
1622111519.561, lauv-roald, SmartX, 3.118
1622111520.061, lauv-roald, SmartX, 3.118
1622111520.561, lauv-roald, SmartX, 3.119
1622111521.061, lauv-roald, SmartX, 3.120
1622111521.561, lauv-roald, SmartX, 3.121
1622111522.061, lauv-roald, SmartX, 3.120
1622111522.561, lauv-roald, SmartX, 3.120
1622111523.061, lauv-roald, SmartX, 3.121
1622111523.561, lauv-roald, SmartX, 3.121
1622111524.061, lauv-roald, SmartX, 3.122
1622111524.561, lauv-roald, SmartX, 3.122
1622111525.061, lauv-roald, SmartX, 3.122
1622111525.561, lauv-roald, SmartX, 3.122
1622111526.061, lauv-roald, SmartX, 3.122
1622111526.561, lauv-roald, SmartX, 3.121
1622111527.061, lauv-roald, SmartX, 3.120
1622111527.561, lauv-roald, SmartX, 3.119
1622111528.061, lauv-roald, SmartX, 3.119
1622111528.561, lauv-roald, SmartX, 3.119
1622111529.061, lauv-roald, SmartX, 3.120
1622111529.561, lauv-roald, SmartX, 3.120
1622111530.060, lauv-roald, SmartX, 3.120
1622111530.561, lauv-roald, SmartX, 3.121
1622111531.060, lauv-roald, SmartX, 3.121
1622111531.561, lauv-roald, SmartX, 3.121
1622111532.060, lauv-roald, SmartX, 3.122
1622111532.560, lauv-roald, SmartX, 3.122
1622111533.060, lauv-roald, SmartX, 3.122
1622111533.560, lauv-roald, SmartX, 3.122
1622111534.060, lauv-roald, SmartX, 3.120
1622111534.560, lauv-roald, SmartX, 3.120
1622111535.060, lauv-roald, SmartX, 3.121
1622111535.560, lauv-roald, SmartX, 3.121
1622111536.060, lauv-roald, SmartX, 3.122
1622111536.560, lauv-roald, SmartX, 3.122
1622111537.060, lauv-roald, SmartX, 3.123
1622111537.560, lauv-roald, SmartX, 3.122
1622111538.060, lauv-roald, SmartX, 3.123
1622111538.560, lauv-roald, SmartX, 3.123
1622111539.060, lauv-roald, SmartX, 3.122
1622111539.560, lauv-roald, SmartX, 3.123
1622111540.060, lauv-roald, SmartX, 3.123
1622111540.560, lauv-roald, SmartX, 3.123
1622111541.060, lauv-roald, SmartX, 3.123
1622111541.560, lauv-roald, SmartX, 3.123
1622111542.060, lauv-roald, SmartX, 3.123
1622111542.560, lauv-roald, SmartX, 3.123
1622111543.060, lauv-roald, SmartX, 3.124
1622111543.560, lauv-roald, SmartX, 3.123
1622111544.060, lauv-roald, SmartX, 3.124
1622111544.560, lauv-roald, SmartX, 3.124
1622111545.059, lauv-roald, SmartX, 3.123
1622111545.559, lauv-roald, SmartX, 3.124
1622111546.060, lauv-roald, SmartX, 3.123
1622111546.559, lauv-roald, SmartX, 3.123
1622111547.059, lauv-roald, SmartX, 3.123
1622111547.559, lauv-roald, SmartX, 3.123
1622111548.059, lauv-roald, SmartX, 3.123
1622111548.559, lauv-roald, SmartX, 3.123
1622111549.059, lauv-roald, SmartX, 3.123
1622111549.559, lauv-roald, SmartX, 3.123
1622111550.059, lauv-roald, SmartX, 3.122
1622111550.559, lauv-roald, SmartX, 3.123
1622111551.059, lauv-roald, SmartX, 3.122
1622111551.559, lauv-roald, SmartX, 3.122
1622111552.059, lauv-roald, SmartX, 3.122
1622111552.559, lauv-roald, SmartX, 3.121
1622111553.059, lauv-roald, SmartX, 3.121
1622111553.559, lauv-roald, SmartX, 3.121
1622111554.059, lauv-roald, SmartX, 3.121
1622111554.559, lauv-roald, SmartX, 3.121
1622111555.059, lauv-roald, SmartX, 3.121
1622111555.559, lauv-roald, SmartX, 3.121
1622111556.059, lauv-roald, SmartX, 3.122
1622111556.559, lauv-roald, SmartX, 3.122
1622111557.059, lauv-roald, SmartX, 3.121
1622111557.559, lauv-roald, SmartX, 3.122
1622111558.059, lauv-roald, SmartX, 3.121
1622111558.558, lauv-roald, SmartX, 3.121
1622111559.059, lauv-roald, SmartX, 3.122
1622111559.559, lauv-roald, SmartX, 3.122
1622111560.058, lauv-roald, SmartX, 3.122
1622111560.558, lauv-roald, SmartX, 3.121
1622111561.058, lauv-roald, SmartX, 3.122
1622111561.558, lauv-roald, SmartX, 3.122
1622111562.058, lauv-roald, SmartX, 3.122
1622111562.558, lauv-roald, SmartX, 3.122
1622111563.058, lauv-roald, SmartX, 3.122
1622111563.558, lauv-roald, SmartX, 3.122
1622111564.058, lauv-roald, SmartX, 3.122
1622111564.558, lauv-roald, SmartX, 3.122
1622111565.058, lauv-roald, SmartX, 3.122
1622111565.558, lauv-roald, SmartX, 3.122
1622111566.058, lauv-roald, SmartX, 3.121
1622111566.558, lauv-roald, SmartX, 3.121
1622111567.058, lauv-roald, SmartX, 3.121
1622111567.558, lauv-roald, SmartX, 3.120
1622111568.058, lauv-roald, SmartX, 3.119
1622111568.558, lauv-roald, SmartX, 3.120
1622111569.058, lauv-roald, SmartX, 3.120
1622111569.558, lauv-roald, SmartX, 3.119
1622111570.058, lauv-roald, SmartX, 3.118
1622111570.558, lauv-roald, SmartX, 3.116
1622111571.058, lauv-roald, SmartX, 3.115
1622111571.558, lauv-roald, SmartX, 3.115
1622111572.057, lauv-roald, SmartX, 3.114
1622111572.558, lauv-roald, SmartX, 3.114
1622111573.058, lauv-roald, SmartX, 3.114
1622111573.558, lauv-roald, SmartX, 3.114
1622111574.057, lauv-roald, SmartX, 3.115
1622111574.557, lauv-roald, SmartX, 3.115
1622111575.057, lauv-roald, SmartX, 3.116
1622111575.557, lauv-roald, SmartX, 3.116
1622111576.057, lauv-roald, SmartX, 3.116
1622111576.557, lauv-roald, SmartX, 3.115
1622111577.057, lauv-roald, SmartX, 3.115
1622111577.557, lauv-roald, SmartX, 3.115
1622111578.057, lauv-roald, SmartX, 3.115
1622111578.557, lauv-roald, SmartX, 3.115
1622111579.057, lauv-roald, SmartX, 3.115
1622111579.557, lauv-roald, SmartX, 3.115
1622111580.057, lauv-roald, SmartX, 3.115
1622111580.557, lauv-roald, SmartX, 3.116
1622111581.057, lauv-roald, SmartX, 3.116
1622111581.557, lauv-roald, SmartX, 3.117
1622111582.057, lauv-roald, SmartX, 3.118
1622111582.557, lauv-roald, SmartX, 3.118
1622111583.057, lauv-roald, SmartX, 3.119
1622111583.557, lauv-roald, SmartX, 3.120
1622111584.057, lauv-roald, SmartX, 3.120
1622111584.557, lauv-roald, SmartX, 3.120
1622111585.057, lauv-roald, SmartX, 3.121
1622111585.556, lauv-roald, SmartX, 3.120
1622111586.057, lauv-roald, SmartX, 3.120
1622111586.557, lauv-roald, SmartX, 3.121
1622111587.057, lauv-roald, SmartX, 3.121
1622111587.556, lauv-roald, SmartX, 3.121
1622111588.057, lauv-roald, SmartX, 3.121
1622111588.556, lauv-roald, SmartX, 3.121
1622111589.057, lauv-roald, SmartX, 3.121
1622111589.556, lauv-roald, SmartX, 3.121
1622111590.057, lauv-roald, SmartX, 3.121
1622111590.556, lauv-roald, SmartX, 3.121
1622111591.057, lauv-roald, SmartX, 3.121
1622111591.556, lauv-roald, SmartX, 3.119
1622111592.057, lauv-roald, SmartX, 3.120
1622111592.556, lauv-roald, SmartX, 3.119
1622111593.056, lauv-roald, SmartX, 3.120
1622111593.556, lauv-roald, SmartX, 3.120
1622111594.057, lauv-roald, SmartX, 3.121
1622111594.556, lauv-roald, SmartX, 3.120
1622111595.056, lauv-roald, SmartX, 3.121
1622111595.556, lauv-roald, SmartX, 3.120
1622111596.056, lauv-roald, SmartX, 3.120
1622111596.556, lauv-roald, SmartX, 3.120
1622111597.056, lauv-roald, SmartX, 3.121
1622111597.556, lauv-roald, SmartX, 3.120
1622111598.056, lauv-roald, SmartX, 3.120
1622111598.556, lauv-roald, SmartX, 3.119
1622111599.056, lauv-roald, SmartX, 3.120
1622111599.556, lauv-roald, SmartX, 3.119
1622111600.056, lauv-roald, SmartX, 3.119
1622111600.556, lauv-roald, SmartX, 3.118
1622111601.056, lauv-roald, SmartX, 3.119
1622111601.556, lauv-roald, SmartX, 3.120
1622111602.055, lauv-roald, SmartX, 3.120
1622111602.556, lauv-roald, SmartX, 3.120
1622111603.056, lauv-roald, SmartX, 3.119
1622111603.555, lauv-roald, SmartX, 3.119
1622111604.056, lauv-roald, SmartX, 3.120
1622111604.555, lauv-roald, SmartX, 3.118
1622111605.055, lauv-roald, SmartX, 3.118
1622111605.555, lauv-roald, SmartX, 3.118
1622111606.055, lauv-roald, SmartX, 3.118
1622111606.555, lauv-roald, SmartX, 3.118
1622111607.055, lauv-roald, SmartX, 3.118
1622111607.555, lauv-roald, SmartX, 3.119
1622111608.055, lauv-roald, SmartX, 3.119
1622111608.555, lauv-roald, SmartX, 3.119
1622111609.055, lauv-roald, SmartX, 3.120
1622111609.555, lauv-roald, SmartX, 3.120
1622111610.055, lauv-roald, SmartX, 3.120
1622111610.555, lauv-roald, SmartX, 3.121
1622111611.055, lauv-roald, SmartX, 3.121
1622111611.555, lauv-roald, SmartX, 3.121
1622111612.055, lauv-roald, SmartX, 3.121
1622111612.555, lauv-roald, SmartX, 3.121
1622111613.055, lauv-roald, SmartX, 3.121
1622111613.555, lauv-roald, SmartX, 3.120
1622111614.055, lauv-roald, SmartX, 3.119
1622111614.555, lauv-roald, SmartX, 3.118
1622111615.055, lauv-roald, SmartX, 3.117
1622111615.555, lauv-roald, SmartX, 3.117
1622111616.054, lauv-roald, SmartX, 3.116
1622111616.554, lauv-roald, SmartX, 3.115
1622111617.055, lauv-roald, SmartX, 3.115
1622111617.555, lauv-roald, SmartX, 3.112
1622111618.054, lauv-roald, SmartX, 3.110
1622111618.554, lauv-roald, SmartX, 3.109
1622111619.054, lauv-roald, SmartX, 3.108
1622111619.554, lauv-roald, SmartX, 3.106
1622111620.054, lauv-roald, SmartX, 3.105
1622111620.554, lauv-roald, SmartX, 3.104
1622111621.054, lauv-roald, SmartX, 3.103
1622111621.554, lauv-roald, SmartX, 3.104
1622111622.054, lauv-roald, SmartX, 3.104
1622111622.554, lauv-roald, SmartX, 3.104
1622111623.054, lauv-roald, SmartX, 3.104
1622111623.554, lauv-roald, SmartX, 3.104
1622111624.054, lauv-roald, SmartX, 3.105
1622111624.554, lauv-roald, SmartX, 3.105
1622111625.054, lauv-roald, SmartX, 3.105
1622111625.554, lauv-roald, SmartX, 3.105
1622111626.054, lauv-roald, SmartX, 3.105
1622111626.554, lauv-roald, SmartX, 3.106
1622111627.054, lauv-roald, SmartX, 3.106
1622111627.554, lauv-roald, SmartX, 3.106
1622111628.054, lauv-roald, SmartX, 3.106
1622111628.554, lauv-roald, SmartX, 3.105
1622111629.054, lauv-roald, SmartX, 3.103
1622111629.554, lauv-roald, SmartX, 3.102
1622111630.053, lauv-roald, SmartX, 3.100
1622111630.554, lauv-roald, SmartX, 3.100
1622111631.054, lauv-roald, SmartX, 3.099
1622111631.554, lauv-roald, SmartX, 3.099
1622111632.054, lauv-roald, SmartX, 3.098
1622111632.553, lauv-roald, SmartX, 3.098
1622111633.053, lauv-roald, SmartX, 3.098
1622111633.553, lauv-roald, SmartX, 3.100
1622111634.053, lauv-roald, SmartX, 3.101
1622111634.553, lauv-roald, SmartX, 3.101
1622111635.053, lauv-roald, SmartX, 3.101
1622111635.553, lauv-roald, SmartX, 3.101
1622111636.053, lauv-roald, SmartX, 3.101
1622111636.553, lauv-roald, SmartX, 3.101
1622111637.053, lauv-roald, SmartX, 3.101
1622111637.553, lauv-roald, SmartX, 3.101
1622111638.053, lauv-roald, SmartX, 3.101
1622111638.553, lauv-roald, SmartX, 3.100
1622111639.053, lauv-roald, SmartX, 3.100
1622111639.553, lauv-roald, SmartX, 3.100
1622111640.053, lauv-roald, SmartX, 3.100
1622111640.553, lauv-roald, SmartX, 3.101
1622111641.053, lauv-roald, SmartX, 3.101
1622111641.553, lauv-roald, SmartX, 3.102
1622111642.053, lauv-roald, SmartX, 3.102
1622111642.553, lauv-roald, SmartX, 3.104
1622111643.053, lauv-roald, SmartX, 3.105
1622111643.553, lauv-roald, SmartX, 3.106
1622111644.053, lauv-roald, SmartX, 3.107
1622111644.552, lauv-roald, SmartX, 3.108
1622111645.053, lauv-roald, SmartX, 3.107
1622111645.552, lauv-roald, SmartX, 3.108
1622111646.052, lauv-roald, SmartX, 3.106
1622111646.552, lauv-roald, SmartX, 3.106
1622111647.052, lauv-roald, SmartX, 3.105
1622111647.552, lauv-roald, SmartX, 3.104
1622111648.052, lauv-roald, SmartX, 3.103
1622111648.552, lauv-roald, SmartX, 3.103
1622111649.052, lauv-roald, SmartX, 3.103
1622111649.552, lauv-roald, SmartX, 3.103
1622111650.052, lauv-roald, SmartX, 3.103
1622111650.552, lauv-roald, SmartX, 3.103
1622111651.052, lauv-roald, SmartX, 3.103
1622111651.552, lauv-roald, SmartX, 3.102
1622111652.052, lauv-roald, SmartX, 3.101
1622111652.552, lauv-roald, SmartX, 3.100
1622111653.052, lauv-roald, SmartX, 3.099
1622111653.552, lauv-roald, SmartX, 3.098
1622111654.052, lauv-roald, SmartX, 3.098
1622111654.552, lauv-roald, SmartX, 3.097
1622111655.052, lauv-roald, SmartX, 3.098
1622111655.552, lauv-roald, SmartX, 3.098
1622111656.052, lauv-roald, SmartX, 3.098
1622111656.552, lauv-roald, SmartX, 3.097
1622111657.052, lauv-roald, SmartX, 3.096
1622111657.552, lauv-roald, SmartX, 3.095
1622111658.052, lauv-roald, SmartX, 3.094
1622111658.552, lauv-roald, SmartX, 3.094
1622111659.052, lauv-roald, SmartX, 3.095
1622111659.552, lauv-roald, SmartX, 3.095
1622111660.052, lauv-roald, SmartX, 3.095
1622111660.551, lauv-roald, SmartX, 3.095
1622111661.052, lauv-roald, SmartX, 3.095
1622111661.551, lauv-roald, SmartX, 3.094
1622111662.052, lauv-roald, SmartX, 3.094
1622111662.551, lauv-roald, SmartX, 3.093
1622111663.051, lauv-roald, SmartX, 3.092
1622111663.551, lauv-roald, SmartX, 3.094
1622111664.051, lauv-roald, SmartX, 3.096
1622111664.551, lauv-roald, SmartX, 3.097
1622111665.051, lauv-roald, SmartX, 3.100
1622111665.551, lauv-roald, SmartX, 3.102
1622111666.051, lauv-roald, SmartX, 3.104
1622111666.551, lauv-roald, SmartX, 3.105
1622111667.051, lauv-roald, SmartX, 3.106
1622111667.551, lauv-roald, SmartX, 3.107
1622111668.051, lauv-roald, SmartX, 3.106
1622111668.551, lauv-roald, SmartX, 3.106
1622111669.051, lauv-roald, SmartX, 3.106
1622111669.551, lauv-roald, SmartX, 3.107
1622111670.051, lauv-roald, SmartX, 3.106
1622111670.551, lauv-roald, SmartX, 3.106
1622111671.051, lauv-roald, SmartX, 3.107
1622111671.551, lauv-roald, SmartX, 3.106
1622111672.051, lauv-roald, SmartX, 3.106
1622111672.550, lauv-roald, SmartX, 3.106
1622111673.051, lauv-roald, SmartX, 3.105
1622111673.551, lauv-roald, SmartX, 3.106
1622111674.051, lauv-roald, SmartX, 3.107
1622111674.550, lauv-roald, SmartX, 3.107
1622111675.050, lauv-roald, SmartX, 3.107
1622111675.550, lauv-roald, SmartX, 3.108
1622111676.051, lauv-roald, SmartX, 3.108
1622111676.550, lauv-roald, SmartX, 3.109
1622111677.050, lauv-roald, SmartX, 3.109
1622111677.550, lauv-roald, SmartX, 3.109
1622111678.050, lauv-roald, SmartX, 3.110
1622111678.550, lauv-roald, SmartX, 3.111
1622111679.050, lauv-roald, SmartX, 3.112
1622111679.550, lauv-roald, SmartX, 3.112
1622111680.050, lauv-roald, SmartX, 3.113
1622111680.550, lauv-roald, SmartX, 3.113
1622111681.050, lauv-roald, SmartX, 3.113
1622111681.550, lauv-roald, SmartX, 3.113
1622111682.050, lauv-roald, SmartX, 3.111
1622111682.550, lauv-roald, SmartX, 3.110
1622111683.050, lauv-roald, SmartX, 3.109
1622111683.550, lauv-roald, SmartX, 3.109
1622111684.050, lauv-roald, SmartX, 3.108
1622111684.550, lauv-roald, SmartX, 3.107
1622111685.050, lauv-roald, SmartX, 3.105
1622111685.550, lauv-roald, SmartX, 3.102
1622111686.050, lauv-roald, SmartX, 3.099
1622111686.550, lauv-roald, SmartX, 3.095
1622111687.050, lauv-roald, SmartX, 3.092
1622111687.550, lauv-roald, SmartX, 3.086
1622111688.050, lauv-roald, SmartX, 3.081
1622111688.550, lauv-roald, SmartX, 3.079
1622111689.050, lauv-roald, SmartX, 3.080
1622111689.550, lauv-roald, SmartX, 3.080
1622111690.050, lauv-roald, SmartX, 3.079
1622111690.550, lauv-roald, SmartX, 3.077
1622111691.050, lauv-roald, SmartX, 3.076
1622111691.550, lauv-roald, SmartX, 3.076
1622111692.050, lauv-roald, SmartX, 3.075
1622111692.549, lauv-roald, SmartX, 3.076
1622111693.049, lauv-roald, SmartX, 3.077
1622111693.549, lauv-roald, SmartX, 3.077
1622111694.049, lauv-roald, SmartX, 3.078
1622111694.549, lauv-roald, SmartX, 3.079
1622111695.049, lauv-roald, SmartX, 3.082
1622111695.549, lauv-roald, SmartX, 3.083
1622111696.050, lauv-roald, SmartX, 3.084
1622111696.549, lauv-roald, SmartX, 3.084
1622111697.049, lauv-roald, SmartX, 3.085
1622111697.549, lauv-roald, SmartX, 3.085
1622111698.049, lauv-roald, SmartX, 3.086
1622111698.549, lauv-roald, SmartX, 3.085
1622111699.049, lauv-roald, SmartX, 3.084
1622111699.549, lauv-roald, SmartX, 3.081
1622111700.049, lauv-roald, SmartX, 3.078
1622111700.549, lauv-roald, SmartX, 3.077
1622111701.049, lauv-roald, SmartX, 3.075
1622111701.549, lauv-roald, SmartX, 3.073
1622111702.049, lauv-roald, SmartX, 3.073
1622111702.549, lauv-roald, SmartX, 3.072
1622111703.049, lauv-roald, SmartX, 3.072
1622111703.549, lauv-roald, SmartX, 3.073
1622111704.049, lauv-roald, SmartX, 3.073
1622111704.549, lauv-roald, SmartX, 3.072
1622111705.049, lauv-roald, SmartX, 3.071
1622111705.549, lauv-roald, SmartX, 3.070
1622111706.049, lauv-roald, SmartX, 3.070
1622111706.549, lauv-roald, SmartX, 3.069
1622111707.049, lauv-roald, SmartX, 3.068
1622111707.548, lauv-roald, SmartX, 3.069
1622111708.048, lauv-roald, SmartX, 3.071
1622111708.548, lauv-roald, SmartX, 3.071
1622111709.048, lauv-roald, SmartX, 3.072
1622111709.548, lauv-roald, SmartX, 3.073
1622111710.048, lauv-roald, SmartX, 3.075
1622111710.548, lauv-roald, SmartX, 3.078
1622111711.048, lauv-roald, SmartX, 3.079
1622111711.548, lauv-roald, SmartX, 3.079
1622111712.048, lauv-roald, SmartX, 3.080
1622111712.548, lauv-roald, SmartX, 3.082
1622111713.048, lauv-roald, SmartX, 3.085
1622111713.548, lauv-roald, SmartX, 3.086
1622111714.048, lauv-roald, SmartX, 3.087
1622111714.548, lauv-roald, SmartX, 3.088
1622111715.048, lauv-roald, SmartX, 3.089
1622111715.548, lauv-roald, SmartX, 3.089
1622111716.048, lauv-roald, SmartX, 3.090
1622111716.548, lauv-roald, SmartX, 3.089
1622111717.048, lauv-roald, SmartX, 3.086
1622111717.548, lauv-roald, SmartX, 3.083
1622111718.048, lauv-roald, SmartX, 3.079
1622111718.548, lauv-roald, SmartX, 3.077
1622111719.047, lauv-roald, SmartX, 3.075
1622111719.548, lauv-roald, SmartX, 3.072
1622111720.048, lauv-roald, SmartX, 3.068
1622111720.547, lauv-roald, SmartX, 3.067
1622111721.047, lauv-roald, SmartX, 3.064
1622111721.547, lauv-roald, SmartX, 3.062
1622111722.048, lauv-roald, SmartX, 3.062
1622111722.547, lauv-roald, SmartX, 3.061
1622111723.047, lauv-roald, SmartX, 3.059
1622111723.547, lauv-roald, SmartX, 3.057
1622111724.047, lauv-roald, SmartX, 3.055
1622111724.547, lauv-roald, SmartX, 3.054
1622111725.047, lauv-roald, SmartX, 3.053
1622111725.547, lauv-roald, SmartX, 3.050
1622111726.047, lauv-roald, SmartX, 3.050
1622111726.547, lauv-roald, SmartX, 3.050
1622111727.047, lauv-roald, SmartX, 3.050
1622111727.547, lauv-roald, SmartX, 3.052
1622111728.047, lauv-roald, SmartX, 3.053
1622111728.547, lauv-roald, SmartX, 3.052
1622111729.047, lauv-roald, SmartX, 3.051
1622111729.547, lauv-roald, SmartX, 3.049
1622111730.047, lauv-roald, SmartX, 3.050
1622111730.546, lauv-roald, SmartX, 3.050
1622111731.047, lauv-roald, SmartX, 3.047
1622111731.547, lauv-roald, SmartX, 3.046
1622111732.047, lauv-roald, SmartX, 3.044
1622111732.547, lauv-roald, SmartX, 3.043
1622111733.047, lauv-roald, SmartX, 3.041
1622111733.547, lauv-roald, SmartX, 3.040
1622111734.047, lauv-roald, SmartX, 3.041
1622111734.547, lauv-roald, SmartX, 3.041
1622111735.047, lauv-roald, SmartX, 3.041
1622111735.547, lauv-roald, SmartX, 3.042
1622111736.047, lauv-roald, SmartX, 3.043
1622111736.547, lauv-roald, SmartX, 3.043
1622111737.046, lauv-roald, SmartX, 3.045
1622111737.546, lauv-roald, SmartX, 3.044
1622111738.046, lauv-roald, SmartX, 3.044
1622111738.546, lauv-roald, SmartX, 3.043
1622111739.046, lauv-roald, SmartX, 3.043
1622111739.546, lauv-roald, SmartX, 3.043
1622111740.046, lauv-roald, SmartX, 3.042
1622111740.546, lauv-roald, SmartX, 3.043
1622111741.046, lauv-roald, SmartX, 3.043
1622111741.546, lauv-roald, SmartX, 3.044
1622111742.046, lauv-roald, SmartX, 3.046
1622111742.546, lauv-roald, SmartX, 3.047
1622111743.046, lauv-roald, SmartX, 3.049
1622111743.546, lauv-roald, SmartX, 3.049
1622111744.046, lauv-roald, SmartX, 3.050
1622111744.546, lauv-roald, SmartX, 3.049
1622111745.046, lauv-roald, SmartX, 3.049
1622111745.546, lauv-roald, SmartX, 3.049
1622111746.046, lauv-roald, SmartX, 3.049
1622111746.546, lauv-roald, SmartX, 3.050
1622111747.046, lauv-roald, SmartX, 3.050
1622111747.546, lauv-roald, SmartX, 3.052
1622111748.046, lauv-roald, SmartX, 3.052
1622111748.546, lauv-roald, SmartX, 3.050
1622111749.046, lauv-roald, SmartX, 3.051
1622111749.545, lauv-roald, SmartX, 3.050
1622111750.046, lauv-roald, SmartX, 3.051
1622111750.545, lauv-roald, SmartX, 3.051
1622111751.046, lauv-roald, SmartX, 3.051
1622111751.545, lauv-roald, SmartX, 3.051
1622111752.045, lauv-roald, SmartX, 3.051
1622111752.545, lauv-roald, SmartX, 3.051
1622111753.045, lauv-roald, SmartX, 3.052
1622111753.545, lauv-roald, SmartX, 3.052
1622111754.045, lauv-roald, SmartX, 3.053
1622111754.545, lauv-roald, SmartX, 3.054
1622111755.045, lauv-roald, SmartX, 3.054
1622111755.545, lauv-roald, SmartX, 3.055
1622111756.045, lauv-roald, SmartX, 3.055
1622111756.545, lauv-roald, SmartX, 3.056
1622111757.045, lauv-roald, SmartX, 3.056
1622111757.545, lauv-roald, SmartX, 3.055
1622111758.045, lauv-roald, SmartX, 3.055
1622111758.545, lauv-roald, SmartX, 3.054
1622111759.045, lauv-roald, SmartX, 3.052
1622111759.545, lauv-roald, SmartX, 3.052
1622111760.045, lauv-roald, SmartX, 3.053
1622111760.545, lauv-roald, SmartX, 3.053
1622111761.045, lauv-roald, SmartX, 3.052
1622111761.545, lauv-roald, SmartX, 3.053
1622111762.045, lauv-roald, SmartX, 3.052
1622111762.545, lauv-roald, SmartX, 3.051
1622111763.045, lauv-roald, SmartX, 3.049
1622111763.545, lauv-roald, SmartX, 3.051
1622111764.045, lauv-roald, SmartX, 3.051
1622111764.544, lauv-roald, SmartX, 3.050
1622111765.045, lauv-roald, SmartX, 3.049
1622111765.544, lauv-roald, SmartX, 3.049
1622111766.044, lauv-roald, SmartX, 3.047
1622111766.544, lauv-roald, SmartX, 3.048
1622111767.044, lauv-roald, SmartX, 3.049
1622111767.544, lauv-roald, SmartX, 3.048
1622111768.044, lauv-roald, SmartX, 3.048
1622111768.544, lauv-roald, SmartX, 3.050
1622111769.044, lauv-roald, SmartX, 3.051
1622111769.544, lauv-roald, SmartX, 3.052
1622111770.044, lauv-roald, SmartX, 3.053
1622111770.544, lauv-roald, SmartX, 3.053
1622111771.044, lauv-roald, SmartX, 3.055
1622111771.544, lauv-roald, SmartX, 3.056
1622111772.044, lauv-roald, SmartX, 3.058
1622111772.544, lauv-roald, SmartX, 3.058
1622111773.044, lauv-roald, SmartX, 3.059
1622111773.544, lauv-roald, SmartX, 3.059
1622111774.044, lauv-roald, SmartX, 3.060
1622111774.544, lauv-roald, SmartX, 3.060
1622111775.044, lauv-roald, SmartX, 3.062
1622111775.544, lauv-roald, SmartX, 3.065
1622111776.044, lauv-roald, SmartX, 3.066
1622111776.544, lauv-roald, SmartX, 3.067
1622111777.044, lauv-roald, SmartX, 3.068
1622111777.544, lauv-roald, SmartX, 3.070
1622111778.044, lauv-roald, SmartX, 3.071
1622111778.544, lauv-roald, SmartX, 3.073
1622111779.044, lauv-roald, SmartX, 3.073
1622111779.544, lauv-roald, SmartX, 3.072
1622111780.043, lauv-roald, SmartX, 3.072
1622111780.543, lauv-roald, SmartX, 3.075
1622111781.043, lauv-roald, SmartX, 3.078
1622111781.543, lauv-roald, SmartX, 3.078
1622111782.043, lauv-roald, SmartX, 3.078
1622111782.543, lauv-roald, SmartX, 3.079
1622111783.043, lauv-roald, SmartX, 3.079
1622111783.543, lauv-roald, SmartX, 3.078
1622111784.043, lauv-roald, SmartX, 3.076
1622111784.543, lauv-roald, SmartX, 3.078
1622111785.043, lauv-roald, SmartX, 3.079
1622111785.543, lauv-roald, SmartX, 3.083
1622111786.043, lauv-roald, SmartX, 3.083
1622111786.543, lauv-roald, SmartX, 3.084
1622111787.043, lauv-roald, SmartX, 3.083
1622111787.543, lauv-roald, SmartX, 3.085
1622111788.043, lauv-roald, SmartX, 3.086
1622111788.543, lauv-roald, SmartX, 3.086
1622111789.043, lauv-roald, SmartX, 3.088
1622111789.543, lauv-roald, SmartX, 3.089
1622111790.043, lauv-roald, SmartX, 3.089
1622111790.543, lauv-roald, SmartX, 3.090
1622111791.043, lauv-roald, SmartX, 3.092
1622111791.543, lauv-roald, SmartX, 3.093
1622111792.043, lauv-roald, SmartX, 3.091
1622111792.543, lauv-roald, SmartX, 3.092
1622111793.043, lauv-roald, SmartX, 3.093
1622111793.543, lauv-roald, SmartX, 3.092
1622111794.042, lauv-roald, SmartX, 3.090
1622111794.543, lauv-roald, SmartX, 3.093
1622111795.042, lauv-roald, SmartX, 3.093
1622111795.542, lauv-roald, SmartX, 3.095
1622111796.043, lauv-roald, SmartX, 3.095
1622111796.542, lauv-roald, SmartX, 3.096
1622111797.042, lauv-roald, SmartX, 3.096
1622111797.542, lauv-roald, SmartX, 3.097
1622111798.042, lauv-roald, SmartX, 3.098
1622111798.542, lauv-roald, SmartX, 3.099
1622111799.042, lauv-roald, SmartX, 3.099
1622111799.542, lauv-roald, SmartX, 3.099
1622111800.042, lauv-roald, SmartX, 3.099
1622111800.542, lauv-roald, SmartX, 3.099
1622111801.042, lauv-roald, SmartX, 3.100
1622111801.542, lauv-roald, SmartX, 3.100
1622111802.042, lauv-roald, SmartX, 3.101
1622111802.542, lauv-roald, SmartX, 3.101
1622111803.042, lauv-roald, SmartX, 3.101
1622111803.542, lauv-roald, SmartX, 3.102
1622111804.042, lauv-roald, SmartX, 3.102
1622111804.542, lauv-roald, SmartX, 3.102
1622111805.042, lauv-roald, SmartX, 3.102
1622111805.542, lauv-roald, SmartX, 3.103
1622111806.042, lauv-roald, SmartX, 3.104
1622111806.542, lauv-roald, SmartX, 3.104
1622111807.042, lauv-roald, SmartX, 3.104
1622111807.542, lauv-roald, SmartX, 3.104
1622111808.042, lauv-roald, SmartX, 3.104
1622111808.541, lauv-roald, SmartX, 3.104
1622111809.042, lauv-roald, SmartX, 3.105
1622111809.542, lauv-roald, SmartX, 3.105
1622111810.041, lauv-roald, SmartX, 3.105
1622111810.541, lauv-roald, SmartX, 3.105
1622111811.041, lauv-roald, SmartX, 3.105
1622111811.541, lauv-roald, SmartX, 3.105
1622111812.041, lauv-roald, SmartX, 3.105
1622111812.541, lauv-roald, SmartX, 3.105
1622111813.042, lauv-roald, SmartX, 3.106
1622111813.542, lauv-roald, SmartX, 3.105
1622111814.042, lauv-roald, SmartX, 3.106
1622111814.542, lauv-roald, SmartX, 3.106
1622111815.042, lauv-roald, SmartX, 3.107
1622111815.543, lauv-roald, SmartX, 3.106
1622111816.041, lauv-roald, SmartX, 3.107
1622111816.541, lauv-roald, SmartX, 3.106
1622111817.041, lauv-roald, SmartX, 3.107
1622111817.541, lauv-roald, SmartX, 3.107
1622111818.041, lauv-roald, SmartX, 3.107
1622111818.541, lauv-roald, SmartX, 3.107
1622111819.041, lauv-roald, SmartX, 3.107
1622111819.541, lauv-roald, SmartX, 3.108
1622111820.041, lauv-roald, SmartX, 3.108
1622111820.541, lauv-roald, SmartX, 3.108
1622111821.041, lauv-roald, SmartX, 3.108
1622111821.541, lauv-roald, SmartX, 3.108
1622111822.041, lauv-roald, SmartX, 3.108
1622111822.541, lauv-roald, SmartX, 3.108
1622111823.041, lauv-roald, SmartX, 3.109
1622111823.540, lauv-roald, SmartX, 3.108
1622111824.041, lauv-roald, SmartX, 3.109
1622111824.541, lauv-roald, SmartX, 3.109
1622111825.040, lauv-roald, SmartX, 3.109
1622111825.541, lauv-roald, SmartX, 3.108
1622111826.040, lauv-roald, SmartX, 3.108
1622111826.540, lauv-roald, SmartX, 3.106
1622111827.040, lauv-roald, SmartX, 3.103
1622111827.540, lauv-roald, SmartX, 3.100
1622111828.040, lauv-roald, SmartX, 3.097
1622111828.540, lauv-roald, SmartX, 3.098
1622111829.041, lauv-roald, SmartX, 3.098
1622111829.540, lauv-roald, SmartX, 3.095
1622111830.040, lauv-roald, SmartX, 3.097
1622111830.540, lauv-roald, SmartX, 3.101
1622111831.040, lauv-roald, SmartX, 3.102
1622111831.540, lauv-roald, SmartX, 3.105
1622111832.040, lauv-roald, SmartX, 3.099
1622111832.540, lauv-roald, SmartX, 3.105
1622111833.040, lauv-roald, SmartX, 3.101
1622111833.540, lauv-roald, SmartX, 3.086
1622111834.040, lauv-roald, SmartX, 3.077
1622111834.540, lauv-roald, SmartX, 3.065
1622111835.040, lauv-roald, SmartX, 3.068
1622111835.540, lauv-roald, SmartX, 3.079
1622111836.040, lauv-roald, SmartX, 3.081
1622111836.540, lauv-roald, SmartX, 3.076
1622111837.040, lauv-roald, SmartX, 3.077
1622111837.540, lauv-roald, SmartX, 3.074
1622111838.040, lauv-roald, SmartX, 3.070
1622111838.540, lauv-roald, SmartX, 3.071
1622111839.040, lauv-roald, SmartX, 3.071
1622111839.540, lauv-roald, SmartX, 3.070
1622111840.040, lauv-roald, SmartX, 3.072
1622111840.539, lauv-roald, SmartX, 3.081
1622111841.040, lauv-roald, SmartX, 3.082
1622111841.539, lauv-roald, SmartX, 3.085
1622111842.041, lauv-roald, SmartX, 3.087
1622111842.539, lauv-roald, SmartX, 3.088
1622111843.039, lauv-roald, SmartX, 3.089
1622111843.539, lauv-roald, SmartX, 3.091
1622111844.039, lauv-roald, SmartX, 3.091
1622111844.539, lauv-roald, SmartX, 3.093
1622111845.039, lauv-roald, SmartX, 3.094
1622111845.539, lauv-roald, SmartX, 3.097
1622111846.039, lauv-roald, SmartX, 3.096
1622111846.539, lauv-roald, SmartX, 3.097
1622111847.039, lauv-roald, SmartX, 3.098
1622111847.539, lauv-roald, SmartX, 3.099
1622111848.039, lauv-roald, SmartX, 3.101
1622111848.539, lauv-roald, SmartX, 3.103
1622111849.039, lauv-roald, SmartX, 3.103
1622111849.539, lauv-roald, SmartX, 3.103
1622111850.039, lauv-roald, SmartX, 3.100
1622111850.538, lauv-roald, SmartX, 3.101
1622111851.039, lauv-roald, SmartX, 3.101
1622111851.539, lauv-roald, SmartX, 3.103
1622111852.038, lauv-roald, SmartX, 3.105
1622111852.539, lauv-roald, SmartX, 3.103
1622111853.039, lauv-roald, SmartX, 3.102
1622111853.539, lauv-roald, SmartX, 3.100
1622111854.038, lauv-roald, SmartX, 3.098
1622111854.539, lauv-roald, SmartX, 3.100
1622111855.039, lauv-roald, SmartX, 3.099
1622111855.538, lauv-roald, SmartX, 3.093
1622111856.039, lauv-roald, SmartX, 3.092
1622111856.538, lauv-roald, SmartX, 3.094
1622111857.038, lauv-roald, SmartX, 3.094
1622111857.538, lauv-roald, SmartX, 3.098
1622111858.038, lauv-roald, SmartX, 3.101
1622111858.538, lauv-roald, SmartX, 3.106
1622111859.038, lauv-roald, SmartX, 3.107
1622111859.538, lauv-roald, SmartX, 3.106
1622111860.038, lauv-roald, SmartX, 3.104
1622111860.538, lauv-roald, SmartX, 3.099
1622111861.038, lauv-roald, SmartX, 3.096
1622111861.538, lauv-roald, SmartX, 3.092
1622111862.038, lauv-roald, SmartX, 3.085
1622111862.538, lauv-roald, SmartX, 3.082
1622111863.038, lauv-roald, SmartX, 3.081
1622111863.538, lauv-roald, SmartX, 3.076
1622111864.038, lauv-roald, SmartX, 3.069
1622111864.538, lauv-roald, SmartX, 3.063
1622111865.038, lauv-roald, SmartX, 3.060
1622111865.538, lauv-roald, SmartX, 3.070
1622111866.038, lauv-roald, SmartX, 3.068
1622111866.538, lauv-roald, SmartX, 3.074
1622111867.038, lauv-roald, SmartX, 3.072
1622111867.538, lauv-roald, SmartX, 3.068
1622111868.038, lauv-roald, SmartX, 3.068
1622111868.538, lauv-roald, SmartX, 3.068
1622111869.038, lauv-roald, SmartX, 3.067
1622111869.537, lauv-roald, SmartX, 3.058
1622111870.037, lauv-roald, SmartX, 3.076
1622111870.537, lauv-roald, SmartX, 3.082
1622111871.037, lauv-roald, SmartX, 3.084
1622111871.537, lauv-roald, SmartX, 3.087
1622111872.037, lauv-roald, SmartX, 3.088
1622111872.537, lauv-roald, SmartX, 3.087
1622111873.037, lauv-roald, SmartX, 3.088
1622111873.537, lauv-roald, SmartX, 3.091
1622111874.037, lauv-roald, SmartX, 3.094
1622111874.537, lauv-roald, SmartX, 3.093
1622111875.037, lauv-roald, SmartX, 3.088
1622111875.537, lauv-roald, SmartX, 3.083
1622111876.037, lauv-roald, SmartX, 3.072
1622111876.537, lauv-roald, SmartX, 3.079
1622111877.037, lauv-roald, SmartX, 3.087
1622111877.537, lauv-roald, SmartX, 3.094
1622111878.037, lauv-roald, SmartX, 3.095
1622111878.537, lauv-roald, SmartX, 3.100
1622111879.037, lauv-roald, SmartX, 3.095
1622111879.537, lauv-roald, SmartX, 3.092
1622111880.037, lauv-roald, SmartX, 3.097
1622111880.537, lauv-roald, SmartX, 3.095
1622111881.037, lauv-roald, SmartX, 3.079
1622111881.537, lauv-roald, SmartX, 3.078
1622111882.037, lauv-roald, SmartX, 3.087
1622111882.537, lauv-roald, SmartX, 3.090
1622111883.036, lauv-roald, SmartX, 3.082
1622111883.536, lauv-roald, SmartX, 3.064
1622111884.036, lauv-roald, SmartX, 3.082
1622111884.537, lauv-roald, SmartX, 3.085
1622111885.036, lauv-roald, SmartX, 3.096
1622111885.536, lauv-roald, SmartX, 3.097
1622111886.036, lauv-roald, SmartX, 3.095
1622111886.536, lauv-roald, SmartX, 3.099
1622111887.036, lauv-roald, SmartX, 3.102
1622111887.536, lauv-roald, SmartX, 3.105
1622111888.036, lauv-roald, SmartX, 3.105
1622111888.536, lauv-roald, SmartX, 3.107
1622111889.036, lauv-roald, SmartX, 3.109
1622111889.536, lauv-roald, SmartX, 3.109
1622111890.036, lauv-roald, SmartX, 3.109
1622111890.536, lauv-roald, SmartX, 3.108
1622111891.036, lauv-roald, SmartX, 3.109
1622111891.536, lauv-roald, SmartX, 3.109
1622111892.036, lauv-roald, SmartX, 3.109
1622111892.536, lauv-roald, SmartX, 3.110
1622111893.036, lauv-roald, SmartX, 3.111
1622111893.536, lauv-roald, SmartX, 3.111
1622111894.036, lauv-roald, SmartX, 3.111
1622111894.536, lauv-roald, SmartX, 3.111
1622111895.036, lauv-roald, SmartX, 3.111
1622111895.536, lauv-roald, SmartX, 3.111
1622111896.036, lauv-roald, SmartX, 3.111
1622111896.536, lauv-roald, SmartX, 3.111
1622111897.036, lauv-roald, SmartX, 3.111
1622111897.536, lauv-roald, SmartX, 3.111
1622111898.035, lauv-roald, SmartX, 3.111
1622111898.536, lauv-roald, SmartX, 3.111
1622111899.035, lauv-roald, SmartX, 3.111
1622111899.536, lauv-roald, SmartX, 3.112
1622111900.035, lauv-roald, SmartX, 3.112
1622111900.535, lauv-roald, SmartX, 3.112
1622111901.035, lauv-roald, SmartX, 3.111
1622111901.535, lauv-roald, SmartX, 3.111
1622111902.035, lauv-roald, SmartX, 3.111
1622111902.535, lauv-roald, SmartX, 3.111
1622111903.035, lauv-roald, SmartX, 3.111
1622111903.535, lauv-roald, SmartX, 3.111
1622111904.035, lauv-roald, SmartX, 3.111
1622111904.535, lauv-roald, SmartX, 3.111
1622111905.035, lauv-roald, SmartX, 3.111
1622111905.535, lauv-roald, SmartX, 3.111
1622111906.035, lauv-roald, SmartX, 3.111
1622111906.535, lauv-roald, SmartX, 3.111
1622111907.035, lauv-roald, SmartX, 3.111
1622111907.535, lauv-roald, SmartX, 3.110
1622111908.035, lauv-roald, SmartX, 3.110
1622111908.535, lauv-roald, SmartX, 3.110
1622111909.035, lauv-roald, SmartX, 3.110
1622111909.535, lauv-roald, SmartX, 3.111
1622111910.035, lauv-roald, SmartX, 3.111
1622111910.535, lauv-roald, SmartX, 3.110
1622111911.035, lauv-roald, SmartX, 3.110
1622111911.535, lauv-roald, SmartX, 3.110
1622111912.035, lauv-roald, SmartX, 3.111
1622111912.535, lauv-roald, SmartX, 3.111
1622111913.034, lauv-roald, SmartX, 3.111
1622111913.534, lauv-roald, SmartX, 3.111
1622111914.034, lauv-roald, SmartX, 3.111
1622111914.534, lauv-roald, SmartX, 3.111
1622111915.034, lauv-roald, SmartX, 3.110
1622111915.534, lauv-roald, SmartX, 3.110
1622111916.034, lauv-roald, SmartX, 3.110
1622111916.534, lauv-roald, SmartX, 3.110
1622111917.034, lauv-roald, SmartX, 3.110
1622111917.534, lauv-roald, SmartX, 3.110
1622111918.034, lauv-roald, SmartX, 3.110
1622111918.534, lauv-roald, SmartX, 3.110
1622111919.034, lauv-roald, SmartX, 3.110
1622111919.534, lauv-roald, SmartX, 3.109
1622111920.034, lauv-roald, SmartX, 3.109
1622111920.534, lauv-roald, SmartX, 3.109
1622111921.034, lauv-roald, SmartX, 3.109
1622111921.534, lauv-roald, SmartX, 3.110
1622111922.034, lauv-roald, SmartX, 3.109
1622111922.534, lauv-roald, SmartX, 3.109
1622111923.034, lauv-roald, SmartX, 3.109
1622111923.534, lauv-roald, SmartX, 3.109
1622111924.034, lauv-roald, SmartX, 3.109
1622111924.534, lauv-roald, SmartX, 3.109
1622111925.034, lauv-roald, SmartX, 3.109
1622111925.534, lauv-roald, SmartX, 3.109
1622111926.033, lauv-roald, SmartX, 3.109
1622111926.533, lauv-roald, SmartX, 3.109
1622111927.033, lauv-roald, SmartX, 3.108
1622111927.533, lauv-roald, SmartX, 3.108
1622111928.033, lauv-roald, SmartX, 3.108
1622111928.533, lauv-roald, SmartX, 3.108
1622111929.033, lauv-roald, SmartX, 3.108
1622111929.533, lauv-roald, SmartX, 3.110
1622111930.033, lauv-roald, SmartX, 3.110
1622111930.533, lauv-roald, SmartX, 3.110
1622111931.033, lauv-roald, SmartX, 3.110
1622111931.533, lauv-roald, SmartX, 3.110
1622111932.033, lauv-roald, SmartX, 3.109
1622111932.533, lauv-roald, SmartX, 3.109
1622111933.033, lauv-roald, SmartX, 3.109
1622111933.533, lauv-roald, SmartX, 3.109
1622111934.033, lauv-roald, SmartX, 3.109
1622111934.533, lauv-roald, SmartX, 3.109
1622111935.033, lauv-roald, SmartX, 3.109
1622111935.533, lauv-roald, SmartX, 3.110
1622111936.033, lauv-roald, SmartX, 3.110
1622111936.533, lauv-roald, SmartX, 3.109
1622111937.033, lauv-roald, SmartX, 3.108
1622111937.533, lauv-roald, SmartX, 3.108
1622111938.033, lauv-roald, SmartX, 3.108
1622111938.533, lauv-roald, SmartX, 3.108
1622111939.033, lauv-roald, SmartX, 3.108
1622111939.533, lauv-roald, SmartX, 3.107
1622111940.033, lauv-roald, SmartX, 3.107
1622111940.533, lauv-roald, SmartX, 3.107
1622111941.033, lauv-roald, SmartX, 3.107
1622111941.532, lauv-roald, SmartX, 3.107
1622111942.032, lauv-roald, SmartX, 3.107
1622111942.532, lauv-roald, SmartX, 3.107
1622111943.032, lauv-roald, SmartX, 3.107
1622111943.532, lauv-roald, SmartX, 3.106
1622111944.032, lauv-roald, SmartX, 3.106
1622111944.532, lauv-roald, SmartX, 3.106
1622111945.032, lauv-roald, SmartX, 3.106
1622111945.532, lauv-roald, SmartX, 3.106
1622111946.032, lauv-roald, SmartX, 3.106
1622111946.532, lauv-roald, SmartX, 3.106
1622111947.032, lauv-roald, SmartX, 3.105
1622111947.532, lauv-roald, SmartX, 3.105
1622111948.032, lauv-roald, SmartX, 3.104
1622111948.532, lauv-roald, SmartX, 3.104
1622111949.032, lauv-roald, SmartX, 3.103
1622111949.532, lauv-roald, SmartX, 3.103
1622111950.032, lauv-roald, SmartX, 3.102
1622111950.532, lauv-roald, SmartX, 3.102
1622111951.032, lauv-roald, SmartX, 3.102
1622111951.532, lauv-roald, SmartX, 3.102
1622111952.032, lauv-roald, SmartX, 3.101
1622111952.532, lauv-roald, SmartX, 3.101
1622111953.032, lauv-roald, SmartX, 3.101
1622111953.532, lauv-roald, SmartX, 3.101
1622111954.032, lauv-roald, SmartX, 3.101
1622111954.531, lauv-roald, SmartX, 3.100
1622111955.031, lauv-roald, SmartX, 3.100
1622111955.531, lauv-roald, SmartX, 3.100
1622111956.032, lauv-roald, SmartX, 3.100
1622111956.531, lauv-roald, SmartX, 3.099
1622111957.031, lauv-roald, SmartX, 3.099
1622111957.532, lauv-roald, SmartX, 3.099
1622111958.032, lauv-roald, SmartX, 3.098
1622111958.531, lauv-roald, SmartX, 3.098
1622111959.032, lauv-roald, SmartX, 3.098
1622111959.531, lauv-roald, SmartX, 3.098
1622111960.031, lauv-roald, SmartX, 3.097
1622111960.531, lauv-roald, SmartX, 3.097
1622111961.032, lauv-roald, SmartX, 3.097
1622111961.531, lauv-roald, SmartX, 3.095
1622111962.031, lauv-roald, SmartX, 3.095
1622111962.531, lauv-roald, SmartX, 3.094
1622111963.031, lauv-roald, SmartX, 3.093
1622111963.531, lauv-roald, SmartX, 3.092
1622111964.031, lauv-roald, SmartX, 3.092
1622111964.531, lauv-roald, SmartX, 3.092
1622111965.031, lauv-roald, SmartX, 3.090
1622111965.531, lauv-roald, SmartX, 3.089
1622111966.031, lauv-roald, SmartX, 3.088
1622111966.531, lauv-roald, SmartX, 3.088
1622111967.031, lauv-roald, SmartX, 3.086
1622111967.531, lauv-roald, SmartX, 3.086
1622111968.031, lauv-roald, SmartX, 3.086
1622111968.531, lauv-roald, SmartX, 3.085
1622111969.031, lauv-roald, SmartX, 3.085
1622111969.531, lauv-roald, SmartX, 3.085
1622111970.031, lauv-roald, SmartX, 3.084
1622111970.531, lauv-roald, SmartX, 3.084
1622111971.031, lauv-roald, SmartX, 3.083
1622111971.531, lauv-roald, SmartX, 3.083
1622111972.031, lauv-roald, SmartX, 3.082
1622111972.530, lauv-roald, SmartX, 3.082
1622111973.030, lauv-roald, SmartX, 3.082
1622111973.530, lauv-roald, SmartX, 3.082
1622111974.030, lauv-roald, SmartX, 3.080
1622111974.530, lauv-roald, SmartX, 3.080
1622111975.030, lauv-roald, SmartX, 3.080
1622111975.530, lauv-roald, SmartX, 3.079
1622111976.030, lauv-roald, SmartX, 3.079
1622111976.530, lauv-roald, SmartX, 3.079
1622111977.030, lauv-roald, SmartX, 3.079
1622111977.530, lauv-roald, SmartX, 3.078
1622111978.030, lauv-roald, SmartX, 3.077
1622111978.530, lauv-roald, SmartX, 3.077
1622111979.030, lauv-roald, SmartX, 3.077
1622111979.530, lauv-roald, SmartX, 3.076
1622111980.030, lauv-roald, SmartX, 3.076
1622111980.530, lauv-roald, SmartX, 3.076
1622111981.030, lauv-roald, SmartX, 3.075
1622111981.530, lauv-roald, SmartX, 3.075
1622111982.030, lauv-roald, SmartX, 3.075
1622111982.530, lauv-roald, SmartX, 3.074
1622111983.030, lauv-roald, SmartX, 3.074
1622111983.530, lauv-roald, SmartX, 3.072
1622111984.030, lauv-roald, SmartX, 3.073
1622111984.530, lauv-roald, SmartX, 3.073
1622111985.031, lauv-roald, SmartX, 3.073
1622111985.530, lauv-roald, SmartX, 3.073
1622111986.030, lauv-roald, SmartX, 3.074
1622111986.530, lauv-roald, SmartX, 3.072
1622111987.029, lauv-roald, SmartX, 3.072
1622111987.529, lauv-roald, SmartX, 3.072
1622111988.030, lauv-roald, SmartX, 3.072
1622111988.529, lauv-roald, SmartX, 3.072
1622111989.029, lauv-roald, SmartX, 3.070
1622111989.529, lauv-roald, SmartX, 3.070
1622111990.029, lauv-roald, SmartX, 3.070
1622111990.529, lauv-roald, SmartX, 3.071
1622111991.029, lauv-roald, SmartX, 3.070
1622111991.529, lauv-roald, SmartX, 3.070
1622111992.029, lauv-roald, SmartX, 3.070
1622111992.529, lauv-roald, SmartX, 3.069
1622111993.029, lauv-roald, SmartX, 3.070
1622111993.529, lauv-roald, SmartX, 3.069
1622111994.029, lauv-roald, SmartX, 3.069
1622111994.529, lauv-roald, SmartX, 3.069
1622111995.029, lauv-roald, SmartX, 3.068
1622111995.529, lauv-roald, SmartX, 3.068
1622111996.029, lauv-roald, SmartX, 3.068
1622111996.529, lauv-roald, SmartX, 3.067
1622111997.029, lauv-roald, SmartX, 3.066
1622111997.529, lauv-roald, SmartX, 3.066
1622111998.029, lauv-roald, SmartX, 3.064
1622111998.529, lauv-roald, SmartX, 3.063
1622111999.029, lauv-roald, SmartX, 3.063
1622111999.529, lauv-roald, SmartX, 3.063
1622112000.029, lauv-roald, SmartX, 3.063
1622112000.529, lauv-roald, SmartX, 3.062
1622112001.028, lauv-roald, SmartX, 3.061
1622112001.529, lauv-roald, SmartX, 3.060
1622112002.029, lauv-roald, SmartX, 3.060
1622112002.529, lauv-roald, SmartX, 3.059
1622112003.028, lauv-roald, SmartX, 3.059
1622112003.528, lauv-roald, SmartX, 3.059
1622112004.028, lauv-roald, SmartX, 3.059
1622112004.528, lauv-roald, SmartX, 3.060
1622112005.028, lauv-roald, SmartX, 3.062
1622112005.528, lauv-roald, SmartX, 3.061
1622112006.028, lauv-roald, SmartX, 3.062
1622112006.528, lauv-roald, SmartX, 3.064
1622112007.028, lauv-roald, SmartX, 3.066
1622112007.528, lauv-roald, SmartX, 3.068
1622112008.028, lauv-roald, SmartX, 3.072
1622112008.528, lauv-roald, SmartX, 3.073
1622112009.028, lauv-roald, SmartX, 3.074
1622112009.528, lauv-roald, SmartX, 3.076
1622112010.028, lauv-roald, SmartX, 3.077
1622112010.528, lauv-roald, SmartX, 3.077
1622112011.028, lauv-roald, SmartX, 3.078
1622112011.528, lauv-roald, SmartX, 3.078
1622112012.028, lauv-roald, SmartX, 3.079
1622112012.528, lauv-roald, SmartX, 3.078
1622112013.028, lauv-roald, SmartX, 3.079
1622112013.528, lauv-roald, SmartX, 3.078
1622112014.028, lauv-roald, SmartX, 3.079
1622112014.528, lauv-roald, SmartX, 3.079
1622112015.028, lauv-roald, SmartX, 3.079
1622112015.528, lauv-roald, SmartX, 3.079
1622112016.028, lauv-roald, SmartX, 3.079
1622112016.527, lauv-roald, SmartX, 3.079
1622112017.027, lauv-roald, SmartX, 3.080
1622112017.527, lauv-roald, SmartX, 3.080
1622112018.027, lauv-roald, SmartX, 3.080
1622112018.527, lauv-roald, SmartX, 3.081
1622112019.027, lauv-roald, SmartX, 3.082
1622112019.527, lauv-roald, SmartX, 3.083
1622112020.027, lauv-roald, SmartX, 3.084
1622112020.527, lauv-roald, SmartX, 3.084
1622112021.027, lauv-roald, SmartX, 3.084
1622112021.527, lauv-roald, SmartX, 3.084
1622112022.027, lauv-roald, SmartX, 3.084
1622112022.527, lauv-roald, SmartX, 3.084
1622112023.027, lauv-roald, SmartX, 3.084
1622112023.527, lauv-roald, SmartX, 3.084
1622112024.027, lauv-roald, SmartX, 3.086
1622112024.527, lauv-roald, SmartX, 3.087
1622112025.027, lauv-roald, SmartX, 3.088
1622112025.527, lauv-roald, SmartX, 3.088
1622112026.027, lauv-roald, SmartX, 3.088
1622112026.527, lauv-roald, SmartX, 3.088
1622112027.027, lauv-roald, SmartX, 3.087
1622112027.527, lauv-roald, SmartX, 3.086
1622112028.027, lauv-roald, SmartX, 3.086
1622112028.527, lauv-roald, SmartX, 3.088
1622112029.027, lauv-roald, SmartX, 3.090
1622112029.527, lauv-roald, SmartX, 3.092
1622112030.027, lauv-roald, SmartX, 3.095
1622112030.527, lauv-roald, SmartX, 3.097
1622112031.026, lauv-roald, SmartX, 3.099
1622112031.526, lauv-roald, SmartX, 3.100
1622112032.026, lauv-roald, SmartX, 3.102
1622112032.526, lauv-roald, SmartX, 3.102
1622112033.026, lauv-roald, SmartX, 3.103
1622112033.526, lauv-roald, SmartX, 3.104
1622112034.026, lauv-roald, SmartX, 3.104
1622112034.526, lauv-roald, SmartX, 3.103
1622112035.026, lauv-roald, SmartX, 3.103
1622112035.526, lauv-roald, SmartX, 3.102
1622112036.026, lauv-roald, SmartX, 3.099
1622112036.526, lauv-roald, SmartX, 3.098
1622112037.026, lauv-roald, SmartX, 3.097
1622112037.526, lauv-roald, SmartX, 3.097
1622112038.026, lauv-roald, SmartX, 3.099
1622112038.526, lauv-roald, SmartX, 3.100
1622112039.026, lauv-roald, SmartX, 3.101
1622112039.526, lauv-roald, SmartX, 3.101
1622112040.026, lauv-roald, SmartX, 3.099
1622112040.526, lauv-roald, SmartX, 3.097
1622112041.026, lauv-roald, SmartX, 3.096
1622112041.526, lauv-roald, SmartX, 3.094
1622112042.026, lauv-roald, SmartX, 3.092
1622112042.526, lauv-roald, SmartX, 3.092
1622112043.026, lauv-roald, SmartX, 3.092
1622112043.526, lauv-roald, SmartX, 3.092
1622112044.026, lauv-roald, SmartX, 3.092
1622112044.526, lauv-roald, SmartX, 3.093
1622112045.026, lauv-roald, SmartX, 3.093
1622112045.526, lauv-roald, SmartX, 3.095
1622112046.025, lauv-roald, SmartX, 3.096
1622112046.525, lauv-roald, SmartX, 3.097
1622112047.025, lauv-roald, SmartX, 3.098
1622112047.525, lauv-roald, SmartX, 3.099
1622112048.026, lauv-roald, SmartX, 3.099
1622112048.525, lauv-roald, SmartX, 3.099
1622112049.025, lauv-roald, SmartX, 3.099
1622112049.525, lauv-roald, SmartX, 3.098
1622112050.025, lauv-roald, SmartX, 3.098
1622112050.525, lauv-roald, SmartX, 3.098
1622112051.025, lauv-roald, SmartX, 3.098
1622112051.525, lauv-roald, SmartX, 3.097
1622112052.025, lauv-roald, SmartX, 3.097
1622112052.525, lauv-roald, SmartX, 3.096
1622112053.025, lauv-roald, SmartX, 3.094
1622112053.525, lauv-roald, SmartX, 3.094
1622112054.025, lauv-roald, SmartX, 3.092
1622112054.525, lauv-roald, SmartX, 3.090
1622112055.025, lauv-roald, SmartX, 3.090
1622112055.525, lauv-roald, SmartX, 3.089
1622112056.025, lauv-roald, SmartX, 3.090
1622112056.524, lauv-roald, SmartX, 3.090
1622112057.025, lauv-roald, SmartX, 3.091
1622112057.525, lauv-roald, SmartX, 3.092
1622112058.025, lauv-roald, SmartX, 3.092
1622112058.525, lauv-roald, SmartX, 3.092
1622112059.025, lauv-roald, SmartX, 3.092
1622112059.525, lauv-roald, SmartX, 3.094
1622112060.025, lauv-roald, SmartX, 3.094
1622112060.525, lauv-roald, SmartX, 3.094
1622112061.024, lauv-roald, SmartX, 3.095
1622112061.524, lauv-roald, SmartX, 3.094
1622112062.024, lauv-roald, SmartX, 3.093
1622112062.524, lauv-roald, SmartX, 3.093
1622112063.024, lauv-roald, SmartX, 3.093
1622112063.524, lauv-roald, SmartX, 3.092
1622112064.024, lauv-roald, SmartX, 3.093
1622112064.524, lauv-roald, SmartX, 3.094
1622112065.024, lauv-roald, SmartX, 3.095
1622112065.524, lauv-roald, SmartX, 3.095
1622112066.024, lauv-roald, SmartX, 3.094
1622112066.524, lauv-roald, SmartX, 3.095
1622112067.024, lauv-roald, SmartX, 3.094
1622112067.524, lauv-roald, SmartX, 3.095
1622112068.024, lauv-roald, SmartX, 3.094
1622112068.524, lauv-roald, SmartX, 3.094
1622112069.024, lauv-roald, SmartX, 3.093
1622112069.524, lauv-roald, SmartX, 3.092
1622112070.024, lauv-roald, SmartX, 3.094
1622112070.524, lauv-roald, SmartX, 3.093
1622112071.024, lauv-roald, SmartX, 3.092
1622112071.524, lauv-roald, SmartX, 3.092
1622112072.024, lauv-roald, SmartX, 3.094
1622112072.524, lauv-roald, SmartX, 3.093
1622112073.024, lauv-roald, SmartX, 3.092
1622112073.524, lauv-roald, SmartX, 3.093
1622112074.024, lauv-roald, SmartX, 3.096
1622112074.524, lauv-roald, SmartX, 3.094
1622112075.023, lauv-roald, SmartX, 3.092
1622112075.523, lauv-roald, SmartX, 3.094
1622112076.024, lauv-roald, SmartX, 3.093
1622112076.523, lauv-roald, SmartX, 3.091
1622112077.023, lauv-roald, SmartX, 3.090
1622112077.523, lauv-roald, SmartX, 3.091
1622112078.023, lauv-roald, SmartX, 3.090
1622112078.523, lauv-roald, SmartX, 3.089
1622112079.023, lauv-roald, SmartX, 3.089
1622112079.523, lauv-roald, SmartX, 3.089
1622112080.023, lauv-roald, SmartX, 3.089
1622112080.523, lauv-roald, SmartX, 3.090
1622112081.023, lauv-roald, SmartX, 3.092
1622112081.523, lauv-roald, SmartX, 3.091
1622112082.023, lauv-roald, SmartX, 3.091
1622112082.523, lauv-roald, SmartX, 3.093
1622112083.023, lauv-roald, SmartX, 3.094
1622112083.523, lauv-roald, SmartX, 3.093
1622112084.023, lauv-roald, SmartX, 3.095
1622112084.523, lauv-roald, SmartX, 3.096
1622112085.023, lauv-roald, SmartX, 3.099
1622112085.523, lauv-roald, SmartX, 3.101
1622112086.023, lauv-roald, SmartX, 3.104
1622112086.522, lauv-roald, SmartX, 3.107
1622112087.023, lauv-roald, SmartX, 3.107
1622112087.523, lauv-roald, SmartX, 3.108
1622112088.023, lauv-roald, SmartX, 3.108
1622112088.523, lauv-roald, SmartX, 3.110
1622112089.023, lauv-roald, SmartX, 3.112
1622112089.523, lauv-roald, SmartX, 3.114
1622112090.023, lauv-roald, SmartX, 3.113
1622112090.522, lauv-roald, SmartX, 3.114
1622112091.022, lauv-roald, SmartX, 3.115
1622112091.523, lauv-roald, SmartX, 3.116
1622112092.022, lauv-roald, SmartX, 3.116
1622112092.522, lauv-roald, SmartX, 3.117
1622112093.022, lauv-roald, SmartX, 3.118
1622112093.522, lauv-roald, SmartX, 3.118
1622112094.022, lauv-roald, SmartX, 3.119
1622112094.522, lauv-roald, SmartX, 3.119
1622112095.022, lauv-roald, SmartX, 3.120
1622112095.522, lauv-roald, SmartX, 3.120
1622112096.022, lauv-roald, SmartX, 3.120
1622112096.522, lauv-roald, SmartX, 3.120
1622112097.022, lauv-roald, SmartX, 3.121
1622112097.522, lauv-roald, SmartX, 3.121
1622112098.022, lauv-roald, SmartX, 3.120
1622112098.522, lauv-roald, SmartX, 3.120
1622112099.022, lauv-roald, SmartX, 3.120
1622112099.522, lauv-roald, SmartX, 3.120
1622112100.022, lauv-roald, SmartX, 3.120
1622112100.522, lauv-roald, SmartX, 3.120
1622112101.022, lauv-roald, SmartX, 3.120
1622112101.521, lauv-roald, SmartX, 3.120
1622112102.022, lauv-roald, SmartX, 3.120
1622112102.522, lauv-roald, SmartX, 3.121
1622112103.022, lauv-roald, SmartX, 3.121
1622112103.521, lauv-roald, SmartX, 3.121
1622112104.021, lauv-roald, SmartX, 3.121
1622112104.522, lauv-roald, SmartX, 3.121
1622112105.021, lauv-roald, SmartX, 3.121
1622112105.521, lauv-roald, SmartX, 3.120
1622112106.021, lauv-roald, SmartX, 3.120
1622112106.521, lauv-roald, SmartX, 3.121
1622112107.021, lauv-roald, SmartX, 3.120
1622112107.521, lauv-roald, SmartX, 3.120
1622112108.021, lauv-roald, SmartX, 3.120
1622112108.521, lauv-roald, SmartX, 3.120
1622112109.021, lauv-roald, SmartX, 3.120
1622112109.521, lauv-roald, SmartX, 3.120
1622112110.021, lauv-roald, SmartX, 3.120
1622112110.521, lauv-roald, SmartX, 3.120
1622112111.021, lauv-roald, SmartX, 3.120
1622112111.521, lauv-roald, SmartX, 3.121
1622112112.021, lauv-roald, SmartX, 3.121
1622112112.521, lauv-roald, SmartX, 3.121
1622112113.021, lauv-roald, SmartX, 3.121
1622112113.521, lauv-roald, SmartX, 3.121
1622112114.021, lauv-roald, SmartX, 3.121
1622112114.521, lauv-roald, SmartX, 3.121
1622112115.021, lauv-roald, SmartX, 3.121
1622112115.521, lauv-roald, SmartX, 3.121
1622112116.021, lauv-roald, SmartX, 3.121
1622112116.521, lauv-roald, SmartX, 3.121
1622112117.021, lauv-roald, SmartX, 3.121
1622112117.521, lauv-roald, SmartX, 3.121
1622112118.020, lauv-roald, SmartX, 3.120
1622112118.521, lauv-roald, SmartX, 3.120
1622112119.021, lauv-roald, SmartX, 3.119
1622112119.521, lauv-roald, SmartX, 3.120
1622112120.020, lauv-roald, SmartX, 3.120
1622112120.520, lauv-roald, SmartX, 3.120
1622112121.020, lauv-roald, SmartX, 3.120
1622112121.520, lauv-roald, SmartX, 3.120
1622112122.020, lauv-roald, SmartX, 3.121
1622112122.520, lauv-roald, SmartX, 3.121
1622112123.020, lauv-roald, SmartX, 3.119
1622112123.520, lauv-roald, SmartX, 3.118
1622112124.020, lauv-roald, SmartX, 3.117
1622112124.520, lauv-roald, SmartX, 3.116
1622112125.020, lauv-roald, SmartX, 3.115
1622112125.520, lauv-roald, SmartX, 3.115
1622112126.020, lauv-roald, SmartX, 3.115
1622112126.520, lauv-roald, SmartX, 3.115
1622112127.020, lauv-roald, SmartX, 3.115
1622112127.520, lauv-roald, SmartX, 3.114
1622112128.020, lauv-roald, SmartX, 3.114
1622112128.520, lauv-roald, SmartX, 3.115
1622112129.020, lauv-roald, SmartX, 3.114
1622112129.520, lauv-roald, SmartX, 3.114
1622112130.020, lauv-roald, SmartX, 3.114
1622112130.520, lauv-roald, SmartX, 3.116
1622112131.020, lauv-roald, SmartX, 3.117
1622112131.520, lauv-roald, SmartX, 3.118
1622112132.020, lauv-roald, SmartX, 3.118
1622112132.520, lauv-roald, SmartX, 3.119
1622112133.020, lauv-roald, SmartX, 3.119
1622112133.519, lauv-roald, SmartX, 3.119
1622112134.019, lauv-roald, SmartX, 3.120
1622112134.519, lauv-roald, SmartX, 3.121
1622112135.019, lauv-roald, SmartX, 3.121
1622112135.519, lauv-roald, SmartX, 3.121
1622112136.019, lauv-roald, SmartX, 3.121
1622112136.520, lauv-roald, SmartX, 3.119
1622112137.019, lauv-roald, SmartX, 3.120
1622112137.519, lauv-roald, SmartX, 3.120
1622112138.019, lauv-roald, SmartX, 3.121
1622112138.519, lauv-roald, SmartX, 3.121
1622112139.019, lauv-roald, SmartX, 3.121
1622112139.519, lauv-roald, SmartX, 3.121
1622112140.019, lauv-roald, SmartX, 3.122
1622112140.519, lauv-roald, SmartX, 3.122
1622112141.019, lauv-roald, SmartX, 3.122
1622112141.519, lauv-roald, SmartX, 3.122
1622112142.019, lauv-roald, SmartX, 3.122
1622112142.519, lauv-roald, SmartX, 3.121
1622112143.019, lauv-roald, SmartX, 3.121
1622112143.519, lauv-roald, SmartX, 3.122
1622112144.019, lauv-roald, SmartX, 3.122
1622112144.520, lauv-roald, SmartX, 3.122
1622112145.019, lauv-roald, SmartX, 3.122
1622112145.519, lauv-roald, SmartX, 3.122
1622112146.019, lauv-roald, SmartX, 3.121
1622112146.519, lauv-roald, SmartX, 3.120
1622112147.019, lauv-roald, SmartX, 3.119
1622112147.519, lauv-roald, SmartX, 3.118
1622112148.019, lauv-roald, SmartX, 3.118
1622112148.519, lauv-roald, SmartX, 3.118
1622112149.019, lauv-roald, SmartX, 3.118
1622112149.519, lauv-roald, SmartX, 3.117
1622112150.018, lauv-roald, SmartX, 3.117
1622112150.518, lauv-roald, SmartX, 3.116
1622112151.018, lauv-roald, SmartX, 3.116
1622112151.518, lauv-roald, SmartX, 3.115
1622112152.018, lauv-roald, SmartX, 3.115
1622112152.518, lauv-roald, SmartX, 3.115
1622112153.018, lauv-roald, SmartX, 3.115
1622112153.518, lauv-roald, SmartX, 3.115
1622112154.018, lauv-roald, SmartX, 3.116
1622112154.518, lauv-roald, SmartX, 3.116
1622112155.018, lauv-roald, SmartX, 3.117
1622112155.518, lauv-roald, SmartX, 3.117
1622112156.018, lauv-roald, SmartX, 3.117
1622112156.518, lauv-roald, SmartX, 3.118
1622112157.018, lauv-roald, SmartX, 3.118
1622112157.518, lauv-roald, SmartX, 3.118
1622112158.018, lauv-roald, SmartX, 3.118
1622112158.518, lauv-roald, SmartX, 3.118
1622112159.018, lauv-roald, SmartX, 3.118
1622112159.518, lauv-roald, SmartX, 3.118
1622112160.018, lauv-roald, SmartX, 3.118
1622112160.518, lauv-roald, SmartX, 3.118
1622112161.018, lauv-roald, SmartX, 3.117
1622112161.518, lauv-roald, SmartX, 3.118
1622112162.018, lauv-roald, SmartX, 3.118
1622112162.517, lauv-roald, SmartX, 3.118
1622112163.018, lauv-roald, SmartX, 3.118
1622112163.518, lauv-roald, SmartX, 3.118
1622112164.018, lauv-roald, SmartX, 3.117
1622112164.518, lauv-roald, SmartX, 3.117
1622112165.018, lauv-roald, SmartX, 3.117
1622112165.517, lauv-roald, SmartX, 3.117
1622112166.017, lauv-roald, SmartX, 3.117
1622112166.517, lauv-roald, SmartX, 3.116
1622112167.017, lauv-roald, SmartX, 3.116
1622112167.517, lauv-roald, SmartX, 3.115
1622112168.017, lauv-roald, SmartX, 3.114
1622112168.517, lauv-roald, SmartX, 3.115
1622112169.017, lauv-roald, SmartX, 3.115
1622112169.517, lauv-roald, SmartX, 3.115
1622112170.017, lauv-roald, SmartX, 3.115
1622112170.517, lauv-roald, SmartX, 3.115
1622112171.017, lauv-roald, SmartX, 3.115
1622112171.517, lauv-roald, SmartX, 3.115
1622112172.017, lauv-roald, SmartX, 3.114
1622112172.517, lauv-roald, SmartX, 3.114
1622112173.017, lauv-roald, SmartX, 3.114
1622112173.517, lauv-roald, SmartX, 3.114
1622112174.017, lauv-roald, SmartX, 3.114
1622112174.517, lauv-roald, SmartX, 3.114
1622112175.017, lauv-roald, SmartX, 3.115
1622112175.517, lauv-roald, SmartX, 3.115
1622112176.017, lauv-roald, SmartX, 3.116
1622112176.517, lauv-roald, SmartX, 3.116
1622112177.017, lauv-roald, SmartX, 3.117
1622112177.517, lauv-roald, SmartX, 3.117
1622112178.017, lauv-roald, SmartX, 3.117
1622112178.517, lauv-roald, SmartX, 3.117
1622112179.017, lauv-roald, SmartX, 3.117
1622112179.516, lauv-roald, SmartX, 3.117
1622112180.016, lauv-roald, SmartX, 3.117
1622112180.516, lauv-roald, SmartX, 3.117
1622112181.016, lauv-roald, SmartX, 3.117
1622112181.516, lauv-roald, SmartX, 3.117
1622112182.016, lauv-roald, SmartX, 3.116
1622112182.516, lauv-roald, SmartX, 3.115
1622112183.016, lauv-roald, SmartX, 3.114
1622112183.516, lauv-roald, SmartX, 3.113
1622112184.016, lauv-roald, SmartX, 3.114
1622112184.516, lauv-roald, SmartX, 3.114
1622112185.016, lauv-roald, SmartX, 3.114
1622112185.516, lauv-roald, SmartX, 3.114
1622112186.016, lauv-roald, SmartX, 3.114
1622112186.516, lauv-roald, SmartX, 3.114
1622112187.016, lauv-roald, SmartX, 3.114
1622112187.516, lauv-roald, SmartX, 3.113
1622112188.016, lauv-roald, SmartX, 3.112
1622112188.516, lauv-roald, SmartX, 3.112
1622112189.016, lauv-roald, SmartX, 3.112
1622112189.516, lauv-roald, SmartX, 3.112
1622112190.016, lauv-roald, SmartX, 3.112
1622112190.516, lauv-roald, SmartX, 3.112
1622112191.016, lauv-roald, SmartX, 3.112
1622112191.516, lauv-roald, SmartX, 3.112
1622112192.016, lauv-roald, SmartX, 3.112
1622112192.516, lauv-roald, SmartX, 3.112
1622112193.016, lauv-roald, SmartX, 3.111
1622112193.516, lauv-roald, SmartX, 3.111
1622112194.016, lauv-roald, SmartX, 3.112
1622112194.516, lauv-roald, SmartX, 3.112
1622112195.015, lauv-roald, SmartX, 3.113
1622112195.515, lauv-roald, SmartX, 3.113
1622112196.016, lauv-roald, SmartX, 3.112
1622112196.516, lauv-roald, SmartX, 3.112
1622112197.016, lauv-roald, SmartX, 3.111
1622112197.516, lauv-roald, SmartX, 3.111
1622112198.015, lauv-roald, SmartX, 3.111
1622112198.515, lauv-roald, SmartX, 3.110
1622112199.015, lauv-roald, SmartX, 3.110
1622112199.515, lauv-roald, SmartX, 3.110
1622112200.015, lauv-roald, SmartX, 3.109
1622112200.515, lauv-roald, SmartX, 3.108
1622112201.015, lauv-roald, SmartX, 3.108
1622112201.515, lauv-roald, SmartX, 3.107
1622112202.015, lauv-roald, SmartX, 3.107
1622112202.515, lauv-roald, SmartX, 3.107
1622112203.015, lauv-roald, SmartX, 3.107
1622112203.515, lauv-roald, SmartX, 3.107
1622112204.015, lauv-roald, SmartX, 3.107
1622112204.515, lauv-roald, SmartX, 3.107
1622112205.015, lauv-roald, SmartX, 3.107
1622112205.515, lauv-roald, SmartX, 3.107
1622112206.015, lauv-roald, SmartX, 3.108
1622112206.514, lauv-roald, SmartX, 3.106
1622112207.015, lauv-roald, SmartX, 3.105
1622112207.514, lauv-roald, SmartX, 3.105
1622112208.014, lauv-roald, SmartX, 3.104
1622112208.514, lauv-roald, SmartX, 3.104
1622112209.014, lauv-roald, SmartX, 3.104
1622112209.514, lauv-roald, SmartX, 3.103
1622112210.014, lauv-roald, SmartX, 3.103
1622112210.514, lauv-roald, SmartX, 3.103
1622112211.014, lauv-roald, SmartX, 3.102
1622112211.514, lauv-roald, SmartX, 3.102
1622112212.014, lauv-roald, SmartX, 3.102
1622112212.514, lauv-roald, SmartX, 3.102
1622112213.014, lauv-roald, SmartX, 3.102
1622112213.514, lauv-roald, SmartX, 3.101
1622112214.014, lauv-roald, SmartX, 3.102
1622112214.514, lauv-roald, SmartX, 3.102
1622112215.014, lauv-roald, SmartX, 3.103
1622112215.514, lauv-roald, SmartX, 3.103
1622112216.014, lauv-roald, SmartX, 3.103
1622112216.514, lauv-roald, SmartX, 3.104
1622112217.014, lauv-roald, SmartX, 3.103
1622112217.514, lauv-roald, SmartX, 3.103
1622112218.014, lauv-roald, SmartX, 3.104
1622112218.514, lauv-roald, SmartX, 3.104
1622112219.014, lauv-roald, SmartX, 3.105
1622112219.514, lauv-roald, SmartX, 3.105
1622112220.014, lauv-roald, SmartX, 3.105
1622112220.514, lauv-roald, SmartX, 3.104
1622112221.014, lauv-roald, SmartX, 3.104
1622112221.514, lauv-roald, SmartX, 3.104
1622112222.014, lauv-roald, SmartX, 3.104
1622112222.514, lauv-roald, SmartX, 3.104
1622112223.013, lauv-roald, SmartX, 3.103
1622112223.513, lauv-roald, SmartX, 3.103
1622112224.013, lauv-roald, SmartX, 3.103
1622112224.513, lauv-roald, SmartX, 3.103
1622112225.013, lauv-roald, SmartX, 3.103
1622112225.513, lauv-roald, SmartX, 3.103
1622112226.013, lauv-roald, SmartX, 3.103
1622112226.513, lauv-roald, SmartX, 3.103
1622112227.013, lauv-roald, SmartX, 3.103
1622112227.513, lauv-roald, SmartX, 3.104
1622112228.013, lauv-roald, SmartX, 3.104
1622112228.513, lauv-roald, SmartX, 3.104
1622112229.013, lauv-roald, SmartX, 3.104
1622112229.513, lauv-roald, SmartX, 3.104
1622112230.013, lauv-roald, SmartX, 3.103
1622112230.513, lauv-roald, SmartX, 3.103
1622112231.013, lauv-roald, SmartX, 3.103
1622112231.513, lauv-roald, SmartX, 3.103
1622112232.013, lauv-roald, SmartX, 3.103
1622112232.513, lauv-roald, SmartX, 3.103
1622112233.013, lauv-roald, SmartX, 3.103
1622112233.513, lauv-roald, SmartX, 3.102
1622112234.013, lauv-roald, SmartX, 3.103
1622112234.513, lauv-roald, SmartX, 3.103
1622112235.013, lauv-roald, SmartX, 3.102
1622112235.513, lauv-roald, SmartX, 3.102
1622112236.013, lauv-roald, SmartX, 3.102
1622112236.513, lauv-roald, SmartX, 3.103
1622112237.013, lauv-roald, SmartX, 3.103
1622112237.512, lauv-roald, SmartX, 3.103
1622112238.013, lauv-roald, SmartX, 3.103
1622112238.513, lauv-roald, SmartX, 3.103
1622112239.012, lauv-roald, SmartX, 3.103
1622112239.512, lauv-roald, SmartX, 3.103
1622112240.012, lauv-roald, SmartX, 3.103
1622112240.512, lauv-roald, SmartX, 3.102
1622112241.012, lauv-roald, SmartX, 3.102
1622112241.512, lauv-roald, SmartX, 3.102
1622112242.012, lauv-roald, SmartX, 3.101
1622112242.512, lauv-roald, SmartX, 3.102
1622112243.012, lauv-roald, SmartX, 3.102
1622112243.512, lauv-roald, SmartX, 3.102
1622112244.012, lauv-roald, SmartX, 3.102
1622112244.512, lauv-roald, SmartX, 3.102
1622112245.012, lauv-roald, SmartX, 3.102
1622112245.512, lauv-roald, SmartX, 3.102
1622112246.012, lauv-roald, SmartX, 3.102
1622112246.512, lauv-roald, SmartX, 3.102
1622112247.012, lauv-roald, SmartX, 3.102
1622112247.512, lauv-roald, SmartX, 3.102
1622112248.012, lauv-roald, SmartX, 3.102
1622112248.512, lauv-roald, SmartX, 3.102
1622112249.012, lauv-roald, SmartX, 3.102
1622112249.512, lauv-roald, SmartX, 3.102
1622112250.012, lauv-roald, SmartX, 3.102
1622112250.512, lauv-roald, SmartX, 3.102
1622112251.012, lauv-roald, SmartX, 3.102
1622112251.512, lauv-roald, SmartX, 3.102
1622112252.011, lauv-roald, SmartX, 3.103
1622112252.511, lauv-roald, SmartX, 3.103
1622112253.011, lauv-roald, SmartX, 3.103
1622112253.511, lauv-roald, SmartX, 3.103
1622112254.011, lauv-roald, SmartX, 3.102
1622112254.511, lauv-roald, SmartX, 3.102
1622112255.011, lauv-roald, SmartX, 3.102
1622112255.511, lauv-roald, SmartX, 3.102
1622112256.011, lauv-roald, SmartX, 3.102
1622112256.511, lauv-roald, SmartX, 3.102
1622112257.014, lauv-roald, SmartX, 3.102
1622112257.511, lauv-roald, SmartX, 3.101
1622112258.011, lauv-roald, SmartX, 3.101
1622112258.511, lauv-roald, SmartX, 3.101
1622112259.011, lauv-roald, SmartX, 3.100
1622112259.511, lauv-roald, SmartX, 3.100
1622112260.011, lauv-roald, SmartX, 3.100
1622112260.511, lauv-roald, SmartX, 3.101
1622112261.011, lauv-roald, SmartX, 3.101
1622112261.511, lauv-roald, SmartX, 3.101
1622112262.011, lauv-roald, SmartX, 3.101
1622112262.511, lauv-roald, SmartX, 3.101
1622112263.011, lauv-roald, SmartX, 3.101
1622112263.511, lauv-roald, SmartX, 3.101
1622112264.011, lauv-roald, SmartX, 3.101
1622112264.511, lauv-roald, SmartX, 3.102
1622112265.011, lauv-roald, SmartX, 3.102
1622112265.511, lauv-roald, SmartX, 3.102
1622112266.011, lauv-roald, SmartX, 3.102
1622112266.510, lauv-roald, SmartX, 3.102
1622112267.010, lauv-roald, SmartX, 3.101
1622112267.511, lauv-roald, SmartX, 3.101
1622112268.010, lauv-roald, SmartX, 3.101
1622112268.510, lauv-roald, SmartX, 3.100
1622112269.010, lauv-roald, SmartX, 3.100
1622112269.510, lauv-roald, SmartX, 3.100
1622112270.010, lauv-roald, SmartX, 3.100
1622112270.510, lauv-roald, SmartX, 3.100
1622112271.010, lauv-roald, SmartX, 3.100
1622112271.510, lauv-roald, SmartX, 3.101
1622112272.010, lauv-roald, SmartX, 3.100
1622112272.510, lauv-roald, SmartX, 3.100
1622112273.010, lauv-roald, SmartX, 3.100
1622112273.510, lauv-roald, SmartX, 3.100
1622112274.010, lauv-roald, SmartX, 3.100
1622112274.510, lauv-roald, SmartX, 3.100
1622112275.010, lauv-roald, SmartX, 3.100
1622112275.510, lauv-roald, SmartX, 3.100
1622112276.010, lauv-roald, SmartX, 3.100
1622112276.510, lauv-roald, SmartX, 3.100
1622112277.010, lauv-roald, SmartX, 3.100
1622112277.509, lauv-roald, SmartX, 3.100
1622112278.009, lauv-roald, SmartX, 3.100
1622112278.509, lauv-roald, SmartX, 3.100
1622112279.009, lauv-roald, SmartX, 3.100
1622112279.510, lauv-roald, SmartX, 3.100
1622112280.010, lauv-roald, SmartX, 3.100
1622112280.509, lauv-roald, SmartX, 3.100
1622112281.009, lauv-roald, SmartX, 3.100
1622112281.509, lauv-roald, SmartX, 3.101
1622112282.009, lauv-roald, SmartX, 3.101
1622112282.509, lauv-roald, SmartX, 3.101
1622112283.009, lauv-roald, SmartX, 3.101
1622112283.509, lauv-roald, SmartX, 3.101
1622112284.009, lauv-roald, SmartX, 3.101
1622112284.509, lauv-roald, SmartX, 3.101
1622112285.009, lauv-roald, SmartX, 3.101
1622112285.509, lauv-roald, SmartX, 3.100
1622112286.009, lauv-roald, SmartX, 3.101
1622112286.509, lauv-roald, SmartX, 3.100
1622112287.009, lauv-roald, SmartX, 3.100
1622112287.509, lauv-roald, SmartX, 3.100
1622112288.009, lauv-roald, SmartX, 3.100
1622112288.509, lauv-roald, SmartX, 3.100
1622112289.009, lauv-roald, SmartX, 3.099
1622112289.509, lauv-roald, SmartX, 3.099
1622112290.009, lauv-roald, SmartX, 3.099
1622112290.509, lauv-roald, SmartX, 3.098
1622112291.009, lauv-roald, SmartX, 3.098
1622112291.509, lauv-roald, SmartX, 3.098
1622112292.009, lauv-roald, SmartX, 3.099
1622112292.509, lauv-roald, SmartX, 3.099
1622112293.009, lauv-roald, SmartX, 3.099
1622112293.509, lauv-roald, SmartX, 3.099
1622112294.009, lauv-roald, SmartX, 3.099
1622112294.509, lauv-roald, SmartX, 3.099
1622112295.009, lauv-roald, SmartX, 3.099
1622112295.509, lauv-roald, SmartX, 3.099
1622112296.009, lauv-roald, SmartX, 3.099
1622112296.509, lauv-roald, SmartX, 3.099
1622112297.009, lauv-roald, SmartX, 3.098
1622112297.508, lauv-roald, SmartX, 3.098
1622112298.008, lauv-roald, SmartX, 3.098
1622112298.508, lauv-roald, SmartX, 3.098
1622112299.008, lauv-roald, SmartX, 3.098
1622112299.508, lauv-roald, SmartX, 3.098
1622112300.008, lauv-roald, SmartX, 3.098
1622112300.508, lauv-roald, SmartX, 3.098
1622112301.008, lauv-roald, SmartX, 3.098
1622112301.508, lauv-roald, SmartX, 3.098
1622112302.008, lauv-roald, SmartX, 3.099
1622112302.508, lauv-roald, SmartX, 3.099
1622112303.008, lauv-roald, SmartX, 3.099
1622112303.508, lauv-roald, SmartX, 3.099
1622112304.008, lauv-roald, SmartX, 3.099
1622112304.508, lauv-roald, SmartX, 3.099
1622112305.008, lauv-roald, SmartX, 3.099
1622112305.508, lauv-roald, SmartX, 3.099
1622112306.008, lauv-roald, SmartX, 3.099
1622112306.508, lauv-roald, SmartX, 3.098
1622112307.008, lauv-roald, SmartX, 3.099
1622112307.508, lauv-roald, SmartX, 3.099
1622112308.008, lauv-roald, SmartX, 3.099
1622112308.508, lauv-roald, SmartX, 3.099
1622112309.008, lauv-roald, SmartX, 3.099
1622112309.508, lauv-roald, SmartX, 3.098
1622112310.008, lauv-roald, SmartX, 3.099
1622112310.508, lauv-roald, SmartX, 3.098
1622112311.007, lauv-roald, SmartX, 3.098
1622112311.508, lauv-roald, SmartX, 3.098
1622112312.007, lauv-roald, SmartX, 3.098
1622112312.507, lauv-roald, SmartX, 3.097
1622112313.008, lauv-roald, SmartX, 3.097
1622112313.508, lauv-roald, SmartX, 3.097
1622112314.007, lauv-roald, SmartX, 3.097
1622112314.507, lauv-roald, SmartX, 3.096
1622112315.007, lauv-roald, SmartX, 3.097
1622112315.507, lauv-roald, SmartX, 3.097
1622112316.007, lauv-roald, SmartX, 3.097
1622112316.507, lauv-roald, SmartX, 3.098
1622112317.007, lauv-roald, SmartX, 3.098
1622112317.507, lauv-roald, SmartX, 3.098
1622112318.007, lauv-roald, SmartX, 3.098
1622112318.507, lauv-roald, SmartX, 3.098
1622112319.007, lauv-roald, SmartX, 3.098
1622112319.507, lauv-roald, SmartX, 3.099
1622112320.007, lauv-roald, SmartX, 3.099
1622112320.507, lauv-roald, SmartX, 3.099
1622112321.007, lauv-roald, SmartX, 3.099
1622112321.507, lauv-roald, SmartX, 3.099
1622112322.007, lauv-roald, SmartX, 3.099
1622112322.507, lauv-roald, SmartX, 3.099
1622112323.007, lauv-roald, SmartX, 3.098
1622112323.507, lauv-roald, SmartX, 3.098
1622112324.007, lauv-roald, SmartX, 3.098
1622112324.507, lauv-roald, SmartX, 3.098
1622112325.007, lauv-roald, SmartX, 3.099
1622112325.507, lauv-roald, SmartX, 3.098
1622112326.006, lauv-roald, SmartX, 3.098
1622112326.507, lauv-roald, SmartX, 3.098
1622112327.007, lauv-roald, SmartX, 3.097
1622112327.506, lauv-roald, SmartX, 3.097
1622112328.006, lauv-roald, SmartX, 3.096
1622112328.506, lauv-roald, SmartX, 3.096
1622112329.006, lauv-roald, SmartX, 3.097
1622112329.506, lauv-roald, SmartX, 3.097
1622112330.006, lauv-roald, SmartX, 3.097
1622112330.506, lauv-roald, SmartX, 3.096
1622112331.006, lauv-roald, SmartX, 3.096
1622112331.506, lauv-roald, SmartX, 3.096
1622112332.006, lauv-roald, SmartX, 3.096
1622112332.506, lauv-roald, SmartX, 3.097
1622112333.006, lauv-roald, SmartX, 3.097
1622112333.506, lauv-roald, SmartX, 3.097
1622112334.006, lauv-roald, SmartX, 3.098
1622112334.506, lauv-roald, SmartX, 3.098
1622112335.006, lauv-roald, SmartX, 3.098
1622112335.506, lauv-roald, SmartX, 3.098
1622112336.006, lauv-roald, SmartX, 3.098
1622112336.506, lauv-roald, SmartX, 3.097
1622112337.006, lauv-roald, SmartX, 3.098
1622112337.506, lauv-roald, SmartX, 3.097
1622112338.006, lauv-roald, SmartX, 3.098
1622112338.506, lauv-roald, SmartX, 3.097
1622112339.006, lauv-roald, SmartX, 3.096
1622112339.506, lauv-roald, SmartX, 3.095
1622112340.005, lauv-roald, SmartX, 3.095
1622112340.505, lauv-roald, SmartX, 3.095
1622112341.006, lauv-roald, SmartX, 3.095
1622112341.505, lauv-roald, SmartX, 3.095
1622112342.006, lauv-roald, SmartX, 3.095
1622112342.506, lauv-roald, SmartX, 3.095
1622112343.005, lauv-roald, SmartX, 3.095
1622112343.505, lauv-roald, SmartX, 3.095
1622112344.005, lauv-roald, SmartX, 3.095
1622112344.505, lauv-roald, SmartX, 3.094
1622112345.005, lauv-roald, SmartX, 3.095
1622112345.505, lauv-roald, SmartX, 3.095
1622112346.005, lauv-roald, SmartX, 3.094
1622112346.505, lauv-roald, SmartX, 3.094
1622112347.005, lauv-roald, SmartX, 3.094
1622112347.505, lauv-roald, SmartX, 3.093
1622112348.005, lauv-roald, SmartX, 3.093
1622112348.505, lauv-roald, SmartX, 3.093
1622112349.005, lauv-roald, SmartX, 3.093
1622112349.505, lauv-roald, SmartX, 3.094
1622112350.005, lauv-roald, SmartX, 3.094
1622112350.505, lauv-roald, SmartX, 3.094
1622112351.005, lauv-roald, SmartX, 3.094
1622112351.505, lauv-roald, SmartX, 3.093
1622112352.005, lauv-roald, SmartX, 3.093
1622112352.505, lauv-roald, SmartX, 3.092
1622112353.005, lauv-roald, SmartX, 3.092
1622112353.505, lauv-roald, SmartX, 3.092
1622112354.005, lauv-roald, SmartX, 3.092
1622112354.505, lauv-roald, SmartX, 3.093
1622112355.005, lauv-roald, SmartX, 3.093
1622112355.505, lauv-roald, SmartX, 3.093
1622112356.007, lauv-roald, SmartX, 3.094
1622112356.504, lauv-roald, SmartX, 3.095
1622112357.004, lauv-roald, SmartX, 3.096
1622112357.504, lauv-roald, SmartX, 3.096
1622112358.004, lauv-roald, SmartX, 3.096
1622112358.504, lauv-roald, SmartX, 3.097
1622112359.004, lauv-roald, SmartX, 3.098
1622112359.504, lauv-roald, SmartX, 3.102
1622112360.004, lauv-roald, SmartX, 3.107
1622112360.504, lauv-roald, SmartX, 3.110
1622112361.004, lauv-roald, SmartX, 3.111
1622112361.504, lauv-roald, SmartX, 3.112
1622112362.004, lauv-roald, SmartX, 3.111
1622112362.504, lauv-roald, SmartX, 3.112
1622112363.004, lauv-roald, SmartX, 3.113
1622112363.504, lauv-roald, SmartX, 3.113
1622112364.004, lauv-roald, SmartX, 3.113
1622112364.504, lauv-roald, SmartX, 3.113
1622112365.006, lauv-roald, SmartX, 3.114
1622112365.504, lauv-roald, SmartX, 3.115
1622112366.004, lauv-roald, SmartX, 3.116
1622112366.504, lauv-roald, SmartX, 3.116
1622112367.004, lauv-roald, SmartX, 3.116
1622112367.504, lauv-roald, SmartX, 3.109
1622112368.004, lauv-roald, SmartX, 3.108
1622112368.504, lauv-roald, SmartX, 3.112
1622112369.004, lauv-roald, SmartX, 3.112
1622112369.504, lauv-roald, SmartX, 3.115
1622112370.004, lauv-roald, SmartX, 3.115
1622112370.504, lauv-roald, SmartX, 3.117
1622112371.004, lauv-roald, SmartX, 3.116
1622112371.503, lauv-roald, SmartX, 3.116
1622112372.004, lauv-roald, SmartX, 3.116
1622112372.504, lauv-roald, SmartX, 3.117
1622112373.004, lauv-roald, SmartX, 3.117
1622112373.503, lauv-roald, SmartX, 3.117
1622112374.003, lauv-roald, SmartX, 3.116
1622112374.503, lauv-roald, SmartX, 3.116
1622112375.003, lauv-roald, SmartX, 3.116
1622112375.503, lauv-roald, SmartX, 3.116
1622112376.003, lauv-roald, SmartX, 3.116
1622112376.503, lauv-roald, SmartX, 3.117
1622112377.003, lauv-roald, SmartX, 3.117
1622112377.503, lauv-roald, SmartX, 3.117
1622112378.003, lauv-roald, SmartX, 3.117
1622112378.503, lauv-roald, SmartX, 3.116
1622112379.003, lauv-roald, SmartX, 3.119
1622112379.503, lauv-roald, SmartX, 3.115
1622112380.003, lauv-roald, SmartX, 3.114
1622112380.503, lauv-roald, SmartX, 3.116
1622112381.003, lauv-roald, SmartX, 3.116
1622112381.503, lauv-roald, SmartX, 3.117
1622112382.003, lauv-roald, SmartX, 3.116
1622112382.503, lauv-roald, SmartX, 3.117
1622112383.003, lauv-roald, SmartX, 3.116
1622112383.503, lauv-roald, SmartX, 3.114
1622112384.003, lauv-roald, SmartX, 3.114
1622112384.503, lauv-roald, SmartX, 3.114
1622112385.003, lauv-roald, SmartX, 3.113
1622112385.502, lauv-roald, SmartX, 3.114
1622112386.003, lauv-roald, SmartX, 3.115
1622112386.503, lauv-roald, SmartX, 3.115
1622112387.003, lauv-roald, SmartX, 3.115
1622112387.502, lauv-roald, SmartX, 3.115
1622112388.002, lauv-roald, SmartX, 3.116
1622112388.502, lauv-roald, SmartX, 3.116
1622112389.002, lauv-roald, SmartX, 3.115
1622112389.502, lauv-roald, SmartX, 3.117
1622112390.002, lauv-roald, SmartX, 3.116
1622112390.502, lauv-roald, SmartX, 3.115
1622112391.002, lauv-roald, SmartX, 3.117
1622112391.502, lauv-roald, SmartX, 3.117
1622112392.002, lauv-roald, SmartX, 3.117
1622112392.502, lauv-roald, SmartX, 3.119
1622112393.002, lauv-roald, SmartX, 3.118
1622112393.502, lauv-roald, SmartX, 3.118
1622112394.002, lauv-roald, SmartX, 3.118
1622112394.502, lauv-roald, SmartX, 3.118
1622112395.002, lauv-roald, SmartX, 3.118
1622112395.502, lauv-roald, SmartX, 3.119
1622112396.002, lauv-roald, SmartX, 3.119
1622112396.502, lauv-roald, SmartX, 3.119
1622112397.003, lauv-roald, SmartX, 3.118
1622112397.502, lauv-roald, SmartX, 3.118
1622112398.002, lauv-roald, SmartX, 3.118
1622112398.502, lauv-roald, SmartX, 3.118
1622112399.002, lauv-roald, SmartX, 3.118
1622112399.502, lauv-roald, SmartX, 3.118
1622112400.002, lauv-roald, SmartX, 3.119
1622112400.502, lauv-roald, SmartX, 3.119
1622112401.002, lauv-roald, SmartX, 3.119
1622112401.502, lauv-roald, SmartX, 3.120
1622112402.002, lauv-roald, SmartX, 3.120
1622112402.502, lauv-roald, SmartX, 3.119
1622112403.001, lauv-roald, SmartX, 3.117
1622112403.501, lauv-roald, SmartX, 3.115
1622112404.001, lauv-roald, SmartX, 3.116
1622112404.501, lauv-roald, SmartX, 3.118
1622112405.001, lauv-roald, SmartX, 3.119
1622112405.501, lauv-roald, SmartX, 3.119
1622112406.002, lauv-roald, SmartX, 3.119
1622112406.501, lauv-roald, SmartX, 3.119
1622112407.001, lauv-roald, SmartX, 3.118
1622112407.501, lauv-roald, SmartX, 3.118
1622112408.001, lauv-roald, SmartX, 3.118
1622112408.501, lauv-roald, SmartX, 3.117
1622112409.001, lauv-roald, SmartX, 3.116
1622112409.501, lauv-roald, SmartX, 3.115
1622112410.001, lauv-roald, SmartX, 3.115
1622112410.501, lauv-roald, SmartX, 3.116
1622112411.001, lauv-roald, SmartX, 3.115
1622112411.501, lauv-roald, SmartX, 3.116
1622112412.001, lauv-roald, SmartX, 3.116
1622112412.501, lauv-roald, SmartX, 3.116
1622112413.001, lauv-roald, SmartX, 3.115
1622112413.501, lauv-roald, SmartX, 3.115
1622112414.001, lauv-roald, SmartX, 3.114
1622112414.501, lauv-roald, SmartX, 3.115
1622112415.001, lauv-roald, SmartX, 3.115
1622112415.501, lauv-roald, SmartX, 3.115
1622112416.000, lauv-roald, SmartX, 3.115
1622112416.500, lauv-roald, SmartX, 3.114
1622112417.000, lauv-roald, SmartX, 3.114
1622112417.500, lauv-roald, SmartX, 3.113
1622112418.000, lauv-roald, SmartX, 3.113
1622112418.500, lauv-roald, SmartX, 3.114
1622112419.000, lauv-roald, SmartX, 3.114
1622112419.500, lauv-roald, SmartX, 3.114
1622112420.000, lauv-roald, SmartX, 3.113
1622112420.500, lauv-roald, SmartX, 3.113
1622112421.000, lauv-roald, SmartX, 3.112
1622112421.500, lauv-roald, SmartX, 3.111
1622112422.000, lauv-roald, SmartX, 3.111
1622112422.500, lauv-roald, SmartX, 3.109
1622112423.000, lauv-roald, SmartX, 3.109
1622112423.500, lauv-roald, SmartX, 3.108
1622112424.000, lauv-roald, SmartX, 3.107
1622112424.500, lauv-roald, SmartX, 3.107
1622112425.000, lauv-roald, SmartX, 3.106
1622112425.500, lauv-roald, SmartX, 3.105
1622112426.000, lauv-roald, SmartX, 3.105
1622112426.500, lauv-roald, SmartX, 3.105
1622112427.000, lauv-roald, SmartX, 3.105
1622112427.500, lauv-roald, SmartX, 3.105
1622112428.000, lauv-roald, SmartX, 3.107
1622112428.500, lauv-roald, SmartX, 3.108
1622112428.999, lauv-roald, SmartX, 3.108
1622112429.500, lauv-roald, SmartX, 3.108
1622112429.999, lauv-roald, SmartX, 3.107
1622112430.499, lauv-roald, SmartX, 3.107
1622112430.999, lauv-roald, SmartX, 3.106
1622112431.499, lauv-roald, SmartX, 3.105
1622112431.999, lauv-roald, SmartX, 3.105
1622112432.499, lauv-roald, SmartX, 3.106
1622112432.999, lauv-roald, SmartX, 3.106
1622112433.499, lauv-roald, SmartX, 3.106
1622112433.999, lauv-roald, SmartX, 3.106
1622112434.499, lauv-roald, SmartX, 3.106
1622112434.999, lauv-roald, SmartX, 3.105
1622112435.499, lauv-roald, SmartX, 3.104
1622112435.999, lauv-roald, SmartX, 3.103
1622112436.499, lauv-roald, SmartX, 3.102
1622112436.999, lauv-roald, SmartX, 3.102
1622112437.499, lauv-roald, SmartX, 3.102
1622112437.999, lauv-roald, SmartX, 3.102
1622112438.499, lauv-roald, SmartX, 3.101
1622112438.999, lauv-roald, SmartX, 3.099
1622112439.499, lauv-roald, SmartX, 3.099
1622112439.999, lauv-roald, SmartX, 3.099
1622112440.499, lauv-roald, SmartX, 3.099
1622112440.999, lauv-roald, SmartX, 3.099
1622112441.499, lauv-roald, SmartX, 3.099
1622112441.999, lauv-roald, SmartX, 3.098
1622112442.499, lauv-roald, SmartX, 3.097
1622112442.999, lauv-roald, SmartX, 3.098
1622112443.499, lauv-roald, SmartX, 3.099
1622112443.999, lauv-roald, SmartX, 3.094
1622112444.499, lauv-roald, SmartX, 3.085
1622112444.999, lauv-roald, SmartX, 3.087
1622112445.498, lauv-roald, SmartX, 3.087
1622112445.998, lauv-roald, SmartX, 3.090
1622112446.498, lauv-roald, SmartX, 3.092
1622112446.998, lauv-roald, SmartX, 3.090
1622112447.498, lauv-roald, SmartX, 3.088
1622112447.998, lauv-roald, SmartX, 3.087
1622112448.498, lauv-roald, SmartX, 3.087
1622112448.998, lauv-roald, SmartX, 3.086
1622112449.498, lauv-roald, SmartX, 3.085
1622112449.998, lauv-roald, SmartX, 3.086
1622112450.498, lauv-roald, SmartX, 3.088
1622112450.998, lauv-roald, SmartX, 3.086
1622112451.498, lauv-roald, SmartX, 3.079
1622112451.998, lauv-roald, SmartX, 3.076
1622112452.498, lauv-roald, SmartX, 3.074
1622112452.998, lauv-roald, SmartX, 3.068
1622112453.498, lauv-roald, SmartX, 3.066
1622112453.998, lauv-roald, SmartX, 3.069
1622112454.498, lauv-roald, SmartX, 3.073
1622112454.998, lauv-roald, SmartX, 3.074
1622112455.498, lauv-roald, SmartX, 3.076
1622112455.998, lauv-roald, SmartX, 3.077
1622112456.498, lauv-roald, SmartX, 3.073
1622112456.998, lauv-roald, SmartX, 3.060
1622112457.498, lauv-roald, SmartX, 3.053
1622112457.998, lauv-roald, SmartX, 3.043
1622112458.498, lauv-roald, SmartX, 3.037
1622112458.998, lauv-roald, SmartX, 3.035
1622112459.498, lauv-roald, SmartX, 3.040
1622112459.998, lauv-roald, SmartX, 3.049
1622112460.498, lauv-roald, SmartX, 3.053
1622112460.997, lauv-roald, SmartX, 3.058
1622112461.497, lauv-roald, SmartX, 3.059
1622112461.997, lauv-roald, SmartX, 3.058
1622112462.497, lauv-roald, SmartX, 3.055
1622112462.997, lauv-roald, SmartX, 3.049
1622112463.497, lauv-roald, SmartX, 3.048
1622112463.997, lauv-roald, SmartX, 3.048
1622112464.497, lauv-roald, SmartX, 3.049
1622112464.997, lauv-roald, SmartX, 3.049
1622112465.497, lauv-roald, SmartX, 3.046
1622112465.997, lauv-roald, SmartX, 3.045
1622112466.497, lauv-roald, SmartX, 3.043
1622112466.997, lauv-roald, SmartX, 3.040
1622112467.497, lauv-roald, SmartX, 3.040
1622112467.997, lauv-roald, SmartX, 3.039
1622112468.497, lauv-roald, SmartX, 3.039
1622112468.997, lauv-roald, SmartX, 3.039
1622112469.497, lauv-roald, SmartX, 3.038
1622112469.997, lauv-roald, SmartX, 3.038
1622112470.497, lauv-roald, SmartX, 3.037
1622112470.997, lauv-roald, SmartX, 3.036
1622112471.497, lauv-roald, SmartX, 3.032
1622112471.997, lauv-roald, SmartX, 3.027
1622112472.497, lauv-roald, SmartX, 3.024
1622112472.997, lauv-roald, SmartX, 3.022
1622112473.497, lauv-roald, SmartX, 3.020
1622112473.997, lauv-roald, SmartX, 3.022
1622112474.497, lauv-roald, SmartX, 3.026
1622112474.997, lauv-roald, SmartX, 3.029
1622112475.497, lauv-roald, SmartX, 3.026
1622112475.997, lauv-roald, SmartX, 3.020
1622112476.496, lauv-roald, SmartX, 3.016
1622112476.997, lauv-roald, SmartX, 3.017
1622112477.496, lauv-roald, SmartX, 3.017
1622112477.996, lauv-roald, SmartX, 3.015
1622112478.496, lauv-roald, SmartX, 3.021
1622112478.997, lauv-roald, SmartX, 3.024
1622112479.497, lauv-roald, SmartX, 3.028
1622112479.996, lauv-roald, SmartX, 3.028
1622112480.496, lauv-roald, SmartX, 3.030
1622112480.996, lauv-roald, SmartX, 3.031
1622112481.496, lauv-roald, SmartX, 3.032
1622112481.996, lauv-roald, SmartX, 3.031
1622112482.496, lauv-roald, SmartX, 3.031
1622112482.996, lauv-roald, SmartX, 3.026
1622112483.496, lauv-roald, SmartX, 3.023
1622112483.996, lauv-roald, SmartX, 3.020
1622112484.496, lauv-roald, SmartX, 3.022
1622112484.996, lauv-roald, SmartX, 3.022
1622112485.496, lauv-roald, SmartX, 3.021
1622112485.996, lauv-roald, SmartX, 3.021
1622112486.496, lauv-roald, SmartX, 3.020
1622112486.996, lauv-roald, SmartX, 3.019
1622112487.496, lauv-roald, SmartX, 3.017
1622112487.996, lauv-roald, SmartX, 3.017
1622112488.496, lauv-roald, SmartX, 3.017
1622112488.996, lauv-roald, SmartX, 3.017
1622112489.496, lauv-roald, SmartX, 3.017
1622112489.996, lauv-roald, SmartX, 3.017
1622112490.496, lauv-roald, SmartX, 3.016
1622112490.996, lauv-roald, SmartX, 3.016
1622112491.495, lauv-roald, SmartX, 3.015
1622112491.995, lauv-roald, SmartX, 3.015
1622112492.495, lauv-roald, SmartX, 3.015
1622112492.995, lauv-roald, SmartX, 3.015
1622112493.495, lauv-roald, SmartX, 3.015
1622112493.995, lauv-roald, SmartX, 3.014
1622112494.495, lauv-roald, SmartX, 3.014
1622112494.995, lauv-roald, SmartX, 3.014
1622112495.495, lauv-roald, SmartX, 3.013
1622112495.995, lauv-roald, SmartX, 3.013
1622112496.496, lauv-roald, SmartX, 3.013
1622112496.995, lauv-roald, SmartX, 3.013
1622112497.495, lauv-roald, SmartX, 3.012
1622112497.995, lauv-roald, SmartX, 3.012
1622112498.495, lauv-roald, SmartX, 3.012
1622112498.995, lauv-roald, SmartX, 3.012
1622112499.495, lauv-roald, SmartX, 3.012
1622112499.995, lauv-roald, SmartX, 3.011
1622112500.495, lauv-roald, SmartX, 3.011
1622112500.995, lauv-roald, SmartX, 3.010
1622112501.495, lauv-roald, SmartX, 3.011
1622112501.995, lauv-roald, SmartX, 3.010
1622112502.495, lauv-roald, SmartX, 3.010
1622112502.995, lauv-roald, SmartX, 3.010
1622112503.495, lauv-roald, SmartX, 3.010
1622112503.995, lauv-roald, SmartX, 3.009
1622112504.494, lauv-roald, SmartX, 3.009
1622112504.994, lauv-roald, SmartX, 3.009
1622112505.495, lauv-roald, SmartX, 3.009
1622112505.994, lauv-roald, SmartX, 3.009
1622112506.494, lauv-roald, SmartX, 3.009
1622112506.994, lauv-roald, SmartX, 3.009
1622112507.494, lauv-roald, SmartX, 3.009
1622112507.994, lauv-roald, SmartX, 3.009
1622112508.494, lauv-roald, SmartX, 3.009
1622112508.994, lauv-roald, SmartX, 3.009
1622112509.494, lauv-roald, SmartX, 3.009
1622112509.994, lauv-roald, SmartX, 3.010
1622112510.494, lauv-roald, SmartX, 3.009
1622112510.994, lauv-roald, SmartX, 3.010
1622112511.494, lauv-roald, SmartX, 3.010
1622112511.994, lauv-roald, SmartX, 3.010
1622112512.494, lauv-roald, SmartX, 3.010
1622112512.994, lauv-roald, SmartX, 3.010
1622112513.494, lauv-roald, SmartX, 3.011
1622112513.994, lauv-roald, SmartX, 3.012
1622112514.494, lauv-roald, SmartX, 3.011
1622112514.995, lauv-roald, SmartX, 3.011
1622112515.494, lauv-roald, SmartX, 3.011
1622112515.994, lauv-roald, SmartX, 3.013
1622112516.494, lauv-roald, SmartX, 3.014
1622112516.994, lauv-roald, SmartX, 3.013
1622112517.494, lauv-roald, SmartX, 3.014
1622112517.994, lauv-roald, SmartX, 3.014
1622112518.494, lauv-roald, SmartX, 3.015
1622112518.994, lauv-roald, SmartX, 3.016
1622112519.494, lauv-roald, SmartX, 3.015
1622112519.994, lauv-roald, SmartX, 3.014
1622112520.494, lauv-roald, SmartX, 3.017
1622112520.994, lauv-roald, SmartX, 3.018
1622112521.494, lauv-roald, SmartX, 3.019
1622112521.994, lauv-roald, SmartX, 3.019
1622112522.494, lauv-roald, SmartX, 3.019
1622112522.993, lauv-roald, SmartX, 3.018
1622112523.494, lauv-roald, SmartX, 3.019
1622112523.993, lauv-roald, SmartX, 3.020
1622112524.493, lauv-roald, SmartX, 3.018
1622112524.993, lauv-roald, SmartX, 3.018
1622112525.493, lauv-roald, SmartX, 3.019
1622112525.993, lauv-roald, SmartX, 3.019
1622112526.493, lauv-roald, SmartX, 3.018
1622112526.993, lauv-roald, SmartX, 3.019
1622112527.493, lauv-roald, SmartX, 3.021
1622112527.993, lauv-roald, SmartX, 3.020
1622112528.493, lauv-roald, SmartX, 3.021
1622112528.993, lauv-roald, SmartX, 3.022
1622112529.493, lauv-roald, SmartX, 3.022
1622112529.993, lauv-roald, SmartX, 3.021
1622112530.493, lauv-roald, SmartX, 3.021
1622112530.993, lauv-roald, SmartX, 3.022
1622112531.493, lauv-roald, SmartX, 3.019
1622112531.993, lauv-roald, SmartX, 3.022
1622112532.493, lauv-roald, SmartX, 3.023
1622112532.993, lauv-roald, SmartX, 3.021
1622112533.493, lauv-roald, SmartX, 3.022
1622112533.993, lauv-roald, SmartX, 3.021
1622112534.493, lauv-roald, SmartX, 3.020
1622112534.993, lauv-roald, SmartX, 3.020
1622112535.493, lauv-roald, SmartX, 3.021
1622112535.993, lauv-roald, SmartX, 3.023
1622112536.492, lauv-roald, SmartX, 3.022
1622112536.992, lauv-roald, SmartX, 3.020
1622112537.493, lauv-roald, SmartX, 3.021
1622112537.992, lauv-roald, SmartX, 3.021
1622112538.492, lauv-roald, SmartX, 3.021
1622112538.992, lauv-roald, SmartX, 3.021
1622112539.492, lauv-roald, SmartX, 3.020
1622112539.992, lauv-roald, SmartX, 3.020
1622112540.492, lauv-roald, SmartX, 3.020
1622112540.992, lauv-roald, SmartX, 3.019
1622112541.492, lauv-roald, SmartX, 3.016
1622112541.992, lauv-roald, SmartX, 3.013
1622112542.492, lauv-roald, SmartX, 3.011
1622112542.992, lauv-roald, SmartX, 3.010
1622112543.492, lauv-roald, SmartX, 3.016
1622112543.992, lauv-roald, SmartX, 3.019
1622112544.492, lauv-roald, SmartX, 3.018
1622112544.992, lauv-roald, SmartX, 3.020
1622112545.492, lauv-roald, SmartX, 3.023
1622112545.992, lauv-roald, SmartX, 3.026
1622112546.492, lauv-roald, SmartX, 3.028
1622112546.992, lauv-roald, SmartX, 3.032
1622112547.492, lauv-roald, SmartX, 3.033
1622112547.992, lauv-roald, SmartX, 3.035
1622112548.491, lauv-roald, SmartX, 3.037
1622112548.992, lauv-roald, SmartX, 3.038
1622112549.492, lauv-roald, SmartX, 3.043
1622112549.992, lauv-roald, SmartX, 3.049
1622112550.491, lauv-roald, SmartX, 3.053
1622112550.991, lauv-roald, SmartX, 3.059
1622112551.491, lauv-roald, SmartX, 3.065
1622112551.991, lauv-roald, SmartX, 3.073
1622112552.491, lauv-roald, SmartX, 3.080
1622112552.991, lauv-roald, SmartX, 3.085
1622112553.491, lauv-roald, SmartX, 3.090
1622112553.991, lauv-roald, SmartX, 3.092
1622112554.491, lauv-roald, SmartX, 3.094
1622112554.991, lauv-roald, SmartX, 3.095
1622112555.491, lauv-roald, SmartX, 3.095
1622112555.991, lauv-roald, SmartX, 3.095
1622112556.491, lauv-roald, SmartX, 3.096
1622112556.991, lauv-roald, SmartX, 3.095
1622112557.491, lauv-roald, SmartX, 3.095
1622112557.991, lauv-roald, SmartX, 3.095
1622112558.491, lauv-roald, SmartX, 3.094
1622112558.991, lauv-roald, SmartX, 3.094
1622112559.491, lauv-roald, SmartX, 3.094
1622112559.991, lauv-roald, SmartX, 3.094
1622112560.491, lauv-roald, SmartX, 3.094
1622112560.991, lauv-roald, SmartX, 3.094
1622112561.491, lauv-roald, SmartX, 3.094
1622112561.991, lauv-roald, SmartX, 3.094
1622112562.491, lauv-roald, SmartX, 3.094
1622112562.991, lauv-roald, SmartX, 3.094
1622112563.491, lauv-roald, SmartX, 3.094
1622112563.990, lauv-roald, SmartX, 3.093
1622112564.491, lauv-roald, SmartX, 3.093
1622112564.990, lauv-roald, SmartX, 3.093
1622112565.491, lauv-roald, SmartX, 3.093
1622112565.991, lauv-roald, SmartX, 3.093
1622112566.491, lauv-roald, SmartX, 3.093
1622112566.990, lauv-roald, SmartX, 3.093
1622112567.491, lauv-roald, SmartX, 3.094
1622112567.991, lauv-roald, SmartX, 3.093
1622112568.490, lauv-roald, SmartX, 3.093
1622112568.990, lauv-roald, SmartX, 3.093
1622112569.490, lauv-roald, SmartX, 3.094
1622112569.990, lauv-roald, SmartX, 3.095
1622112570.490, lauv-roald, SmartX, 3.095
1622112570.990, lauv-roald, SmartX, 3.095
1622112571.490, lauv-roald, SmartX, 3.095
1622112571.991, lauv-roald, SmartX, 3.095
1622112572.490, lauv-roald, SmartX, 3.096
1622112572.991, lauv-roald, SmartX, 3.095
1622112573.490, lauv-roald, SmartX, 3.095
1622112573.990, lauv-roald, SmartX, 3.095
1622112574.490, lauv-roald, SmartX, 3.094
1622112574.990, lauv-roald, SmartX, 3.093
1622112575.490, lauv-roald, SmartX, 3.093
1622112575.990, lauv-roald, SmartX, 3.093
1622112576.490, lauv-roald, SmartX, 3.092
1622112576.990, lauv-roald, SmartX, 3.092
1622112577.490, lauv-roald, SmartX, 3.092
1622112577.991, lauv-roald, SmartX, 3.092
1622112578.489, lauv-roald, SmartX, 3.092
1622112578.991, lauv-roald, SmartX, 3.092
1622112579.489, lauv-roald, SmartX, 3.092
1622112579.992, lauv-roald, SmartX, 3.092
1622112580.489, lauv-roald, SmartX, 3.093
1622112580.991, lauv-roald, SmartX, 3.093
1622112581.490, lauv-roald, SmartX, 3.094
1622112581.991, lauv-roald, SmartX, 3.094
1622112582.490, lauv-roald, SmartX, 3.094
1622112582.989, lauv-roald, SmartX, 3.094
1622112583.490, lauv-roald, SmartX, 3.094
1622112583.990, lauv-roald, SmartX, 3.094
1622112584.489, lauv-roald, SmartX, 3.095
1622112584.989, lauv-roald, SmartX, 3.095
1622112585.489, lauv-roald, SmartX, 3.094
1622112585.989, lauv-roald, SmartX, 3.094
1622112586.489, lauv-roald, SmartX, 3.094
1622112586.989, lauv-roald, SmartX, 3.094
1622112587.489, lauv-roald, SmartX, 3.095
1622112587.989, lauv-roald, SmartX, 3.095
1622112588.489, lauv-roald, SmartX, 3.095
1622112588.990, lauv-roald, SmartX, 3.095
1622112589.489, lauv-roald, SmartX, 3.095
1622112589.989, lauv-roald, SmartX, 3.095
1622112590.489, lauv-roald, SmartX, 3.094
1622112590.989, lauv-roald, SmartX, 3.094
1622112591.489, lauv-roald, SmartX, 3.094
1622112591.989, lauv-roald, SmartX, 3.094
1622112592.488, lauv-roald, SmartX, 3.093
1622112592.988, lauv-roald, SmartX, 3.093
1622112593.489, lauv-roald, SmartX, 3.093
1622112593.988, lauv-roald, SmartX, 3.093
1622112594.488, lauv-roald, SmartX, 3.093
1622112594.988, lauv-roald, SmartX, 3.094
1622112595.488, lauv-roald, SmartX, 3.094
1622112595.989, lauv-roald, SmartX, 3.094
1622112596.488, lauv-roald, SmartX, 3.094
1622112596.988, lauv-roald, SmartX, 3.093
1622112597.488, lauv-roald, SmartX, 3.093
1622112597.988, lauv-roald, SmartX, 3.094
1622112598.488, lauv-roald, SmartX, 3.093
1622112598.988, lauv-roald, SmartX, 3.094
1622112599.488, lauv-roald, SmartX, 3.095
1622112599.988, lauv-roald, SmartX, 3.095
1622112600.488, lauv-roald, SmartX, 3.094
1622112600.988, lauv-roald, SmartX, 3.095
1622112601.488, lauv-roald, SmartX, 3.094
1622112601.988, lauv-roald, SmartX, 3.094
1622112602.488, lauv-roald, SmartX, 3.095
1622112602.988, lauv-roald, SmartX, 3.094
1622112603.488, lauv-roald, SmartX, 3.094
1622112603.988, lauv-roald, SmartX, 3.095
1622112604.488, lauv-roald, SmartX, 3.095
1622112604.988, lauv-roald, SmartX, 3.095
1622112605.488, lauv-roald, SmartX, 3.094
1622112605.988, lauv-roald, SmartX, 3.095
1622112606.488, lauv-roald, SmartX, 3.094
1622112606.988, lauv-roald, SmartX, 3.095
1622112607.487, lauv-roald, SmartX, 3.095
1622112607.988, lauv-roald, SmartX, 3.095
1622112608.488, lauv-roald, SmartX, 3.095
1622112608.987, lauv-roald, SmartX, 3.095
1622112609.488, lauv-roald, SmartX, 3.095
1622112609.987, lauv-roald, SmartX, 3.095
1622112610.487, lauv-roald, SmartX, 3.095
1622112610.987, lauv-roald, SmartX, 3.094
1622112611.487, lauv-roald, SmartX, 3.095
1622112611.987, lauv-roald, SmartX, 3.095
1622112612.487, lauv-roald, SmartX, 3.095
1622112612.987, lauv-roald, SmartX, 3.095
1622112613.487, lauv-roald, SmartX, 3.095
1622112613.987, lauv-roald, SmartX, 3.096
1622112614.487, lauv-roald, SmartX, 3.096
1622112614.987, lauv-roald, SmartX, 3.096
1622112615.487, lauv-roald, SmartX, 3.095
1622112615.987, lauv-roald, SmartX, 3.096
1622112616.487, lauv-roald, SmartX, 3.096
1622112616.987, lauv-roald, SmartX, 3.095
1622112617.487, lauv-roald, SmartX, 3.096
1622112617.987, lauv-roald, SmartX, 3.096
1622112618.487, lauv-roald, SmartX, 3.096
1622112618.987, lauv-roald, SmartX, 3.096
1622112619.487, lauv-roald, SmartX, 3.098
1622112619.987, lauv-roald, SmartX, 3.099
1622112620.487, lauv-roald, SmartX, 3.100
1622112620.987, lauv-roald, SmartX, 3.099
1622112621.487, lauv-roald, SmartX, 3.099
1622112621.986, lauv-roald, SmartX, 3.101
1622112622.487, lauv-roald, SmartX, 3.100
1622112622.987, lauv-roald, SmartX, 3.099
1622112623.486, lauv-roald, SmartX, 3.099
1622112623.986, lauv-roald, SmartX, 3.098
1622112624.486, lauv-roald, SmartX, 3.099
1622112624.986, lauv-roald, SmartX, 3.099
1622112625.486, lauv-roald, SmartX, 3.099
1622112625.986, lauv-roald, SmartX, 3.099
1622112626.486, lauv-roald, SmartX, 3.100
1622112626.986, lauv-roald, SmartX, 3.102
1622112627.486, lauv-roald, SmartX, 3.101
1622112627.986, lauv-roald, SmartX, 3.102
1622112628.486, lauv-roald, SmartX, 3.103
1622112628.986, lauv-roald, SmartX, 3.103
1622112629.486, lauv-roald, SmartX, 3.105
1622112629.986, lauv-roald, SmartX, 3.106
1622112630.486, lauv-roald, SmartX, 3.106
1622112630.986, lauv-roald, SmartX, 3.106
1622112631.486, lauv-roald, SmartX, 3.105
1622112631.986, lauv-roald, SmartX, 3.102
1622112632.486, lauv-roald, SmartX, 3.101
1622112632.986, lauv-roald, SmartX, 3.100
1622112633.486, lauv-roald, SmartX, 3.101
1622112633.986, lauv-roald, SmartX, 3.100
1622112634.485, lauv-roald, SmartX, 3.101
1622112634.986, lauv-roald, SmartX, 3.101
1622112635.485, lauv-roald, SmartX, 3.100
1622112635.986, lauv-roald, SmartX, 3.099
1622112636.486, lauv-roald, SmartX, 3.100
1622112636.985, lauv-roald, SmartX, 3.102
1622112637.485, lauv-roald, SmartX, 3.102
1622112637.985, lauv-roald, SmartX, 3.101
1622112638.485, lauv-roald, SmartX, 3.103
1622112638.985, lauv-roald, SmartX, 3.105
1622112639.485, lauv-roald, SmartX, 3.107
1622112639.985, lauv-roald, SmartX, 3.109
1622112640.485, lauv-roald, SmartX, 3.110
1622112640.985, lauv-roald, SmartX, 3.110
1622112641.485, lauv-roald, SmartX, 3.109
1622112641.985, lauv-roald, SmartX, 3.108
1622112642.485, lauv-roald, SmartX, 3.106
1622112642.985, lauv-roald, SmartX, 3.107
1622112643.485, lauv-roald, SmartX, 3.106
1622112643.985, lauv-roald, SmartX, 3.105
1622112644.485, lauv-roald, SmartX, 3.105
1622112644.985, lauv-roald, SmartX, 3.105
1622112645.485, lauv-roald, SmartX, 3.104
1622112645.985, lauv-roald, SmartX, 3.105
1622112646.485, lauv-roald, SmartX, 3.106
1622112646.985, lauv-roald, SmartX, 3.109
1622112647.485, lauv-roald, SmartX, 3.112
1622112647.985, lauv-roald, SmartX, 3.112
1622112648.485, lauv-roald, SmartX, 3.113
1622112648.985, lauv-roald, SmartX, 3.114
1622112649.485, lauv-roald, SmartX, 3.115
1622112649.985, lauv-roald, SmartX, 3.114
1622112650.485, lauv-roald, SmartX, 3.114
1622112650.985, lauv-roald, SmartX, 3.114
1622112651.485, lauv-roald, SmartX, 3.110
1622112651.984, lauv-roald, SmartX, 3.104
1622112652.484, lauv-roald, SmartX, 3.104
1622112652.984, lauv-roald, SmartX, 3.101
1622112653.485, lauv-roald, SmartX, 3.099
1622112653.984, lauv-roald, SmartX, 3.098
1622112654.484, lauv-roald, SmartX, 3.097
1622112654.984, lauv-roald, SmartX, 3.100
1622112655.484, lauv-roald, SmartX, 3.105
1622112655.984, lauv-roald, SmartX, 3.106
1622112656.484, lauv-roald, SmartX, 3.108
1622112656.984, lauv-roald, SmartX, 3.109
1622112657.484, lauv-roald, SmartX, 3.107
1622112657.984, lauv-roald, SmartX, 3.106
1622112658.484, lauv-roald, SmartX, 3.107
1622112658.984, lauv-roald, SmartX, 3.111
1622112659.484, lauv-roald, SmartX, 3.113
1622112659.984, lauv-roald, SmartX, 3.114
1622112660.484, lauv-roald, SmartX, 3.114
1622112660.984, lauv-roald, SmartX, 3.115
1622112661.484, lauv-roald, SmartX, 3.116
1622112661.984, lauv-roald, SmartX, 3.116
1622112662.484, lauv-roald, SmartX, 3.116
1622112662.984, lauv-roald, SmartX, 3.117
1622112663.484, lauv-roald, SmartX, 3.118
1622112663.984, lauv-roald, SmartX, 3.119
1622112664.484, lauv-roald, SmartX, 3.117
1622112664.984, lauv-roald, SmartX, 3.116
1622112665.484, lauv-roald, SmartX, 3.113
1622112665.984, lauv-roald, SmartX, 3.112
1622112666.484, lauv-roald, SmartX, 3.112
1622112666.984, lauv-roald, SmartX, 3.113
1622112667.484, lauv-roald, SmartX, 3.114
1622112667.983, lauv-roald, SmartX, 3.115
1622112668.483, lauv-roald, SmartX, 3.115
1622112668.983, lauv-roald, SmartX, 3.114
1622112669.483, lauv-roald, SmartX, 3.114
1622112669.983, lauv-roald, SmartX, 3.115
1622112670.483, lauv-roald, SmartX, 3.117
1622112670.983, lauv-roald, SmartX, 3.117
1622112671.483, lauv-roald, SmartX, 3.117
1622112671.983, lauv-roald, SmartX, 3.117
1622112672.483, lauv-roald, SmartX, 3.117
1622112672.984, lauv-roald, SmartX, 3.117
1622112673.483, lauv-roald, SmartX, 3.116
1622112673.983, lauv-roald, SmartX, 3.116
1622112674.483, lauv-roald, SmartX, 3.116
1622112674.983, lauv-roald, SmartX, 3.115
1622112675.483, lauv-roald, SmartX, 3.116
1622112675.983, lauv-roald, SmartX, 3.117
1622112676.483, lauv-roald, SmartX, 3.118
1622112676.983, lauv-roald, SmartX, 3.119
1622112677.483, lauv-roald, SmartX, 3.120
1622112677.983, lauv-roald, SmartX, 3.121
1622112678.483, lauv-roald, SmartX, 3.122
1622112678.983, lauv-roald, SmartX, 3.122
1622112679.483, lauv-roald, SmartX, 3.122
1622112679.983, lauv-roald, SmartX, 3.122
1622112680.483, lauv-roald, SmartX, 3.122
1622112680.983, lauv-roald, SmartX, 3.121
1622112681.483, lauv-roald, SmartX, 3.120
1622112681.983, lauv-roald, SmartX, 3.119
1622112682.482, lauv-roald, SmartX, 3.119
1622112682.982, lauv-roald, SmartX, 3.117
1622112683.483, lauv-roald, SmartX, 3.115
1622112683.982, lauv-roald, SmartX, 3.116
1622112684.482, lauv-roald, SmartX, 3.116
1622112684.983, lauv-roald, SmartX, 3.109
1622112685.482, lauv-roald, SmartX, 3.110
1622112685.982, lauv-roald, SmartX, 3.110
1622112686.482, lauv-roald, SmartX, 3.107
1622112686.982, lauv-roald, SmartX, 3.109
1622112687.482, lauv-roald, SmartX, 3.109
1622112687.982, lauv-roald, SmartX, 3.109
1622112688.482, lauv-roald, SmartX, 3.109
1622112688.982, lauv-roald, SmartX, 3.108
1622112689.482, lauv-roald, SmartX, 3.108
1622112689.982, lauv-roald, SmartX, 3.108
1622112690.482, lauv-roald, SmartX, 3.108
1622112690.982, lauv-roald, SmartX, 3.109
1622112691.482, lauv-roald, SmartX, 3.108
1622112691.982, lauv-roald, SmartX, 3.107
1622112692.482, lauv-roald, SmartX, 3.107
1622112692.982, lauv-roald, SmartX, 3.108
1622112693.482, lauv-roald, SmartX, 3.108
1622112693.982, lauv-roald, SmartX, 3.108
1622112694.482, lauv-roald, SmartX, 3.107
1622112694.982, lauv-roald, SmartX, 3.104
1622112695.482, lauv-roald, SmartX, 3.104
1622112695.981, lauv-roald, SmartX, 3.103
1622112696.482, lauv-roald, SmartX, 3.104
1622112696.981, lauv-roald, SmartX, 3.105
1622112697.481, lauv-roald, SmartX, 3.105
1622112697.981, lauv-roald, SmartX, 3.104
1622112698.481, lauv-roald, SmartX, 3.103
1622112698.981, lauv-roald, SmartX, 3.102
1622112699.481, lauv-roald, SmartX, 3.101
1622112699.982, lauv-roald, SmartX, 3.100
1622112700.482, lauv-roald, SmartX, 3.099
1622112700.981, lauv-roald, SmartX, 3.100
1622112701.481, lauv-roald, SmartX, 3.099
1622112701.981, lauv-roald, SmartX, 3.099
1622112702.481, lauv-roald, SmartX, 3.096
1622112702.981, lauv-roald, SmartX, 3.096
1622112703.481, lauv-roald, SmartX, 3.101
1622112703.981, lauv-roald, SmartX, 3.101
1622112704.482, lauv-roald, SmartX, 3.093
1622112704.981, lauv-roald, SmartX, 3.089
1622112705.481, lauv-roald, SmartX, 3.086
1622112705.981, lauv-roald, SmartX, 3.083
1622112706.481, lauv-roald, SmartX, 3.083
1622112706.981, lauv-roald, SmartX, 3.080
1622112707.481, lauv-roald, SmartX, 3.080
1622112707.981, lauv-roald, SmartX, 3.077
1622112708.481, lauv-roald, SmartX, 3.080
1622112708.981, lauv-roald, SmartX, 3.079
1622112709.481, lauv-roald, SmartX, 3.084
1622112709.981, lauv-roald, SmartX, 3.087
1622112710.481, lauv-roald, SmartX, 3.084
1622112710.981, lauv-roald, SmartX, 3.079
1622112711.480, lauv-roald, SmartX, 3.079
1622112711.980, lauv-roald, SmartX, 3.082
1622112712.480, lauv-roald, SmartX, 3.076
1622112712.980, lauv-roald, SmartX, 3.073
1622112713.480, lauv-roald, SmartX, 3.072
1622112713.980, lauv-roald, SmartX, 3.069
1622112714.480, lauv-roald, SmartX, 3.068
1622112714.982, lauv-roald, SmartX, 3.069
1622112715.480, lauv-roald, SmartX, 3.070
1622112715.980, lauv-roald, SmartX, 3.068
1622112716.480, lauv-roald, SmartX, 3.065
1622112716.980, lauv-roald, SmartX, 3.062
1622112717.480, lauv-roald, SmartX, 3.063
1622112717.980, lauv-roald, SmartX, 3.064
1622112718.480, lauv-roald, SmartX, 3.068
1622112718.980, lauv-roald, SmartX, 3.072
1622112719.480, lauv-roald, SmartX, 3.074
1622112719.980, lauv-roald, SmartX, 3.076
1622112720.480, lauv-roald, SmartX, 3.073
1622112720.980, lauv-roald, SmartX, 3.073
1622112721.480, lauv-roald, SmartX, 3.074
1622112721.980, lauv-roald, SmartX, 3.076
1622112722.480, lauv-roald, SmartX, 3.078
1622112722.980, lauv-roald, SmartX, 3.076
1622112723.480, lauv-roald, SmartX, 3.076
1622112723.980, lauv-roald, SmartX, 3.075
1622112724.480, lauv-roald, SmartX, 3.074
1622112724.980, lauv-roald, SmartX, 3.074
1622112725.479, lauv-roald, SmartX, 3.073
1622112725.980, lauv-roald, SmartX, 3.073
1622112726.480, lauv-roald, SmartX, 3.073
1622112726.980, lauv-roald, SmartX, 3.073
1622112727.479, lauv-roald, SmartX, 3.072
1622112727.979, lauv-roald, SmartX, 3.070
1622112728.479, lauv-roald, SmartX, 3.069
1622112728.979, lauv-roald, SmartX, 3.067
1622112729.479, lauv-roald, SmartX, 3.065
1622112729.979, lauv-roald, SmartX, 3.065
1622112730.479, lauv-roald, SmartX, 3.066
1622112730.980, lauv-roald, SmartX, 3.066
1622112731.479, lauv-roald, SmartX, 3.066
1622112731.979, lauv-roald, SmartX, 3.068
1622112732.479, lauv-roald, SmartX, 3.067
1622112732.979, lauv-roald, SmartX, 3.067
1622112733.479, lauv-roald, SmartX, 3.067
1622112733.980, lauv-roald, SmartX, 3.066
1622112734.479, lauv-roald, SmartX, 3.064
1622112734.979, lauv-roald, SmartX, 3.063
1622112735.479, lauv-roald, SmartX, 3.066
1622112735.979, lauv-roald, SmartX, 3.069
1622112736.479, lauv-roald, SmartX, 3.076
1622112736.979, lauv-roald, SmartX, 3.084
1622112737.479, lauv-roald, SmartX, 3.089
1622112737.979, lauv-roald, SmartX, 3.091
1622112738.479, lauv-roald, SmartX, 3.094
1622112738.979, lauv-roald, SmartX, 3.096
1622112739.479, lauv-roald, SmartX, 3.096
1622112739.979, lauv-roald, SmartX, 3.096
1622112740.479, lauv-roald, SmartX, 3.095
1622112740.979, lauv-roald, SmartX, 3.096
1622112741.478, lauv-roald, SmartX, 3.093
1622112741.978, lauv-roald, SmartX, 3.093
1622112742.479, lauv-roald, SmartX, 3.090
1622112742.978, lauv-roald, SmartX, 3.089
1622112743.478, lauv-roald, SmartX, 3.084
1622112743.978, lauv-roald, SmartX, 3.074
1622112744.478, lauv-roald, SmartX, 3.071
1622112744.978, lauv-roald, SmartX, 3.071
1622112745.478, lauv-roald, SmartX, 3.073
1622112745.978, lauv-roald, SmartX, 3.075
1622112746.478, lauv-roald, SmartX, 3.078
1622112746.978, lauv-roald, SmartX, 3.079
1622112747.478, lauv-roald, SmartX, 3.080
1622112747.978, lauv-roald, SmartX, 3.078
1622112748.478, lauv-roald, SmartX, 3.074
1622112748.978, lauv-roald, SmartX, 3.071
1622112749.478, lauv-roald, SmartX, 3.072
1622112749.978, lauv-roald, SmartX, 3.075
1622112750.478, lauv-roald, SmartX, 3.075
1622112750.978, lauv-roald, SmartX, 3.077
1622112751.478, lauv-roald, SmartX, 3.076
1622112751.978, lauv-roald, SmartX, 3.074
1622112752.478, lauv-roald, SmartX, 3.069
1622112752.978, lauv-roald, SmartX, 3.067
1622112753.478, lauv-roald, SmartX, 3.070
1622112753.978, lauv-roald, SmartX, 3.069
1622112754.478, lauv-roald, SmartX, 3.067
1622112754.978, lauv-roald, SmartX, 3.065
1622112755.478, lauv-roald, SmartX, 3.065
1622112755.978, lauv-roald, SmartX, 3.064
1622112756.477, lauv-roald, SmartX, 3.063
1622112756.977, lauv-roald, SmartX, 3.063
1622112757.477, lauv-roald, SmartX, 3.064
1622112757.977, lauv-roald, SmartX, 3.066
1622112758.477, lauv-roald, SmartX, 3.066
1622112758.977, lauv-roald, SmartX, 3.069
1622112759.477, lauv-roald, SmartX, 3.076
1622112759.977, lauv-roald, SmartX, 3.080
1622112760.477, lauv-roald, SmartX, 3.084
1622112760.977, lauv-roald, SmartX, 3.088
1622112761.477, lauv-roald, SmartX, 3.089
1622112761.977, lauv-roald, SmartX, 3.092
1622112762.477, lauv-roald, SmartX, 3.092
1622112762.977, lauv-roald, SmartX, 3.091
1622112763.477, lauv-roald, SmartX, 3.091
1622112763.977, lauv-roald, SmartX, 3.090
1622112764.477, lauv-roald, SmartX, 3.088
1622112764.977, lauv-roald, SmartX, 3.084
1622112765.477, lauv-roald, SmartX, 3.080
1622112765.977, lauv-roald, SmartX, 3.083
1622112766.477, lauv-roald, SmartX, 3.083
1622112766.977, lauv-roald, SmartX, 3.087
1622112767.477, lauv-roald, SmartX, 3.089
1622112767.977, lauv-roald, SmartX, 3.090
1622112768.477, lauv-roald, SmartX, 3.092
1622112768.977, lauv-roald, SmartX, 3.091
1622112769.476, lauv-roald, SmartX, 3.090
1622112769.976, lauv-roald, SmartX, 3.090
1622112770.477, lauv-roald, SmartX, 3.087
1622112770.976, lauv-roald, SmartX, 3.085
1622112771.477, lauv-roald, SmartX, 3.085
1622112771.976, lauv-roald, SmartX, 3.082
1622112772.476, lauv-roald, SmartX, 3.082
1622112772.976, lauv-roald, SmartX, 3.083
1622112773.476, lauv-roald, SmartX, 3.085
1622112773.976, lauv-roald, SmartX, 3.088
1622112774.476, lauv-roald, SmartX, 3.091
1622112774.976, lauv-roald, SmartX, 3.091
1622112775.476, lauv-roald, SmartX, 3.089
1622112775.976, lauv-roald, SmartX, 3.087
1622112776.476, lauv-roald, SmartX, 3.088
1622112776.976, lauv-roald, SmartX, 3.089
1622112777.476, lauv-roald, SmartX, 3.091
1622112777.976, lauv-roald, SmartX, 3.090
1622112778.476, lauv-roald, SmartX, 3.089
1622112778.976, lauv-roald, SmartX, 3.088
1622112779.476, lauv-roald, SmartX, 3.083
1622112779.976, lauv-roald, SmartX, 3.078
1622112780.476, lauv-roald, SmartX, 3.075
1622112780.976, lauv-roald, SmartX, 3.072
1622112781.476, lauv-roald, SmartX, 3.070
1622112781.976, lauv-roald, SmartX, 3.070
1622112782.476, lauv-roald, SmartX, 3.070
1622112782.976, lauv-roald, SmartX, 3.069
1622112783.476, lauv-roald, SmartX, 3.070
1622112783.976, lauv-roald, SmartX, 3.069
1622112784.476, lauv-roald, SmartX, 3.067
1622112784.976, lauv-roald, SmartX, 3.065
1622112785.475, lauv-roald, SmartX, 3.062
1622112785.975, lauv-roald, SmartX, 3.063
1622112786.476, lauv-roald, SmartX, 3.063
1622112786.975, lauv-roald, SmartX, 3.063
1622112787.475, lauv-roald, SmartX, 3.066
1622112787.975, lauv-roald, SmartX, 3.070
1622112788.475, lauv-roald, SmartX, 3.073
1622112788.975, lauv-roald, SmartX, 3.071
1622112789.475, lauv-roald, SmartX, 3.065
1622112789.975, lauv-roald, SmartX, 3.066
1622112790.475, lauv-roald, SmartX, 3.075
1622112790.975, lauv-roald, SmartX, 3.080
1622112791.475, lauv-roald, SmartX, 3.084
1622112791.975, lauv-roald, SmartX, 3.088
1622112792.475, lauv-roald, SmartX, 3.092
1622112792.975, lauv-roald, SmartX, 3.095
1622112793.475, lauv-roald, SmartX, 3.098
1622112793.975, lauv-roald, SmartX, 3.099
1622112794.475, lauv-roald, SmartX, 3.100
1622112794.975, lauv-roald, SmartX, 3.100
1622112795.475, lauv-roald, SmartX, 3.099
1622112795.975, lauv-roald, SmartX, 3.095
1622112796.475, lauv-roald, SmartX, 3.094
1622112796.975, lauv-roald, SmartX, 3.092
1622112797.475, lauv-roald, SmartX, 3.086
1622112797.975, lauv-roald, SmartX, 3.081
1622112798.475, lauv-roald, SmartX, 3.073
1622112798.975, lauv-roald, SmartX, 3.067
1622112799.475, lauv-roald, SmartX, 3.062
1622112799.974, lauv-roald, SmartX, 3.060
1622112800.474, lauv-roald, SmartX, 3.056
1622112800.974, lauv-roald, SmartX, 3.057
1622112801.475, lauv-roald, SmartX, 3.058
1622112801.974, lauv-roald, SmartX, 3.058
1622112802.474, lauv-roald, SmartX, 3.059
1622112802.974, lauv-roald, SmartX, 3.061
1622112803.474, lauv-roald, SmartX, 3.057
1622112803.974, lauv-roald, SmartX, 3.056
1622112804.474, lauv-roald, SmartX, 3.056
1622112804.974, lauv-roald, SmartX, 3.056
1622112805.474, lauv-roald, SmartX, 3.060
1622112805.974, lauv-roald, SmartX, 3.063
1622112806.474, lauv-roald, SmartX, 3.062
1622112806.974, lauv-roald, SmartX, 3.061
1622112807.474, lauv-roald, SmartX, 3.060
1622112807.974, lauv-roald, SmartX, 3.060
1622112808.474, lauv-roald, SmartX, 3.061
1622112808.974, lauv-roald, SmartX, 3.063
1622112809.474, lauv-roald, SmartX, 3.065
1622112809.974, lauv-roald, SmartX, 3.067
1622112810.474, lauv-roald, SmartX, 3.069
1622112810.974, lauv-roald, SmartX, 3.068
1622112811.474, lauv-roald, SmartX, 3.067
1622112811.974, lauv-roald, SmartX, 3.071
1622112812.474, lauv-roald, SmartX, 3.072
1622112812.974, lauv-roald, SmartX, 3.072
1622112813.474, lauv-roald, SmartX, 3.076
1622112813.974, lauv-roald, SmartX, 3.079
1622112814.474, lauv-roald, SmartX, 3.084
1622112814.973, lauv-roald, SmartX, 3.088
1622112815.474, lauv-roald, SmartX, 3.090
1622112815.973, lauv-roald, SmartX, 3.095
1622112816.473, lauv-roald, SmartX, 3.096
1622112816.973, lauv-roald, SmartX, 3.094
1622112817.473, lauv-roald, SmartX, 3.088
1622112817.973, lauv-roald, SmartX, 3.086
1622112818.473, lauv-roald, SmartX, 3.084
1622112818.973, lauv-roald, SmartX, 3.080
1622112819.473, lauv-roald, SmartX, 3.079
1622112819.973, lauv-roald, SmartX, 3.077
1622112820.473, lauv-roald, SmartX, 3.074
1622112820.973, lauv-roald, SmartX, 3.073
1622112821.473, lauv-roald, SmartX, 3.073
1622112821.973, lauv-roald, SmartX, 3.075
1622112822.473, lauv-roald, SmartX, 3.076
1622112822.973, lauv-roald, SmartX, 3.074
1622112823.473, lauv-roald, SmartX, 3.071
1622112823.973, lauv-roald, SmartX, 3.068
1622112824.473, lauv-roald, SmartX, 3.066
1622112824.973, lauv-roald, SmartX, 3.065
1622112825.473, lauv-roald, SmartX, 3.064
1622112825.973, lauv-roald, SmartX, 3.065
1622112826.473, lauv-roald, SmartX, 3.065
1622112826.973, lauv-roald, SmartX, 3.067
1622112827.473, lauv-roald, SmartX, 3.066
1622112827.973, lauv-roald, SmartX, 3.066
1622112828.473, lauv-roald, SmartX, 3.066
1622112828.973, lauv-roald, SmartX, 3.067
1622112829.473, lauv-roald, SmartX, 3.068
1622112829.972, lauv-roald, SmartX, 3.070
1622112830.473, lauv-roald, SmartX, 3.074
1622112830.972, lauv-roald, SmartX, 3.080
1622112831.472, lauv-roald, SmartX, 3.084
1622112831.972, lauv-roald, SmartX, 3.088
1622112832.472, lauv-roald, SmartX, 3.092
1622112832.973, lauv-roald, SmartX, 3.095
1622112833.472, lauv-roald, SmartX, 3.098
1622112833.972, lauv-roald, SmartX, 3.099
1622112834.472, lauv-roald, SmartX, 3.099
1622112834.972, lauv-roald, SmartX, 3.101
1622112835.472, lauv-roald, SmartX, 3.103
1622112835.972, lauv-roald, SmartX, 3.104
1622112836.472, lauv-roald, SmartX, 3.104
1622112836.972, lauv-roald, SmartX, 3.105
1622112837.472, lauv-roald, SmartX, 3.106
1622112837.972, lauv-roald, SmartX, 3.105
1622112838.472, lauv-roald, SmartX, 3.105
1622112838.972, lauv-roald, SmartX, 3.105
1622112839.472, lauv-roald, SmartX, 3.105
1622112839.972, lauv-roald, SmartX, 3.105
1622112840.472, lauv-roald, SmartX, 3.104
1622112840.972, lauv-roald, SmartX, 3.103
1622112841.472, lauv-roald, SmartX, 3.103
1622112841.972, lauv-roald, SmartX, 3.105
1622112842.472, lauv-roald, SmartX, 3.106
1622112842.972, lauv-roald, SmartX, 3.107
1622112843.472, lauv-roald, SmartX, 3.108
1622112843.971, lauv-roald, SmartX, 3.108
1622112844.471, lauv-roald, SmartX, 3.109
1622112844.971, lauv-roald, SmartX, 3.109
1622112845.471, lauv-roald, SmartX, 3.108
1622112845.971, lauv-roald, SmartX, 3.106
1622112846.471, lauv-roald, SmartX, 3.106
1622112846.971, lauv-roald, SmartX, 3.105
1622112847.471, lauv-roald, SmartX, 3.105
1622112847.971, lauv-roald, SmartX, 3.105
1622112848.471, lauv-roald, SmartX, 3.105
1622112848.971, lauv-roald, SmartX, 3.105
1622112849.471, lauv-roald, SmartX, 3.106
1622112849.971, lauv-roald, SmartX, 3.106
1622112850.471, lauv-roald, SmartX, 3.105
1622112850.971, lauv-roald, SmartX, 3.104
1622112851.471, lauv-roald, SmartX, 3.102
1622112851.971, lauv-roald, SmartX, 3.100
1622112852.471, lauv-roald, SmartX, 3.097
1622112852.971, lauv-roald, SmartX, 3.096
1622112853.471, lauv-roald, SmartX, 3.096
1622112853.971, lauv-roald, SmartX, 3.095
1622112854.471, lauv-roald, SmartX, 3.095
1622112854.971, lauv-roald, SmartX, 3.095
1622112855.471, lauv-roald, SmartX, 3.095
1622112855.971, lauv-roald, SmartX, 3.095
1622112856.471, lauv-roald, SmartX, 3.095
1622112856.971, lauv-roald, SmartX, 3.095
1622112857.470, lauv-roald, SmartX, 3.096
1622112857.971, lauv-roald, SmartX, 3.096
1622112858.470, lauv-roald, SmartX, 3.096
1622112858.971, lauv-roald, SmartX, 3.096
1622112859.471, lauv-roald, SmartX, 3.096
1622112859.970, lauv-roald, SmartX, 3.096
1622112860.470, lauv-roald, SmartX, 3.096
1622112860.970, lauv-roald, SmartX, 3.093
1622112861.470, lauv-roald, SmartX, 3.091
1622112861.970, lauv-roald, SmartX, 3.091
1622112862.470, lauv-roald, SmartX, 3.092
1622112862.970, lauv-roald, SmartX, 3.091
1622112863.470, lauv-roald, SmartX, 3.090
1622112863.970, lauv-roald, SmartX, 3.089
1622112864.470, lauv-roald, SmartX, 3.086
1622112864.970, lauv-roald, SmartX, 3.083
1622112865.470, lauv-roald, SmartX, 3.082
1622112865.970, lauv-roald, SmartX, 3.082
1622112866.470, lauv-roald, SmartX, 3.081
1622112866.970, lauv-roald, SmartX, 3.081
1622112867.470, lauv-roald, SmartX, 3.081
1622112867.970, lauv-roald, SmartX, 3.082
1622112868.470, lauv-roald, SmartX, 3.083
1622112868.970, lauv-roald, SmartX, 3.085
1622112869.470, lauv-roald, SmartX, 3.087
1622112869.970, lauv-roald, SmartX, 3.089
1622112870.470, lauv-roald, SmartX, 3.089
1622112870.970, lauv-roald, SmartX, 3.089
1622112871.470, lauv-roald, SmartX, 3.088
1622112871.970, lauv-roald, SmartX, 3.089
1622112872.470, lauv-roald, SmartX, 3.088
1622112872.969, lauv-roald, SmartX, 3.087
1622112873.470, lauv-roald, SmartX, 3.089
1622112873.969, lauv-roald, SmartX, 3.090
1622112874.469, lauv-roald, SmartX, 3.090
1622112874.969, lauv-roald, SmartX, 3.091
1622112875.469, lauv-roald, SmartX, 3.092
1622112875.969, lauv-roald, SmartX, 3.092
1622112876.469, lauv-roald, SmartX, 3.092
1622112876.969, lauv-roald, SmartX, 3.092
1622112877.469, lauv-roald, SmartX, 3.091
1622112877.969, lauv-roald, SmartX, 3.092
1622112878.469, lauv-roald, SmartX, 3.091
1622112878.969, lauv-roald, SmartX, 3.092
1622112879.469, lauv-roald, SmartX, 3.093
1622112879.969, lauv-roald, SmartX, 3.093
1622112880.469, lauv-roald, SmartX, 3.094
1622112880.969, lauv-roald, SmartX, 3.093
1622112881.469, lauv-roald, SmartX, 3.091
1622112881.969, lauv-roald, SmartX, 3.091
1622112882.469, lauv-roald, SmartX, 3.092
1622112882.969, lauv-roald, SmartX, 3.090
1622112883.469, lauv-roald, SmartX, 3.090
1622112883.969, lauv-roald, SmartX, 3.089
1622112884.469, lauv-roald, SmartX, 3.088
1622112884.969, lauv-roald, SmartX, 3.088
1622112885.469, lauv-roald, SmartX, 3.089
1622112885.969, lauv-roald, SmartX, 3.087
1622112886.469, lauv-roald, SmartX, 3.089
1622112886.969, lauv-roald, SmartX, 3.091
1622112887.469, lauv-roald, SmartX, 3.093
1622112887.969, lauv-roald, SmartX, 3.095
1622112888.469, lauv-roald, SmartX, 3.096
1622112888.969, lauv-roald, SmartX, 3.094
1622112889.468, lauv-roald, SmartX, 3.092
1622112889.968, lauv-roald, SmartX, 3.092
1622112890.468, lauv-roald, SmartX, 3.092
1622112890.968, lauv-roald, SmartX, 3.090
1622112891.468, lauv-roald, SmartX, 3.091
1622112891.968, lauv-roald, SmartX, 3.091
1622112892.468, lauv-roald, SmartX, 3.090
1622112892.968, lauv-roald, SmartX, 3.089
1622112893.468, lauv-roald, SmartX, 3.088
1622112893.968, lauv-roald, SmartX, 3.090
1622112894.468, lauv-roald, SmartX, 3.090
1622112894.968, lauv-roald, SmartX, 3.092
1622112895.468, lauv-roald, SmartX, 3.093
1622112895.968, lauv-roald, SmartX, 3.094
1622112896.468, lauv-roald, SmartX, 3.094
1622112896.968, lauv-roald, SmartX, 3.093
1622112897.468, lauv-roald, SmartX, 3.093
1622112897.968, lauv-roald, SmartX, 3.093
1622112898.468, lauv-roald, SmartX, 3.092
1622112898.968, lauv-roald, SmartX, 3.094
1622112899.468, lauv-roald, SmartX, 3.095
1622112899.968, lauv-roald, SmartX, 3.096
1622112900.468, lauv-roald, SmartX, 3.097
1622112900.968, lauv-roald, SmartX, 3.095
1622112901.468, lauv-roald, SmartX, 3.095
1622112901.968, lauv-roald, SmartX, 3.097
1622112902.468, lauv-roald, SmartX, 3.098
1622112902.968, lauv-roald, SmartX, 3.099
1622112903.468, lauv-roald, SmartX, 3.100
1622112903.967, lauv-roald, SmartX, 3.100
1622112904.467, lauv-roald, SmartX, 3.101
1622112904.967, lauv-roald, SmartX, 3.101
1622112905.467, lauv-roald, SmartX, 3.098
1622112905.967, lauv-roald, SmartX, 3.096
1622112906.467, lauv-roald, SmartX, 3.095
1622112906.967, lauv-roald, SmartX, 3.096
1622112907.467, lauv-roald, SmartX, 3.096
1622112907.967, lauv-roald, SmartX, 3.096
1622112908.467, lauv-roald, SmartX, 3.096
1622112908.967, lauv-roald, SmartX, 3.097
1622112909.467, lauv-roald, SmartX, 3.097
1622112909.967, lauv-roald, SmartX, 3.097
1622112910.467, lauv-roald, SmartX, 3.098
1622112910.967, lauv-roald, SmartX, 3.098
1622112911.467, lauv-roald, SmartX, 3.097
1622112911.967, lauv-roald, SmartX, 3.098
1622112912.467, lauv-roald, SmartX, 3.098
1622112912.967, lauv-roald, SmartX, 3.099
1622112913.467, lauv-roald, SmartX, 3.099
1622112913.967, lauv-roald, SmartX, 3.100
1622112914.467, lauv-roald, SmartX, 3.100
1622112914.967, lauv-roald, SmartX, 3.099
1622112915.467, lauv-roald, SmartX, 3.099
1622112915.967, lauv-roald, SmartX, 3.099
1622112916.467, lauv-roald, SmartX, 3.099
1622112916.966, lauv-roald, SmartX, 3.099
1622112917.467, lauv-roald, SmartX, 3.100
1622112917.966, lauv-roald, SmartX, 3.100
1622112918.466, lauv-roald, SmartX, 3.100
1622112918.966, lauv-roald, SmartX, 3.100
1622112919.466, lauv-roald, SmartX, 3.100
1622112919.966, lauv-roald, SmartX, 3.100
1622112920.466, lauv-roald, SmartX, 3.100
1622112920.966, lauv-roald, SmartX, 3.100
1622112921.466, lauv-roald, SmartX, 3.100
1622112921.966, lauv-roald, SmartX, 3.101
1622112922.466, lauv-roald, SmartX, 3.101
1622112922.966, lauv-roald, SmartX, 3.102
1622112923.466, lauv-roald, SmartX, 3.102
1622112923.966, lauv-roald, SmartX, 3.102
1622112924.466, lauv-roald, SmartX, 3.102
1622112924.966, lauv-roald, SmartX, 3.102
1622112925.466, lauv-roald, SmartX, 3.102
1622112925.966, lauv-roald, SmartX, 3.102
1622112926.466, lauv-roald, SmartX, 3.102
1622112926.966, lauv-roald, SmartX, 3.102
1622112927.466, lauv-roald, SmartX, 3.102
1622112927.966, lauv-roald, SmartX, 3.102
1622112928.466, lauv-roald, SmartX, 3.103
1622112928.966, lauv-roald, SmartX, 3.103
1622112929.465, lauv-roald, SmartX, 3.103
1622112929.966, lauv-roald, SmartX, 3.103
1622112930.466, lauv-roald, SmartX, 3.103
1622112930.965, lauv-roald, SmartX, 3.103
1622112931.465, lauv-roald, SmartX, 3.103
1622112931.965, lauv-roald, SmartX, 3.103
1622112932.465, lauv-roald, SmartX, 3.103
1622112932.965, lauv-roald, SmartX, 3.103
1622112933.465, lauv-roald, SmartX, 3.103
1622112933.965, lauv-roald, SmartX, 3.102
1622112934.465, lauv-roald, SmartX, 3.102
1622112934.965, lauv-roald, SmartX, 3.103
1622112935.465, lauv-roald, SmartX, 3.102
1622112935.965, lauv-roald, SmartX, 3.102
1622112936.465, lauv-roald, SmartX, 3.102
1622112936.965, lauv-roald, SmartX, 3.103
1622112937.465, lauv-roald, SmartX, 3.103
1622112937.965, lauv-roald, SmartX, 3.103
1622112938.468, lauv-roald, SmartX, 3.103
1622112938.967, lauv-roald, SmartX, 3.103
1622112939.465, lauv-roald, SmartX, 3.103
1622112939.965, lauv-roald, SmartX, 3.103
1622112940.465, lauv-roald, SmartX, 3.103
1622112940.965, lauv-roald, SmartX, 3.103
1622112941.465, lauv-roald, SmartX, 3.103
1622112941.965, lauv-roald, SmartX, 3.103
1622112942.465, lauv-roald, SmartX, 3.102
1622112942.965, lauv-roald, SmartX, 3.102
1622112943.465, lauv-roald, SmartX, 3.102
1622112943.965, lauv-roald, SmartX, 3.102
1622112944.465, lauv-roald, SmartX, 3.103
1622112944.965, lauv-roald, SmartX, 3.103
1622112945.465, lauv-roald, SmartX, 3.103
1622112945.965, lauv-roald, SmartX, 3.104
1622112946.465, lauv-roald, SmartX, 3.104
1622112946.965, lauv-roald, SmartX, 3.104
1622112947.465, lauv-roald, SmartX, 3.104
1622112947.964, lauv-roald, SmartX, 3.104
1622112948.464, lauv-roald, SmartX, 3.104
1622112948.965, lauv-roald, SmartX, 3.104
1622112949.464, lauv-roald, SmartX, 3.104
1622112949.964, lauv-roald, SmartX, 3.104
1622112950.464, lauv-roald, SmartX, 3.104
1622112950.964, lauv-roald, SmartX, 3.104
1622112951.464, lauv-roald, SmartX, 3.103
1622112951.964, lauv-roald, SmartX, 3.103
1622112952.464, lauv-roald, SmartX, 3.103
1622112952.964, lauv-roald, SmartX, 3.103
1622112953.464, lauv-roald, SmartX, 3.103
1622112953.964, lauv-roald, SmartX, 3.103
1622112954.464, lauv-roald, SmartX, 3.102
1622112954.964, lauv-roald, SmartX, 3.102
1622112955.464, lauv-roald, SmartX, 3.103
1622112955.964, lauv-roald, SmartX, 3.103
1622112956.464, lauv-roald, SmartX, 3.103
1622112956.964, lauv-roald, SmartX, 3.103
1622112957.464, lauv-roald, SmartX, 3.103
1622112957.964, lauv-roald, SmartX, 3.104
1622112958.464, lauv-roald, SmartX, 3.104
1622112958.964, lauv-roald, SmartX, 3.104
1622112959.464, lauv-roald, SmartX, 3.104
1622112959.964, lauv-roald, SmartX, 3.104
1622112960.464, lauv-roald, SmartX, 3.104
1622112960.964, lauv-roald, SmartX, 3.104
1622112961.464, lauv-roald, SmartX, 3.103
1622112961.964, lauv-roald, SmartX, 3.103
1622112962.464, lauv-roald, SmartX, 3.103
1622112962.964, lauv-roald, SmartX, 3.103
1622112963.463, lauv-roald, SmartX, 3.102
1622112963.964, lauv-roald, SmartX, 3.102
1622112964.463, lauv-roald, SmartX, 3.102
1622112964.963, lauv-roald, SmartX, 3.102
1622112965.463, lauv-roald, SmartX, 3.102
1622112965.963, lauv-roald, SmartX, 3.102
1622112966.463, lauv-roald, SmartX, 3.102
1622112966.963, lauv-roald, SmartX, 3.102
1622112967.463, lauv-roald, SmartX, 3.102
1622112967.963, lauv-roald, SmartX, 3.102
1622112968.463, lauv-roald, SmartX, 3.102
1622112968.963, lauv-roald, SmartX, 3.102
1622112969.463, lauv-roald, SmartX, 3.102
1622112969.963, lauv-roald, SmartX, 3.102
1622112970.463, lauv-roald, SmartX, 3.102
1622112970.963, lauv-roald, SmartX, 3.102
1622112971.463, lauv-roald, SmartX, 3.101
1622112971.963, lauv-roald, SmartX, 3.102
1622112972.463, lauv-roald, SmartX, 3.102
1622112972.963, lauv-roald, SmartX, 3.102
1622112973.463, lauv-roald, SmartX, 3.102
1622112973.963, lauv-roald, SmartX, 3.102
1622112974.463, lauv-roald, SmartX, 3.102
1622112974.963, lauv-roald, SmartX, 3.103
1622112975.463, lauv-roald, SmartX, 3.103
1622112975.962, lauv-roald, SmartX, 3.103
1622112976.463, lauv-roald, SmartX, 3.103
1622112976.962, lauv-roald, SmartX, 3.103
1622112977.463, lauv-roald, SmartX, 3.102
1622112977.962, lauv-roald, SmartX, 3.102
1622112978.462, lauv-roald, SmartX, 3.102
1622112978.962, lauv-roald, SmartX, 3.102
1622112979.462, lauv-roald, SmartX, 3.102
1622112979.962, lauv-roald, SmartX, 3.102
1622112980.462, lauv-roald, SmartX, 3.102
1622112980.963, lauv-roald, SmartX, 3.102
1622112981.462, lauv-roald, SmartX, 3.102
1622112981.962, lauv-roald, SmartX, 3.102
1622112982.462, lauv-roald, SmartX, 3.102
1622112982.962, lauv-roald, SmartX, 3.102
1622112983.462, lauv-roald, SmartX, 3.102
1622112983.962, lauv-roald, SmartX, 3.102
1622112984.462, lauv-roald, SmartX, 3.102
1622112984.962, lauv-roald, SmartX, 3.102
1622112985.462, lauv-roald, SmartX, 3.102
1622112985.962, lauv-roald, SmartX, 3.102
1622112986.462, lauv-roald, SmartX, 3.102
1622112986.962, lauv-roald, SmartX, 3.102
1622112987.462, lauv-roald, SmartX, 3.102
1622112987.961, lauv-roald, SmartX, 3.102
1622112988.462, lauv-roald, SmartX, 3.102
1622112988.961, lauv-roald, SmartX, 3.102
1622112989.462, lauv-roald, SmartX, 3.102
1622112989.961, lauv-roald, SmartX, 3.102
1622112990.462, lauv-roald, SmartX, 3.102
1622112990.962, lauv-roald, SmartX, 3.102
1622112991.462, lauv-roald, SmartX, 3.102
1622112991.962, lauv-roald, SmartX, 3.102
1622112992.461, lauv-roald, SmartX, 3.102
1622112992.961, lauv-roald, SmartX, 3.102
1622112993.462, lauv-roald, SmartX, 3.102
1622112993.961, lauv-roald, SmartX, 3.102
1622112994.461, lauv-roald, SmartX, 3.102
1622112994.961, lauv-roald, SmartX, 3.102
1622112995.461, lauv-roald, SmartX, 3.102
1622112995.961, lauv-roald, SmartX, 3.103
1622112996.461, lauv-roald, SmartX, 3.103
1622112996.961, lauv-roald, SmartX, 3.104
1622112997.461, lauv-roald, SmartX, 3.104
1622112997.961, lauv-roald, SmartX, 3.104
1622112998.461, lauv-roald, SmartX, 3.103
1622112998.961, lauv-roald, SmartX, 3.103
1622112999.461, lauv-roald, SmartX, 3.103
1622112999.961, lauv-roald, SmartX, 3.104
1622113000.461, lauv-roald, SmartX, 3.106
1622113000.961, lauv-roald, SmartX, 3.106
1622113001.461, lauv-roald, SmartX, 3.107
1622113001.961, lauv-roald, SmartX, 3.106
1622113002.461, lauv-roald, SmartX, 3.105
1622113002.961, lauv-roald, SmartX, 3.105
1622113003.461, lauv-roald, SmartX, 3.107
1622113003.961, lauv-roald, SmartX, 3.106
1622113004.461, lauv-roald, SmartX, 3.106
1622113004.961, lauv-roald, SmartX, 3.105
1622113005.461, lauv-roald, SmartX, 3.105
1622113005.960, lauv-roald, SmartX, 3.105
1622113006.460, lauv-roald, SmartX, 3.104
1622113006.961, lauv-roald, SmartX, 3.104
1622113007.460, lauv-roald, SmartX, 3.103
1622113007.960, lauv-roald, SmartX, 3.103
1622113008.460, lauv-roald, SmartX, 3.103
1622113008.960, lauv-roald, SmartX, 3.103
1622113009.460, lauv-roald, SmartX, 3.103
1622113009.960, lauv-roald, SmartX, 3.103
1622113010.460, lauv-roald, SmartX, 3.104
1622113010.960, lauv-roald, SmartX, 3.104
1622113011.460, lauv-roald, SmartX, 3.104
1622113011.960, lauv-roald, SmartX, 3.105
1622113012.460, lauv-roald, SmartX, 3.104
1622113012.960, lauv-roald, SmartX, 3.104
1622113013.460, lauv-roald, SmartX, 3.104
1622113013.960, lauv-roald, SmartX, 3.103
1622113014.460, lauv-roald, SmartX, 3.103
1622113014.960, lauv-roald, SmartX, 3.103
1622113015.460, lauv-roald, SmartX, 3.103
1622113015.960, lauv-roald, SmartX, 3.103
1622113016.460, lauv-roald, SmartX, 3.103
1622113016.960, lauv-roald, SmartX, 3.104
1622113017.460, lauv-roald, SmartX, 3.105
1622113017.960, lauv-roald, SmartX, 3.106
1622113018.460, lauv-roald, SmartX, 3.105
1622113018.960, lauv-roald, SmartX, 3.104
1622113019.459, lauv-roald, SmartX, 3.104
1622113019.960, lauv-roald, SmartX, 3.104
1622113020.460, lauv-roald, SmartX, 3.104
1622113020.960, lauv-roald, SmartX, 3.105
1622113021.459, lauv-roald, SmartX, 3.105
1622113021.959, lauv-roald, SmartX, 3.105
1622113022.459, lauv-roald, SmartX, 3.106
1622113022.959, lauv-roald, SmartX, 3.106
1622113023.459, lauv-roald, SmartX, 3.106
1622113023.959, lauv-roald, SmartX, 3.106
1622113024.459, lauv-roald, SmartX, 3.106
1622113024.959, lauv-roald, SmartX, 3.106
1622113025.459, lauv-roald, SmartX, 3.105
1622113025.959, lauv-roald, SmartX, 3.105
1622113026.459, lauv-roald, SmartX, 3.106
1622113026.959, lauv-roald, SmartX, 3.106
1622113027.459, lauv-roald, SmartX, 3.106
1622113027.959, lauv-roald, SmartX, 3.105
1622113028.459, lauv-roald, SmartX, 3.105
1622113028.959, lauv-roald, SmartX, 3.105
1622113029.459, lauv-roald, SmartX, 3.105
1622113029.959, lauv-roald, SmartX, 3.105
1622113030.459, lauv-roald, SmartX, 3.105
1622113030.959, lauv-roald, SmartX, 3.105
1622113031.459, lauv-roald, SmartX, 3.105
1622113031.959, lauv-roald, SmartX, 3.105
1622113032.459, lauv-roald, SmartX, 3.105
1622113032.959, lauv-roald, SmartX, 3.106
1622113033.459, lauv-roald, SmartX, 3.106
1622113033.959, lauv-roald, SmartX, 3.106
1622113034.459, lauv-roald, SmartX, 3.107
1622113034.959, lauv-roald, SmartX, 3.107
1622113035.459, lauv-roald, SmartX, 3.107
1622113035.959, lauv-roald, SmartX, 3.107
1622113036.458, lauv-roald, SmartX, 3.108
1622113036.958, lauv-roald, SmartX, 3.108
1622113037.458, lauv-roald, SmartX, 3.108
1622113037.958, lauv-roald, SmartX, 3.108
1622113038.458, lauv-roald, SmartX, 3.108
1622113038.958, lauv-roald, SmartX, 3.109
1622113039.458, lauv-roald, SmartX, 3.108
1622113039.958, lauv-roald, SmartX, 3.109
1622113040.458, lauv-roald, SmartX, 3.109
1622113040.958, lauv-roald, SmartX, 3.108
1622113041.458, lauv-roald, SmartX, 3.109
1622113041.958, lauv-roald, SmartX, 3.109
1622113042.458, lauv-roald, SmartX, 3.109
1622113042.958, lauv-roald, SmartX, 3.109
1622113043.458, lauv-roald, SmartX, 3.109
1622113043.958, lauv-roald, SmartX, 3.109
1622113044.458, lauv-roald, SmartX, 3.109
1622113044.958, lauv-roald, SmartX, 3.110
1622113045.458, lauv-roald, SmartX, 3.110
1622113045.958, lauv-roald, SmartX, 3.110
1622113046.458, lauv-roald, SmartX, 3.110
1622113046.958, lauv-roald, SmartX, 3.110
1622113047.458, lauv-roald, SmartX, 3.110
1622113047.958, lauv-roald, SmartX, 3.110
1622113048.458, lauv-roald, SmartX, 3.110
1622113048.958, lauv-roald, SmartX, 3.110
1622113049.458, lauv-roald, SmartX, 3.111
1622113049.958, lauv-roald, SmartX, 3.111
1622113050.458, lauv-roald, SmartX, 3.111
1622113050.958, lauv-roald, SmartX, 3.111
1622113051.458, lauv-roald, SmartX, 3.112
1622113051.957, lauv-roald, SmartX, 3.112
1622113052.457, lauv-roald, SmartX, 3.112
1622113052.957, lauv-roald, SmartX, 3.112
1622113053.457, lauv-roald, SmartX, 3.112
1622113053.957, lauv-roald, SmartX, 3.112
1622113054.458, lauv-roald, SmartX, 3.112
1622113054.957, lauv-roald, SmartX, 3.112
1622113055.457, lauv-roald, SmartX, 3.112
1622113055.957, lauv-roald, SmartX, 3.112
1622113056.457, lauv-roald, SmartX, 3.112
1622113056.957, lauv-roald, SmartX, 3.112
1622113057.458, lauv-roald, SmartX, 3.112
1622113057.957, lauv-roald, SmartX, 3.112
1622113058.457, lauv-roald, SmartX, 3.113
1622113058.957, lauv-roald, SmartX, 3.113
1622113059.457, lauv-roald, SmartX, 3.113
1622113059.957, lauv-roald, SmartX, 3.113
1622113060.457, lauv-roald, SmartX, 3.113
1622113060.957, lauv-roald, SmartX, 3.112
1622113061.457, lauv-roald, SmartX, 3.112
1622113061.957, lauv-roald, SmartX, 3.112
1622113062.457, lauv-roald, SmartX, 3.113
1622113062.957, lauv-roald, SmartX, 3.113
1622113063.457, lauv-roald, SmartX, 3.113
1622113063.957, lauv-roald, SmartX, 3.113
1622113064.457, lauv-roald, SmartX, 3.113
1622113064.957, lauv-roald, SmartX, 3.113
1622113065.457, lauv-roald, SmartX, 3.114
1622113065.957, lauv-roald, SmartX, 3.114
1622113066.457, lauv-roald, SmartX, 3.114
1622113066.957, lauv-roald, SmartX, 3.115
1622113067.456, lauv-roald, SmartX, 3.115
1622113067.956, lauv-roald, SmartX, 3.115
1622113068.456, lauv-roald, SmartX, 3.115
1622113068.956, lauv-roald, SmartX, 3.115
1622113069.456, lauv-roald, SmartX, 3.115
1622113069.956, lauv-roald, SmartX, 3.115
1622113070.456, lauv-roald, SmartX, 3.115
1622113070.956, lauv-roald, SmartX, 3.116
1622113071.456, lauv-roald, SmartX, 3.116
1622113071.956, lauv-roald, SmartX, 3.116
1622113072.456, lauv-roald, SmartX, 3.116
1622113072.956, lauv-roald, SmartX, 3.116
1622113073.456, lauv-roald, SmartX, 3.116
1622113073.956, lauv-roald, SmartX, 3.116
1622113074.456, lauv-roald, SmartX, 3.116
1622113074.956, lauv-roald, SmartX, 3.116
1622113075.456, lauv-roald, SmartX, 3.116
1622113075.956, lauv-roald, SmartX, 3.117
1622113076.456, lauv-roald, SmartX, 3.117
1622113076.956, lauv-roald, SmartX, 3.117
1622113077.456, lauv-roald, SmartX, 3.117
1622113077.956, lauv-roald, SmartX, 3.117
1622113078.456, lauv-roald, SmartX, 3.117
1622113078.956, lauv-roald, SmartX, 3.117
1622113079.456, lauv-roald, SmartX, 3.116
1622113079.956, lauv-roald, SmartX, 3.116
1622113080.455, lauv-roald, SmartX, 3.117
1622113080.956, lauv-roald, SmartX, 3.117
1622113081.455, lauv-roald, SmartX, 3.117
1622113081.956, lauv-roald, SmartX, 3.117
1622113082.455, lauv-roald, SmartX, 3.117
1622113082.955, lauv-roald, SmartX, 3.117
1622113083.455, lauv-roald, SmartX, 3.116
1622113083.956, lauv-roald, SmartX, 3.117
1622113084.455, lauv-roald, SmartX, 3.117
1622113084.955, lauv-roald, SmartX, 3.117
1622113085.455, lauv-roald, SmartX, 3.117
1622113085.955, lauv-roald, SmartX, 3.116
1622113086.455, lauv-roald, SmartX, 3.116
1622113086.955, lauv-roald, SmartX, 3.116
1622113087.455, lauv-roald, SmartX, 3.116
1622113087.955, lauv-roald, SmartX, 3.116
1622113088.455, lauv-roald, SmartX, 3.116
1622113088.955, lauv-roald, SmartX, 3.116
1622113089.455, lauv-roald, SmartX, 3.116
1622113089.955, lauv-roald, SmartX, 3.116
1622113090.455, lauv-roald, SmartX, 3.115
1622113090.955, lauv-roald, SmartX, 3.115
1622113091.455, lauv-roald, SmartX, 3.115
1622113091.955, lauv-roald, SmartX, 3.115
1622113092.455, lauv-roald, SmartX, 3.115
1622113092.955, lauv-roald, SmartX, 3.115
1622113093.455, lauv-roald, SmartX, 3.115
1622113093.955, lauv-roald, SmartX, 3.115
1622113094.454, lauv-roald, SmartX, 3.114
1622113094.955, lauv-roald, SmartX, 3.114
1622113095.455, lauv-roald, SmartX, 3.114
1622113095.954, lauv-roald, SmartX, 3.114
1622113096.455, lauv-roald, SmartX, 3.114
1622113096.954, lauv-roald, SmartX, 3.114
1622113097.455, lauv-roald, SmartX, 3.114
1622113097.954, lauv-roald, SmartX, 3.114
1622113098.454, lauv-roald, SmartX, 3.114
1622113098.954, lauv-roald, SmartX, 3.113
1622113099.454, lauv-roald, SmartX, 3.114
1622113099.954, lauv-roald, SmartX, 3.114
1622113100.454, lauv-roald, SmartX, 3.114
1622113100.954, lauv-roald, SmartX, 3.114
1622113101.454, lauv-roald, SmartX, 3.114
1622113101.954, lauv-roald, SmartX, 3.114
1622113102.454, lauv-roald, SmartX, 3.113
1622113102.954, lauv-roald, SmartX, 3.113
1622113103.454, lauv-roald, SmartX, 3.113
1622113103.954, lauv-roald, SmartX, 3.113
1622113104.454, lauv-roald, SmartX, 3.112
1622113104.954, lauv-roald, SmartX, 3.113
1622113105.454, lauv-roald, SmartX, 3.113
1622113105.954, lauv-roald, SmartX, 3.113
1622113106.454, lauv-roald, SmartX, 3.113
1622113106.954, lauv-roald, SmartX, 3.113
1622113107.454, lauv-roald, SmartX, 3.113
1622113107.954, lauv-roald, SmartX, 3.113
1622113108.454, lauv-roald, SmartX, 3.113
1622113108.954, lauv-roald, SmartX, 3.112
1622113109.454, lauv-roald, SmartX, 3.113
1622113109.954, lauv-roald, SmartX, 3.113
1622113110.454, lauv-roald, SmartX, 3.113
1622113110.954, lauv-roald, SmartX, 3.113
1622113111.453, lauv-roald, SmartX, 3.112
1622113111.953, lauv-roald, SmartX, 3.112
1622113112.453, lauv-roald, SmartX, 3.112
1622113112.954, lauv-roald, SmartX, 3.112
1622113113.453, lauv-roald, SmartX, 3.112
1622113113.953, lauv-roald, SmartX, 3.112
1622113114.453, lauv-roald, SmartX, 3.113
1622113114.953, lauv-roald, SmartX, 3.113
1622113115.453, lauv-roald, SmartX, 3.113
1622113115.954, lauv-roald, SmartX, 3.113
1622113116.453, lauv-roald, SmartX, 3.112
1622113116.953, lauv-roald, SmartX, 3.112
1622113117.453, lauv-roald, SmartX, 3.112
1622113117.953, lauv-roald, SmartX, 3.112
1622113118.453, lauv-roald, SmartX, 3.112
1622113118.953, lauv-roald, SmartX, 3.112
1622113119.453, lauv-roald, SmartX, 3.112
1622113119.953, lauv-roald, SmartX, 3.113
1622113120.453, lauv-roald, SmartX, 3.113
1622113120.953, lauv-roald, SmartX, 3.113
1622113121.453, lauv-roald, SmartX, 3.112
1622113121.953, lauv-roald, SmartX, 3.112
1622113122.453, lauv-roald, SmartX, 3.112
1622113122.953, lauv-roald, SmartX, 3.112
1622113123.453, lauv-roald, SmartX, 3.112
1622113123.953, lauv-roald, SmartX, 3.112
1622113124.453, lauv-roald, SmartX, 3.112
1622113124.953, lauv-roald, SmartX, 3.113
1622113125.453, lauv-roald, SmartX, 3.113
1622113125.953, lauv-roald, SmartX, 3.113
1622113126.453, lauv-roald, SmartX, 3.112
1622113126.952, lauv-roald, SmartX, 3.111
1622113127.452, lauv-roald, SmartX, 3.111
1622113127.952, lauv-roald, SmartX, 3.110
1622113128.452, lauv-roald, SmartX, 3.110
1622113128.952, lauv-roald, SmartX, 3.110
1622113129.452, lauv-roald, SmartX, 3.110
1622113129.952, lauv-roald, SmartX, 3.111
1622113130.452, lauv-roald, SmartX, 3.111
1622113130.952, lauv-roald, SmartX, 3.111
1622113131.452, lauv-roald, SmartX, 3.112
1622113131.952, lauv-roald, SmartX, 3.111
1622113132.452, lauv-roald, SmartX, 3.111
1622113132.952, lauv-roald, SmartX, 3.111
1622113133.452, lauv-roald, SmartX, 3.111
1622113133.952, lauv-roald, SmartX, 3.111
1622113134.452, lauv-roald, SmartX, 3.110
1622113134.952, lauv-roald, SmartX, 3.110
1622113135.452, lauv-roald, SmartX, 3.109
1622113135.952, lauv-roald, SmartX, 3.110
1622113136.452, lauv-roald, SmartX, 3.110
1622113136.952, lauv-roald, SmartX, 3.110
1622113137.452, lauv-roald, SmartX, 3.109
1622113137.952, lauv-roald, SmartX, 3.109
1622113138.452, lauv-roald, SmartX, 3.109
1622113138.952, lauv-roald, SmartX, 3.108
1622113139.451, lauv-roald, SmartX, 3.107
1622113139.952, lauv-roald, SmartX, 3.107
1622113140.451, lauv-roald, SmartX, 3.108
1622113140.951, lauv-roald, SmartX, 3.108
1622113141.451, lauv-roald, SmartX, 3.108
1622113141.951, lauv-roald, SmartX, 3.108
1622113142.451, lauv-roald, SmartX, 3.108
1622113142.951, lauv-roald, SmartX, 3.107
1622113143.451, lauv-roald, SmartX, 3.107
1622113143.951, lauv-roald, SmartX, 3.107
1622113144.451, lauv-roald, SmartX, 3.106
1622113144.951, lauv-roald, SmartX, 3.106
1622113145.451, lauv-roald, SmartX, 3.106
1622113145.951, lauv-roald, SmartX, 3.106
1622113146.451, lauv-roald, SmartX, 3.106
1622113146.951, lauv-roald, SmartX, 3.106
1622113147.451, lauv-roald, SmartX, 3.106
1622113147.951, lauv-roald, SmartX, 3.106
1622113148.451, lauv-roald, SmartX, 3.105
1622113148.951, lauv-roald, SmartX, 3.105
1622113149.451, lauv-roald, SmartX, 3.105
1622113149.951, lauv-roald, SmartX, 3.105
1622113150.451, lauv-roald, SmartX, 3.104
1622113150.951, lauv-roald, SmartX, 3.105
1622113151.451, lauv-roald, SmartX, 3.105
1622113151.951, lauv-roald, SmartX, 3.105
1622113152.450, lauv-roald, SmartX, 3.105
1622113152.951, lauv-roald, SmartX, 3.105
1622113153.451, lauv-roald, SmartX, 3.103
1622113153.950, lauv-roald, SmartX, 3.103
1622113154.450, lauv-roald, SmartX, 3.102
1622113154.950, lauv-roald, SmartX, 3.102
1622113155.450, lauv-roald, SmartX, 3.102
1622113155.950, lauv-roald, SmartX, 3.102
1622113156.450, lauv-roald, SmartX, 3.102
1622113156.950, lauv-roald, SmartX, 3.102
1622113157.450, lauv-roald, SmartX, 3.102
1622113157.950, lauv-roald, SmartX, 3.101
1622113158.450, lauv-roald, SmartX, 3.101
1622113158.950, lauv-roald, SmartX, 3.101
1622113159.450, lauv-roald, SmartX, 3.101
1622113159.950, lauv-roald, SmartX, 3.101
1622113160.450, lauv-roald, SmartX, 3.100
1622113160.950, lauv-roald, SmartX, 3.101
1622113161.450, lauv-roald, SmartX, 3.101
1622113161.950, lauv-roald, SmartX, 3.101
1622113162.450, lauv-roald, SmartX, 3.100
1622113162.950, lauv-roald, SmartX, 3.099
1622113163.450, lauv-roald, SmartX, 3.099
1622113163.950, lauv-roald, SmartX, 3.099
1622113164.450, lauv-roald, SmartX, 3.099
1622113164.950, lauv-roald, SmartX, 3.099
1622113165.450, lauv-roald, SmartX, 3.099
1622113165.950, lauv-roald, SmartX, 3.099
1622113166.450, lauv-roald, SmartX, 3.097
1622113166.950, lauv-roald, SmartX, 3.098
1622113167.450, lauv-roald, SmartX, 3.097
1622113167.950, lauv-roald, SmartX, 3.097
1622113168.450, lauv-roald, SmartX, 3.096
1622113168.950, lauv-roald, SmartX, 3.095
1622113169.450, lauv-roald, SmartX, 3.094
1622113169.950, lauv-roald, SmartX, 3.094
1622113170.449, lauv-roald, SmartX, 3.094
1622113170.949, lauv-roald, SmartX, 3.096
1622113171.449, lauv-roald, SmartX, 3.096
1622113171.949, lauv-roald, SmartX, 3.098
1622113172.449, lauv-roald, SmartX, 3.097
1622113172.949, lauv-roald, SmartX, 3.096
1622113173.449, lauv-roald, SmartX, 3.096
1622113173.949, lauv-roald, SmartX, 3.095
1622113174.449, lauv-roald, SmartX, 3.094
1622113174.949, lauv-roald, SmartX, 3.095
1622113175.449, lauv-roald, SmartX, 3.095
1622113175.949, lauv-roald, SmartX, 3.094
1622113176.449, lauv-roald, SmartX, 3.094
1622113176.949, lauv-roald, SmartX, 3.094
1622113177.449, lauv-roald, SmartX, 3.092
1622113177.949, lauv-roald, SmartX, 3.088
1622113178.449, lauv-roald, SmartX, 3.086
1622113178.949, lauv-roald, SmartX, 3.084
1622113179.449, lauv-roald, SmartX, 3.084
1622113179.949, lauv-roald, SmartX, 3.083
1622113180.449, lauv-roald, SmartX, 3.086
1622113180.949, lauv-roald, SmartX, 3.089
1622113181.448, lauv-roald, SmartX, 3.091
1622113181.949, lauv-roald, SmartX, 3.093
1622113182.449, lauv-roald, SmartX, 3.096
1622113182.948, lauv-roald, SmartX, 3.096
1622113183.449, lauv-roald, SmartX, 3.095
1622113183.949, lauv-roald, SmartX, 3.094
1622113184.449, lauv-roald, SmartX, 3.093
1622113184.948, lauv-roald, SmartX, 3.092
1622113185.449, lauv-roald, SmartX, 3.092
1622113185.949, lauv-roald, SmartX, 3.091
1622113186.448, lauv-roald, SmartX, 3.089
1622113186.948, lauv-roald, SmartX, 3.090
1622113187.448, lauv-roald, SmartX, 3.091
1622113187.948, lauv-roald, SmartX, 3.090
1622113188.448, lauv-roald, SmartX, 3.088
1622113188.948, lauv-roald, SmartX, 3.085
1622113189.448, lauv-roald, SmartX, 3.083
1622113189.948, lauv-roald, SmartX, 3.083
1622113190.448, lauv-roald, SmartX, 3.085
1622113190.948, lauv-roald, SmartX, 3.086
1622113191.448, lauv-roald, SmartX, 3.084
1622113191.948, lauv-roald, SmartX, 3.084
1622113192.448, lauv-roald, SmartX, 3.084
1622113192.948, lauv-roald, SmartX, 3.080
1622113193.448, lauv-roald, SmartX, 3.082
1622113193.948, lauv-roald, SmartX, 3.084
1622113194.448, lauv-roald, SmartX, 3.082
1622113194.948, lauv-roald, SmartX, 3.079
1622113195.448, lauv-roald, SmartX, 3.081
1622113195.948, lauv-roald, SmartX, 3.081
1622113196.448, lauv-roald, SmartX, 3.082
1622113196.948, lauv-roald, SmartX, 3.082
1622113197.448, lauv-roald, SmartX, 3.079
1622113197.948, lauv-roald, SmartX, 3.075
1622113198.448, lauv-roald, SmartX, 3.073
1622113198.948, lauv-roald, SmartX, 3.073
1622113199.447, lauv-roald, SmartX, 3.073
1622113199.948, lauv-roald, SmartX, 3.072
1622113200.448, lauv-roald, SmartX, 3.075
1622113200.947, lauv-roald, SmartX, 3.074
1622113201.447, lauv-roald, SmartX, 3.073
1622113201.947, lauv-roald, SmartX, 3.074
1622113202.447, lauv-roald, SmartX, 3.077
1622113202.947, lauv-roald, SmartX, 3.080
1622113203.447, lauv-roald, SmartX, 3.082
1622113203.947, lauv-roald, SmartX, 3.084
1622113204.447, lauv-roald, SmartX, 3.086
1622113204.947, lauv-roald, SmartX, 3.088
1622113205.447, lauv-roald, SmartX, 3.089
1622113205.947, lauv-roald, SmartX, 3.089
1622113206.447, lauv-roald, SmartX, 3.089
1622113206.947, lauv-roald, SmartX, 3.089
1622113207.447, lauv-roald, SmartX, 3.089
1622113207.947, lauv-roald, SmartX, 3.088
1622113208.447, lauv-roald, SmartX, 3.088
1622113208.947, lauv-roald, SmartX, 3.088
1622113209.447, lauv-roald, SmartX, 3.089
1622113209.947, lauv-roald, SmartX, 3.089
1622113210.447, lauv-roald, SmartX, 3.087
1622113210.947, lauv-roald, SmartX, 3.086
1622113211.447, lauv-roald, SmartX, 3.084
1622113211.947, lauv-roald, SmartX, 3.083
1622113212.447, lauv-roald, SmartX, 3.083
1622113212.947, lauv-roald, SmartX, 3.085
1622113213.447, lauv-roald, SmartX, 3.087
1622113213.946, lauv-roald, SmartX, 3.088
1622113214.447, lauv-roald, SmartX, 3.082
1622113214.946, lauv-roald, SmartX, 3.079
1622113215.446, lauv-roald, SmartX, 3.079
1622113215.946, lauv-roald, SmartX, 3.080
1622113216.446, lauv-roald, SmartX, 3.085
1622113216.946, lauv-roald, SmartX, 3.089
1622113217.446, lauv-roald, SmartX, 3.091
1622113217.946, lauv-roald, SmartX, 3.093
1622113218.446, lauv-roald, SmartX, 3.089
1622113218.946, lauv-roald, SmartX, 3.089
1622113219.446, lauv-roald, SmartX, 3.090
1622113219.946, lauv-roald, SmartX, 3.092
1622113220.446, lauv-roald, SmartX, 3.094
1622113220.946, lauv-roald, SmartX, 3.095
1622113221.446, lauv-roald, SmartX, 3.097
1622113221.946, lauv-roald, SmartX, 3.097
1622113222.446, lauv-roald, SmartX, 3.098
1622113222.946, lauv-roald, SmartX, 3.096
1622113223.446, lauv-roald, SmartX, 3.095
1622113223.946, lauv-roald, SmartX, 3.094
1622113224.446, lauv-roald, SmartX, 3.095
1622113224.946, lauv-roald, SmartX, 3.093
1622113225.446, lauv-roald, SmartX, 3.092
1622113225.946, lauv-roald, SmartX, 3.090
1622113226.446, lauv-roald, SmartX, 3.088
1622113226.946, lauv-roald, SmartX, 3.087
1622113227.446, lauv-roald, SmartX, 3.086
1622113227.946, lauv-roald, SmartX, 3.085
1622113228.446, lauv-roald, SmartX, 3.084
1622113228.946, lauv-roald, SmartX, 3.084
1622113229.445, lauv-roald, SmartX, 3.085
1622113229.945, lauv-roald, SmartX, 3.085
1622113230.445, lauv-roald, SmartX, 3.084
1622113230.945, lauv-roald, SmartX, 3.085
1622113231.445, lauv-roald, SmartX, 3.086
1622113231.945, lauv-roald, SmartX, 3.089
1622113232.445, lauv-roald, SmartX, 3.090
1622113232.945, lauv-roald, SmartX, 3.089
1622113233.445, lauv-roald, SmartX, 3.087
1622113233.945, lauv-roald, SmartX, 3.085
1622113234.445, lauv-roald, SmartX, 3.085
1622113234.945, lauv-roald, SmartX, 3.085
1622113235.445, lauv-roald, SmartX, 3.086
1622113235.945, lauv-roald, SmartX, 3.086
1622113236.445, lauv-roald, SmartX, 3.081
1622113236.945, lauv-roald, SmartX, 3.079
1622113237.445, lauv-roald, SmartX, 3.081
1622113237.945, lauv-roald, SmartX, 3.080
1622113238.445, lauv-roald, SmartX, 3.077
1622113238.945, lauv-roald, SmartX, 3.076
1622113239.445, lauv-roald, SmartX, 3.075
1622113239.945, lauv-roald, SmartX, 3.076
1622113240.445, lauv-roald, SmartX, 3.077
1622113240.944, lauv-roald, SmartX, 3.080
1622113241.445, lauv-roald, SmartX, 3.083
1622113241.945, lauv-roald, SmartX, 3.082
1622113242.445, lauv-roald, SmartX, 3.080
1622113242.944, lauv-roald, SmartX, 3.081
1622113243.445, lauv-roald, SmartX, 3.085
1622113243.944, lauv-roald, SmartX, 3.089
1622113244.444, lauv-roald, SmartX, 3.095
1622113244.945, lauv-roald, SmartX, 3.092
1622113245.444, lauv-roald, SmartX, 3.089
1622113245.944, lauv-roald, SmartX, 3.086
1622113246.444, lauv-roald, SmartX, 3.085
1622113246.944, lauv-roald, SmartX, 3.084
1622113247.444, lauv-roald, SmartX, 3.084
1622113247.944, lauv-roald, SmartX, 3.087
1622113248.444, lauv-roald, SmartX, 3.085
1622113248.944, lauv-roald, SmartX, 3.084
1622113249.444, lauv-roald, SmartX, 3.084
1622113249.944, lauv-roald, SmartX, 3.082
1622113250.444, lauv-roald, SmartX, 3.083
1622113250.944, lauv-roald, SmartX, 3.084
1622113251.444, lauv-roald, SmartX, 3.087
1622113251.944, lauv-roald, SmartX, 3.089
1622113252.444, lauv-roald, SmartX, 3.091
1622113252.944, lauv-roald, SmartX, 3.091
1622113253.444, lauv-roald, SmartX, 3.092
1622113253.944, lauv-roald, SmartX, 3.092
1622113254.444, lauv-roald, SmartX, 3.092
1622113254.944, lauv-roald, SmartX, 3.092
1622113255.444, lauv-roald, SmartX, 3.094
1622113255.944, lauv-roald, SmartX, 3.096
1622113256.444, lauv-roald, SmartX, 3.097
1622113256.944, lauv-roald, SmartX, 3.098
1622113257.444, lauv-roald, SmartX, 3.099
1622113257.944, lauv-roald, SmartX, 3.097
1622113258.443, lauv-roald, SmartX, 3.096
1622113258.943, lauv-roald, SmartX, 3.095
1622113259.443, lauv-roald, SmartX, 3.094
1622113259.943, lauv-roald, SmartX, 3.094
1622113260.445, lauv-roald, SmartX, 3.094
1622113260.943, lauv-roald, SmartX, 3.093
1622113261.443, lauv-roald, SmartX, 3.091
1622113261.943, lauv-roald, SmartX, 3.090
1622113262.443, lauv-roald, SmartX, 3.088
1622113262.943, lauv-roald, SmartX, 3.086
1622113263.443, lauv-roald, SmartX, 3.084
1622113263.943, lauv-roald, SmartX, 3.084
1622113264.443, lauv-roald, SmartX, 3.083
1622113264.943, lauv-roald, SmartX, 3.083
1622113265.443, lauv-roald, SmartX, 3.086
1622113265.943, lauv-roald, SmartX, 3.087
1622113266.443, lauv-roald, SmartX, 3.090
1622113266.943, lauv-roald, SmartX, 3.090
1622113267.443, lauv-roald, SmartX, 3.090
1622113267.943, lauv-roald, SmartX, 3.090
1622113268.443, lauv-roald, SmartX, 3.090
1622113268.943, lauv-roald, SmartX, 3.090
1622113269.443, lauv-roald, SmartX, 3.092
1622113269.943, lauv-roald, SmartX, 3.093
1622113270.443, lauv-roald, SmartX, 3.094
1622113270.943, lauv-roald, SmartX, 3.095
1622113271.443, lauv-roald, SmartX, 3.096
1622113271.942, lauv-roald, SmartX, 3.095
1622113272.443, lauv-roald, SmartX, 3.096
1622113272.943, lauv-roald, SmartX, 3.098
1622113273.443, lauv-roald, SmartX, 3.098
1622113273.942, lauv-roald, SmartX, 3.099
1622113274.442, lauv-roald, SmartX, 3.099
1622113274.942, lauv-roald, SmartX, 3.095
1622113275.442, lauv-roald, SmartX, 3.091
1622113275.942, lauv-roald, SmartX, 3.089
1622113276.442, lauv-roald, SmartX, 3.088
1622113276.942, lauv-roald, SmartX, 3.091
1622113277.442, lauv-roald, SmartX, 3.089
1622113277.942, lauv-roald, SmartX, 3.089
1622113278.442, lauv-roald, SmartX, 3.089
1622113278.942, lauv-roald, SmartX, 3.090
1622113279.442, lauv-roald, SmartX, 3.088
1622113279.942, lauv-roald, SmartX, 3.088
1622113280.442, lauv-roald, SmartX, 3.088
1622113280.942, lauv-roald, SmartX, 3.090
1622113281.442, lauv-roald, SmartX, 3.092
1622113281.942, lauv-roald, SmartX, 3.093
1622113282.442, lauv-roald, SmartX, 3.096
1622113282.942, lauv-roald, SmartX, 3.097
1622113283.442, lauv-roald, SmartX, 3.098
1622113283.942, lauv-roald, SmartX, 3.098
1622113284.442, lauv-roald, SmartX, 3.097
1622113284.942, lauv-roald, SmartX, 3.096
1622113285.442, lauv-roald, SmartX, 3.095
1622113285.942, lauv-roald, SmartX, 3.095
1622113286.442, lauv-roald, SmartX, 3.095
1622113286.942, lauv-roald, SmartX, 3.095
1622113287.442, lauv-roald, SmartX, 3.095
1622113287.941, lauv-roald, SmartX, 3.095
1622113288.441, lauv-roald, SmartX, 3.094
1622113288.941, lauv-roald, SmartX, 3.093
1622113289.441, lauv-roald, SmartX, 3.093
1622113289.941, lauv-roald, SmartX, 3.093
1622113290.441, lauv-roald, SmartX, 3.093
1622113290.941, lauv-roald, SmartX, 3.092
1622113291.441, lauv-roald, SmartX, 3.092
1622113291.941, lauv-roald, SmartX, 3.092
1622113292.441, lauv-roald, SmartX, 3.091
1622113292.941, lauv-roald, SmartX, 3.091
1622113293.441, lauv-roald, SmartX, 3.091
1622113293.941, lauv-roald, SmartX, 3.091
1622113294.441, lauv-roald, SmartX, 3.090
1622113294.941, lauv-roald, SmartX, 3.090
1622113295.441, lauv-roald, SmartX, 3.089
1622113295.941, lauv-roald, SmartX, 3.088
1622113296.441, lauv-roald, SmartX, 3.088
1622113296.941, lauv-roald, SmartX, 3.088
1622113297.441, lauv-roald, SmartX, 3.087
1622113297.941, lauv-roald, SmartX, 3.087
1622113298.441, lauv-roald, SmartX, 3.086
1622113298.941, lauv-roald, SmartX, 3.086
1622113299.441, lauv-roald, SmartX, 3.086
1622113299.941, lauv-roald, SmartX, 3.085
1622113300.441, lauv-roald, SmartX, 3.085
1622113300.941, lauv-roald, SmartX, 3.085
1622113301.441, lauv-roald, SmartX, 3.085
1622113301.941, lauv-roald, SmartX, 3.087
1622113302.440, lauv-roald, SmartX, 3.088
1622113302.940, lauv-roald, SmartX, 3.090
1622113303.440, lauv-roald, SmartX, 3.092
1622113303.940, lauv-roald, SmartX, 3.093
1622113304.441, lauv-roald, SmartX, 3.094
1622113304.940, lauv-roald, SmartX, 3.095
1622113305.440, lauv-roald, SmartX, 3.096
1622113305.940, lauv-roald, SmartX, 3.098
1622113306.440, lauv-roald, SmartX, 3.098
1622113306.940, lauv-roald, SmartX, 3.099
1622113307.441, lauv-roald, SmartX, 3.099
1622113307.940, lauv-roald, SmartX, 3.100
1622113308.441, lauv-roald, SmartX, 3.101
1622113308.940, lauv-roald, SmartX, 3.102
1622113309.440, lauv-roald, SmartX, 3.102
1622113309.940, lauv-roald, SmartX, 3.101
1622113310.440, lauv-roald, SmartX, 3.102
1622113310.940, lauv-roald, SmartX, 3.102
1622113311.440, lauv-roald, SmartX, 3.102
1622113311.940, lauv-roald, SmartX, 3.101
1622113312.440, lauv-roald, SmartX, 3.101
1622113312.940, lauv-roald, SmartX, 3.101
1622113313.440, lauv-roald, SmartX, 3.101
1622113313.940, lauv-roald, SmartX, 3.101
1622113314.440, lauv-roald, SmartX, 3.101
1622113314.940, lauv-roald, SmartX, 3.101
1622113315.440, lauv-roald, SmartX, 3.102
1622113315.940, lauv-roald, SmartX, 3.102
1622113316.439, lauv-roald, SmartX, 3.103
1622113316.940, lauv-roald, SmartX, 3.105
1622113317.440, lauv-roald, SmartX, 3.106
1622113317.940, lauv-roald, SmartX, 3.107
1622113318.440, lauv-roald, SmartX, 3.107
1622113318.940, lauv-roald, SmartX, 3.107
1622113319.440, lauv-roald, SmartX, 3.108
1622113319.940, lauv-roald, SmartX, 3.108
1622113320.440, lauv-roald, SmartX, 3.108
1622113320.939, lauv-roald, SmartX, 3.108
1622113321.440, lauv-roald, SmartX, 3.108
1622113321.939, lauv-roald, SmartX, 3.108
1622113322.439, lauv-roald, SmartX, 3.109
1622113322.939, lauv-roald, SmartX, 3.109
1622113323.439, lauv-roald, SmartX, 3.110
1622113323.941, lauv-roald, SmartX, 3.111
1622113324.440, lauv-roald, SmartX, 3.111
1622113324.939, lauv-roald, SmartX, 3.111
1622113325.439, lauv-roald, SmartX, 3.112
1622113325.939, lauv-roald, SmartX, 3.112
1622113326.439, lauv-roald, SmartX, 3.113
1622113326.939, lauv-roald, SmartX, 3.113
1622113327.439, lauv-roald, SmartX, 3.114
1622113327.939, lauv-roald, SmartX, 3.114
1622113328.439, lauv-roald, SmartX, 3.114
1622113328.939, lauv-roald, SmartX, 3.114
1622113329.439, lauv-roald, SmartX, 3.114
1622113329.939, lauv-roald, SmartX, 3.114
1622113330.439, lauv-roald, SmartX, 3.114
1622113330.939, lauv-roald, SmartX, 3.113
1622113331.438, lauv-roald, SmartX, 3.114
1622113331.939, lauv-roald, SmartX, 3.114
1622113332.438, lauv-roald, SmartX, 3.114
1622113332.938, lauv-roald, SmartX, 3.114
1622113333.438, lauv-roald, SmartX, 3.114
1622113333.938, lauv-roald, SmartX, 3.113
1622113334.438, lauv-roald, SmartX, 3.111
1622113334.938, lauv-roald, SmartX, 3.111
1622113335.438, lauv-roald, SmartX, 3.112
1622113335.938, lauv-roald, SmartX, 3.114
1622113336.438, lauv-roald, SmartX, 3.115
1622113336.938, lauv-roald, SmartX, 3.116
1622113337.438, lauv-roald, SmartX, 3.117
1622113337.938, lauv-roald, SmartX, 3.118
1622113338.438, lauv-roald, SmartX, 3.118
1622113338.938, lauv-roald, SmartX, 3.118
1622113339.438, lauv-roald, SmartX, 3.119
1622113339.938, lauv-roald, SmartX, 3.117
1622113340.438, lauv-roald, SmartX, 3.116
1622113340.938, lauv-roald, SmartX, 3.116
1622113341.438, lauv-roald, SmartX, 3.116
1622113341.938, lauv-roald, SmartX, 3.115
1622113342.438, lauv-roald, SmartX, 3.116
1622113342.938, lauv-roald, SmartX, 3.116
1622113343.438, lauv-roald, SmartX, 3.116
1622113343.938, lauv-roald, SmartX, 3.117
1622113344.438, lauv-roald, SmartX, 3.116
1622113344.938, lauv-roald, SmartX, 3.115
1622113345.438, lauv-roald, SmartX, 3.114
1622113345.938, lauv-roald, SmartX, 3.113
1622113346.438, lauv-roald, SmartX, 3.112
1622113346.937, lauv-roald, SmartX, 3.111
1622113347.437, lauv-roald, SmartX, 3.109
1622113347.937, lauv-roald, SmartX, 3.109
1622113348.437, lauv-roald, SmartX, 3.110
1622113348.937, lauv-roald, SmartX, 3.111
1622113349.437, lauv-roald, SmartX, 3.111
1622113349.937, lauv-roald, SmartX, 3.111
1622113350.437, lauv-roald, SmartX, 3.110
1622113350.937, lauv-roald, SmartX, 3.110
1622113351.437, lauv-roald, SmartX, 3.110
1622113351.937, lauv-roald, SmartX, 3.110
1622113352.437, lauv-roald, SmartX, 3.109
1622113352.938, lauv-roald, SmartX, 3.109
1622113353.437, lauv-roald, SmartX, 3.109
1622113353.937, lauv-roald, SmartX, 3.109
1622113354.437, lauv-roald, SmartX, 3.109
1622113354.937, lauv-roald, SmartX, 3.108
1622113355.437, lauv-roald, SmartX, 3.106
1622113355.937, lauv-roald, SmartX, 3.104
1622113356.437, lauv-roald, SmartX, 3.105
1622113356.937, lauv-roald, SmartX, 3.105
1622113357.437, lauv-roald, SmartX, 3.105
1622113357.937, lauv-roald, SmartX, 3.106
1622113358.437, lauv-roald, SmartX, 3.105
1622113358.937, lauv-roald, SmartX, 3.106
1622113359.437, lauv-roald, SmartX, 3.108
1622113359.937, lauv-roald, SmartX, 3.108
1622113360.436, lauv-roald, SmartX, 3.107
1622113360.936, lauv-roald, SmartX, 3.108
1622113361.436, lauv-roald, SmartX, 3.109
1622113361.936, lauv-roald, SmartX, 3.107
1622113362.436, lauv-roald, SmartX, 3.106
1622113362.936, lauv-roald, SmartX, 3.104
1622113363.436, lauv-roald, SmartX, 3.104
1622113363.936, lauv-roald, SmartX, 3.101
1622113364.436, lauv-roald, SmartX, 3.099
1622113364.936, lauv-roald, SmartX, 3.098
1622113365.436, lauv-roald, SmartX, 3.097
1622113365.936, lauv-roald, SmartX, 3.097
1622113366.436, lauv-roald, SmartX, 3.097
1622113366.936, lauv-roald, SmartX, 3.097
1622113367.436, lauv-roald, SmartX, 3.097
1622113367.936, lauv-roald, SmartX, 3.097
1622113368.436, lauv-roald, SmartX, 3.097
1622113368.936, lauv-roald, SmartX, 3.098
1622113369.436, lauv-roald, SmartX, 3.098
1622113369.936, lauv-roald, SmartX, 3.097
1622113370.436, lauv-roald, SmartX, 3.100
1622113370.936, lauv-roald, SmartX, 3.101
1622113371.436, lauv-roald, SmartX, 3.099
1622113371.936, lauv-roald, SmartX, 3.099
1622113372.436, lauv-roald, SmartX, 3.099
1622113372.936, lauv-roald, SmartX, 3.098
1622113373.436, lauv-roald, SmartX, 3.097
1622113373.936, lauv-roald, SmartX, 3.097
1622113374.436, lauv-roald, SmartX, 3.098
1622113374.936, lauv-roald, SmartX, 3.098
1622113375.436, lauv-roald, SmartX, 3.098
1622113375.936, lauv-roald, SmartX, 3.099
1622113376.436, lauv-roald, SmartX, 3.099
1622113376.935, lauv-roald, SmartX, 3.099
1622113377.435, lauv-roald, SmartX, 3.100
1622113377.935, lauv-roald, SmartX, 3.101
1622113378.435, lauv-roald, SmartX, 3.102
1622113378.935, lauv-roald, SmartX, 3.104
1622113379.435, lauv-roald, SmartX, 3.105
1622113379.935, lauv-roald, SmartX, 3.107
1622113380.435, lauv-roald, SmartX, 3.108
1622113380.935, lauv-roald, SmartX, 3.110
1622113381.435, lauv-roald, SmartX, 3.111
1622113381.935, lauv-roald, SmartX, 3.112
1622113382.435, lauv-roald, SmartX, 3.112
1622113382.935, lauv-roald, SmartX, 3.112
1622113383.435, lauv-roald, SmartX, 3.111
1622113383.935, lauv-roald, SmartX, 3.110
1622113384.435, lauv-roald, SmartX, 3.109
1622113384.935, lauv-roald, SmartX, 3.106
1622113385.435, lauv-roald, SmartX, 3.104
1622113385.935, lauv-roald, SmartX, 3.101
1622113386.435, lauv-roald, SmartX, 3.098
1622113386.935, lauv-roald, SmartX, 3.097
1622113387.435, lauv-roald, SmartX, 3.097
1622113387.935, lauv-roald, SmartX, 3.096
1622113388.435, lauv-roald, SmartX, 3.096
1622113388.935, lauv-roald, SmartX, 3.096
1622113389.434, lauv-roald, SmartX, 3.098
1622113389.934, lauv-roald, SmartX, 3.101
1622113390.434, lauv-roald, SmartX, 3.103
1622113390.934, lauv-roald, SmartX, 3.104
1622113391.434, lauv-roald, SmartX, 3.105
1622113391.934, lauv-roald, SmartX, 3.105
1622113392.434, lauv-roald, SmartX, 3.102
1622113392.934, lauv-roald, SmartX, 3.103
1622113393.434, lauv-roald, SmartX, 3.101
1622113393.934, lauv-roald, SmartX, 3.100
1622113394.434, lauv-roald, SmartX, 3.100
1622113394.934, lauv-roald, SmartX, 3.099
1622113395.434, lauv-roald, SmartX, 3.101
1622113395.934, lauv-roald, SmartX, 3.104
1622113396.434, lauv-roald, SmartX, 3.105
1622113396.934, lauv-roald, SmartX, 3.106
1622113397.434, lauv-roald, SmartX, 3.107
1622113397.934, lauv-roald, SmartX, 3.107
1622113398.434, lauv-roald, SmartX, 3.108
1622113398.934, lauv-roald, SmartX, 3.108
1622113399.434, lauv-roald, SmartX, 3.108
1622113399.934, lauv-roald, SmartX, 3.107
1622113400.434, lauv-roald, SmartX, 3.107
1622113400.934, lauv-roald, SmartX, 3.106
1622113401.434, lauv-roald, SmartX, 3.106
1622113401.934, lauv-roald, SmartX, 3.106
1622113402.434, lauv-roald, SmartX, 3.106
1622113402.934, lauv-roald, SmartX, 3.106
1622113403.434, lauv-roald, SmartX, 3.106
1622113403.934, lauv-roald, SmartX, 3.105
1622113404.434, lauv-roald, SmartX, 3.105
1622113404.934, lauv-roald, SmartX, 3.105
1622113405.433, lauv-roald, SmartX, 3.105
1622113405.933, lauv-roald, SmartX, 3.105
1622113406.433, lauv-roald, SmartX, 3.105
1622113406.933, lauv-roald, SmartX, 3.104
1622113407.433, lauv-roald, SmartX, 3.104
1622113407.933, lauv-roald, SmartX, 3.103
1622113408.433, lauv-roald, SmartX, 3.103
1622113408.933, lauv-roald, SmartX, 3.102
1622113409.433, lauv-roald, SmartX, 3.102
1622113409.933, lauv-roald, SmartX, 3.103
1622113410.433, lauv-roald, SmartX, 3.103
1622113410.933, lauv-roald, SmartX, 3.103
1622113411.433, lauv-roald, SmartX, 3.101
1622113411.933, lauv-roald, SmartX, 3.099
1622113412.433, lauv-roald, SmartX, 3.098
1622113412.933, lauv-roald, SmartX, 3.099
1622113413.433, lauv-roald, SmartX, 3.101
1622113413.933, lauv-roald, SmartX, 3.101
1622113414.433, lauv-roald, SmartX, 3.102
1622113414.933, lauv-roald, SmartX, 3.103
1622113415.433, lauv-roald, SmartX, 3.103
1622113415.933, lauv-roald, SmartX, 3.103
1622113416.433, lauv-roald, SmartX, 3.104
1622113416.933, lauv-roald, SmartX, 3.103
1622113417.433, lauv-roald, SmartX, 3.104
1622113417.933, lauv-roald, SmartX, 3.103
1622113418.433, lauv-roald, SmartX, 3.104
1622113418.933, lauv-roald, SmartX, 3.104
1622113419.432, lauv-roald, SmartX, 3.104
1622113419.932, lauv-roald, SmartX, 3.104
1622113420.433, lauv-roald, SmartX, 3.103
1622113420.932, lauv-roald, SmartX, 3.102
1622113421.432, lauv-roald, SmartX, 3.103
1622113421.932, lauv-roald, SmartX, 3.102
1622113422.432, lauv-roald, SmartX, 3.103
1622113422.932, lauv-roald, SmartX, 3.103
1622113423.432, lauv-roald, SmartX, 3.101
1622113423.932, lauv-roald, SmartX, 3.100
1622113424.432, lauv-roald, SmartX, 3.099
1622113424.932, lauv-roald, SmartX, 3.098
1622113425.432, lauv-roald, SmartX, 3.097
1622113425.932, lauv-roald, SmartX, 3.096
1622113426.432, lauv-roald, SmartX, 3.096
1622113426.932, lauv-roald, SmartX, 3.096
1622113427.432, lauv-roald, SmartX, 3.096
1622113427.932, lauv-roald, SmartX, 3.095
1622113428.432, lauv-roald, SmartX, 3.095
1622113428.932, lauv-roald, SmartX, 3.095
1622113429.432, lauv-roald, SmartX, 3.095
1622113429.932, lauv-roald, SmartX, 3.095
1622113430.432, lauv-roald, SmartX, 3.095
1622113430.932, lauv-roald, SmartX, 3.096
1622113431.432, lauv-roald, SmartX, 3.099
1622113431.932, lauv-roald, SmartX, 3.101
1622113432.432, lauv-roald, SmartX, 3.102
1622113432.932, lauv-roald, SmartX, 3.102
1622113433.432, lauv-roald, SmartX, 3.102
1622113433.932, lauv-roald, SmartX, 3.101
1622113434.431, lauv-roald, SmartX, 3.101
1622113434.931, lauv-roald, SmartX, 3.103
1622113435.431, lauv-roald, SmartX, 3.102
1622113435.931, lauv-roald, SmartX, 3.102
1622113436.431, lauv-roald, SmartX, 3.103
1622113436.931, lauv-roald, SmartX, 3.104
1622113437.431, lauv-roald, SmartX, 3.103
1622113437.931, lauv-roald, SmartX, 3.104
1622113438.431, lauv-roald, SmartX, 3.103
1622113438.933, lauv-roald, SmartX, 3.102
1622113439.432, lauv-roald, SmartX, 3.102
1622113439.931, lauv-roald, SmartX, 3.102
1622113440.431, lauv-roald, SmartX, 3.102
1622113440.931, lauv-roald, SmartX, 3.102
1622113441.431, lauv-roald, SmartX, 3.103
1622113441.931, lauv-roald, SmartX, 3.103
1622113442.431, lauv-roald, SmartX, 3.103
1622113442.931, lauv-roald, SmartX, 3.101
1622113443.431, lauv-roald, SmartX, 3.099
1622113443.931, lauv-roald, SmartX, 3.100
1622113444.431, lauv-roald, SmartX, 3.100
1622113444.931, lauv-roald, SmartX, 3.100
1622113445.431, lauv-roald, SmartX, 3.100
1622113445.931, lauv-roald, SmartX, 3.100
1622113446.431, lauv-roald, SmartX, 3.100
1622113446.931, lauv-roald, SmartX, 3.100
1622113447.431, lauv-roald, SmartX, 3.098
1622113447.931, lauv-roald, SmartX, 3.098
1622113448.431, lauv-roald, SmartX, 3.098
1622113448.931, lauv-roald, SmartX, 3.097
1622113449.431, lauv-roald, SmartX, 3.096
1622113449.931, lauv-roald, SmartX, 3.096
1622113450.431, lauv-roald, SmartX, 3.096
1622113450.931, lauv-roald, SmartX, 3.097
1622113451.431, lauv-roald, SmartX, 3.097
1622113451.930, lauv-roald, SmartX, 3.097
1622113452.430, lauv-roald, SmartX, 3.097
1622113452.930, lauv-roald, SmartX, 3.098
1622113453.430, lauv-roald, SmartX, 3.098
1622113453.930, lauv-roald, SmartX, 3.099
1622113454.430, lauv-roald, SmartX, 3.098
1622113454.930, lauv-roald, SmartX, 3.099
1622113455.430, lauv-roald, SmartX, 3.098
1622113455.930, lauv-roald, SmartX, 3.098
1622113456.430, lauv-roald, SmartX, 3.097
1622113456.930, lauv-roald, SmartX, 3.098
1622113457.430, lauv-roald, SmartX, 3.098
1622113457.930, lauv-roald, SmartX, 3.098
1622113458.430, lauv-roald, SmartX, 3.098
1622113458.930, lauv-roald, SmartX, 3.097
1622113459.430, lauv-roald, SmartX, 3.097
1622113459.930, lauv-roald, SmartX, 3.096
1622113460.430, lauv-roald, SmartX, 3.095
1622113460.930, lauv-roald, SmartX, 3.094
1622113461.430, lauv-roald, SmartX, 3.094
1622113461.930, lauv-roald, SmartX, 3.094
1622113462.430, lauv-roald, SmartX, 3.093
1622113462.930, lauv-roald, SmartX, 3.092
1622113463.430, lauv-roald, SmartX, 3.092
1622113463.930, lauv-roald, SmartX, 3.092
1622113464.430, lauv-roald, SmartX, 3.092
1622113464.929, lauv-roald, SmartX, 3.091
1622113465.429, lauv-roald, SmartX, 3.090
1622113465.929, lauv-roald, SmartX, 3.091
1622113466.429, lauv-roald, SmartX, 3.090
1622113466.929, lauv-roald, SmartX, 3.090
1622113467.429, lauv-roald, SmartX, 3.089
1622113467.929, lauv-roald, SmartX, 3.089
1622113468.429, lauv-roald, SmartX, 3.087
1622113468.929, lauv-roald, SmartX, 3.086
1622113469.429, lauv-roald, SmartX, 3.085
1622113469.929, lauv-roald, SmartX, 3.085
1622113470.429, lauv-roald, SmartX, 3.084
1622113470.929, lauv-roald, SmartX, 3.083
1622113471.429, lauv-roald, SmartX, 3.084
1622113471.929, lauv-roald, SmartX, 3.084
1622113472.429, lauv-roald, SmartX, 3.084
1622113472.929, lauv-roald, SmartX, 3.085
1622113473.429, lauv-roald, SmartX, 3.086
1622113473.929, lauv-roald, SmartX, 3.086
1622113474.429, lauv-roald, SmartX, 3.087
1622113474.929, lauv-roald, SmartX, 3.088
1622113475.429, lauv-roald, SmartX, 3.088
1622113475.929, lauv-roald, SmartX, 3.089
1622113476.429, lauv-roald, SmartX, 3.089
1622113476.929, lauv-roald, SmartX, 3.089
1622113477.429, lauv-roald, SmartX, 3.089
1622113477.928, lauv-roald, SmartX, 3.089
1622113478.429, lauv-roald, SmartX, 3.089
1622113478.929, lauv-roald, SmartX, 3.089
1622113479.429, lauv-roald, SmartX, 3.088
1622113479.929, lauv-roald, SmartX, 3.086
1622113480.428, lauv-roald, SmartX, 3.085
1622113480.929, lauv-roald, SmartX, 3.085
1622113481.428, lauv-roald, SmartX, 3.085
1622113481.928, lauv-roald, SmartX, 3.086
1622113482.428, lauv-roald, SmartX, 3.088
1622113482.928, lauv-roald, SmartX, 3.090
1622113483.428, lauv-roald, SmartX, 3.092
1622113483.928, lauv-roald, SmartX, 3.095
1622113484.428, lauv-roald, SmartX, 3.098
1622113484.928, lauv-roald, SmartX, 3.100
1622113485.428, lauv-roald, SmartX, 3.100
1622113485.928, lauv-roald, SmartX, 3.101
1622113486.428, lauv-roald, SmartX, 3.101
1622113486.928, lauv-roald, SmartX, 3.101
1622113487.428, lauv-roald, SmartX, 3.101
1622113487.928, lauv-roald, SmartX, 3.102
1622113488.428, lauv-roald, SmartX, 3.102
1622113488.928, lauv-roald, SmartX, 3.102
1622113489.428, lauv-roald, SmartX, 3.102
1622113489.928, lauv-roald, SmartX, 3.101
1622113490.428, lauv-roald, SmartX, 3.100
1622113490.928, lauv-roald, SmartX, 3.099
1622113491.428, lauv-roald, SmartX, 3.098
1622113491.928, lauv-roald, SmartX, 3.097
1622113492.428, lauv-roald, SmartX, 3.097
1622113492.928, lauv-roald, SmartX, 3.096
1622113493.427, lauv-roald, SmartX, 3.096
1622113493.927, lauv-roald, SmartX, 3.096
1622113494.427, lauv-roald, SmartX, 3.096
1622113494.927, lauv-roald, SmartX, 3.096
1622113495.427, lauv-roald, SmartX, 3.096
1622113495.927, lauv-roald, SmartX, 3.096
1622113496.427, lauv-roald, SmartX, 3.096
1622113496.927, lauv-roald, SmartX, 3.096
1622113497.427, lauv-roald, SmartX, 3.096
1622113497.927, lauv-roald, SmartX, 3.096
1622113498.427, lauv-roald, SmartX, 3.096
1622113498.927, lauv-roald, SmartX, 3.096
1622113499.427, lauv-roald, SmartX, 3.095
1622113499.927, lauv-roald, SmartX, 3.096
1622113500.427, lauv-roald, SmartX, 3.096
1622113500.927, lauv-roald, SmartX, 3.097
1622113501.427, lauv-roald, SmartX, 3.097
1622113501.927, lauv-roald, SmartX, 3.099
1622113502.427, lauv-roald, SmartX, 3.100
1622113502.927, lauv-roald, SmartX, 3.100
1622113503.427, lauv-roald, SmartX, 3.093
1622113503.927, lauv-roald, SmartX, 3.083
1622113504.427, lauv-roald, SmartX, 3.068
1622113504.927, lauv-roald, SmartX, 3.051
1622113505.427, lauv-roald, SmartX, 3.024
1622113505.927, lauv-roald, SmartX, 2.997
1622113506.427, lauv-roald, SmartX, 2.946
1622113506.927, lauv-roald, SmartX, 2.907
1622113507.427, lauv-roald, SmartX, 2.876
1622113507.927, lauv-roald, SmartX, 2.845
1622113508.427, lauv-roald, SmartX, 2.826
1622113508.927, lauv-roald, SmartX, 2.815
1622113509.427, lauv-roald, SmartX, 2.805
1622113509.927, lauv-roald, SmartX, 2.783
1622113510.426, lauv-roald, SmartX, 2.780
1622113510.927, lauv-roald, SmartX, 2.779
1622113511.427, lauv-roald, SmartX, 2.773
1622113511.926, lauv-roald, SmartX, 2.769
1622113512.426, lauv-roald, SmartX, 2.757
1622113512.926, lauv-roald, SmartX, 2.750
1622113513.426, lauv-roald, SmartX, 2.754
1622113513.926, lauv-roald, SmartX, 2.760
1622113514.426, lauv-roald, SmartX, 2.760
1622113514.926, lauv-roald, SmartX, 2.758
1622113515.426, lauv-roald, SmartX, 2.757
1622113515.926, lauv-roald, SmartX, 2.757
1622113516.426, lauv-roald, SmartX, 2.748
1622113516.926, lauv-roald, SmartX, 2.710
1622113517.426, lauv-roald, SmartX, 2.709
1622113517.926, lauv-roald, SmartX, 2.721
1622113518.426, lauv-roald, SmartX, 2.709
1622113518.926, lauv-roald, SmartX, 2.682
1622113519.426, lauv-roald, SmartX, 2.621
1622113519.926, lauv-roald, SmartX, 2.635
1622113520.426, lauv-roald, SmartX, 2.635
1622113520.926, lauv-roald, SmartX, 2.631
1622113521.426, lauv-roald, SmartX, 2.628
1622113521.926, lauv-roald, SmartX, 2.627
1622113522.426, lauv-roald, SmartX, 2.623
1622113522.926, lauv-roald, SmartX, 2.629
1622113523.426, lauv-roald, SmartX, 2.633
1622113523.926, lauv-roald, SmartX, 2.622
1622113524.426, lauv-roald, SmartX, 2.625
1622113524.926, lauv-roald, SmartX, 2.639
1622113525.426, lauv-roald, SmartX, 2.648
1622113525.926, lauv-roald, SmartX, 2.649
1622113526.426, lauv-roald, SmartX, 2.651
1622113526.926, lauv-roald, SmartX, 2.652
1622113527.426, lauv-roald, SmartX, 2.652
1622113527.925, lauv-roald, SmartX, 2.658
1622113528.425, lauv-roald, SmartX, 2.661
1622113528.925, lauv-roald, SmartX, 2.662
1622113529.425, lauv-roald, SmartX, 2.658
1622113529.925, lauv-roald, SmartX, 2.639
1622113741.911, lauv-roald, SmartX, 2.678
1622113742.411, lauv-roald, SmartX, 2.677
1622113742.911, lauv-roald, SmartX, 2.675
1622113743.411, lauv-roald, SmartX, 2.676
1622113743.911, lauv-roald, SmartX, 2.676
1622113744.411, lauv-roald, SmartX, 2.675
1622113744.911, lauv-roald, SmartX, 2.673
1622113745.411, lauv-roald, SmartX, 2.673
1622113745.911, lauv-roald, SmartX, 2.673
1622113746.411, lauv-roald, SmartX, 2.671
1622113746.911, lauv-roald, SmartX, 2.672
1622113747.411, lauv-roald, SmartX, 2.673
1622113747.911, lauv-roald, SmartX, 2.672
1622113748.410, lauv-roald, SmartX, 2.670
1622113748.910, lauv-roald, SmartX, 2.670
1622113749.411, lauv-roald, SmartX, 2.668
1622113749.910, lauv-roald, SmartX, 2.659
1622113750.410, lauv-roald, SmartX, 2.635
1622113750.910, lauv-roald, SmartX, 2.634
1622113751.410, lauv-roald, SmartX, 2.639
1622113751.910, lauv-roald, SmartX, 2.642
1622113752.410, lauv-roald, SmartX, 2.649
1622113752.910, lauv-roald, SmartX, 2.649
1622113753.410, lauv-roald, SmartX, 2.653
1622113753.910, lauv-roald, SmartX, 2.657
1622113754.410, lauv-roald, SmartX, 2.664
1622113754.910, lauv-roald, SmartX, 2.670
1622113755.410, lauv-roald, SmartX, 2.675
1622113755.910, lauv-roald, SmartX, 2.679
1622113756.410, lauv-roald, SmartX, 2.680
1622113756.910, lauv-roald, SmartX, 2.681
1622113757.410, lauv-roald, SmartX, 2.689
1622113757.910, lauv-roald, SmartX, 2.686
1622113758.410, lauv-roald, SmartX, 2.683
1622113758.910, lauv-roald, SmartX, 2.690
1622113759.410, lauv-roald, SmartX, 2.701
1622113759.910, lauv-roald, SmartX, 2.706
1622113760.410, lauv-roald, SmartX, 2.706
1622113760.909, lauv-roald, SmartX, 2.707
1622113761.410, lauv-roald, SmartX, 2.709
1622113761.909, lauv-roald, SmartX, 2.707
1622113762.409, lauv-roald, SmartX, 2.703
1622113762.910, lauv-roald, SmartX, 2.678
1622113763.409, lauv-roald, SmartX, 2.621
1622113763.909, lauv-roald, SmartX, 2.590
1622113764.409, lauv-roald, SmartX, 2.600
1622113764.909, lauv-roald, SmartX, 2.624
1622113765.409, lauv-roald, SmartX, 2.681
1622113765.909, lauv-roald, SmartX, 2.701
1622113766.409, lauv-roald, SmartX, 2.725
1622113766.909, lauv-roald, SmartX, 2.739
1622113767.409, lauv-roald, SmartX, 2.717
1622113767.911, lauv-roald, SmartX, 2.672
1622113768.409, lauv-roald, SmartX, 2.653
1622113768.909, lauv-roald, SmartX, 2.650
1622113769.409, lauv-roald, SmartX, 2.664
1622113769.909, lauv-roald, SmartX, 2.736
1622113770.409, lauv-roald, SmartX, 2.766
1622113770.909, lauv-roald, SmartX, 2.813
1622113771.409, lauv-roald, SmartX, 2.822
1622113771.909, lauv-roald, SmartX, 2.819
1622113772.409, lauv-roald, SmartX, 2.794
1622113772.909, lauv-roald, SmartX, 2.783
1622113773.409, lauv-roald, SmartX, 2.765
1622113773.909, lauv-roald, SmartX, 2.740
1622113774.409, lauv-roald, SmartX, 2.755
1622113774.909, lauv-roald, SmartX, 2.784
1622113775.409, lauv-roald, SmartX, 2.802
1622113775.909, lauv-roald, SmartX, 2.815
1622113776.409, lauv-roald, SmartX, 2.825
1622113776.909, lauv-roald, SmartX, 2.822
1622113777.408, lauv-roald, SmartX, 2.858
1622113777.908, lauv-roald, SmartX, 2.862
1622113778.408, lauv-roald, SmartX, 2.833
1622113778.909, lauv-roald, SmartX, 2.816
1622113779.408, lauv-roald, SmartX, 2.797
1622113779.908, lauv-roald, SmartX, 2.804
1622113780.408, lauv-roald, SmartX, 2.822
1622113780.908, lauv-roald, SmartX, 2.856
1622113781.408, lauv-roald, SmartX, 2.884
1622113781.908, lauv-roald, SmartX, 2.882
1622113782.408, lauv-roald, SmartX, 2.809
1622113782.908, lauv-roald, SmartX, 2.728
1622113783.408, lauv-roald, SmartX, 2.702
1622113783.908, lauv-roald, SmartX, 2.682
1622113784.408, lauv-roald, SmartX, 2.682
1622113784.908, lauv-roald, SmartX, 2.711
1622113785.408, lauv-roald, SmartX, 2.798
1622113785.908, lauv-roald, SmartX, 2.864
1622113786.408, lauv-roald, SmartX, 2.870
1622113786.908, lauv-roald, SmartX, 2.853
1622113787.408, lauv-roald, SmartX, 2.804
1622113787.908, lauv-roald, SmartX, 2.793
1622113788.408, lauv-roald, SmartX, 2.764
1622113788.908, lauv-roald, SmartX, 2.764
1622113789.408, lauv-roald, SmartX, 2.779
1622113789.908, lauv-roald, SmartX, 2.782
1622113790.408, lauv-roald, SmartX, 2.759
1622113790.908, lauv-roald, SmartX, 2.747
1622113791.408, lauv-roald, SmartX, 2.734
1622113791.908, lauv-roald, SmartX, 2.722
1622113792.408, lauv-roald, SmartX, 2.720
1622113792.908, lauv-roald, SmartX, 2.720
1622113793.408, lauv-roald, SmartX, 2.741
1622113793.908, lauv-roald, SmartX, 2.768
1622113794.407, lauv-roald, SmartX, 2.789
1622113794.907, lauv-roald, SmartX, 2.797
1622113795.407, lauv-roald, SmartX, 2.774
1622113795.907, lauv-roald, SmartX, 2.756
1622113796.407, lauv-roald, SmartX, 2.736
1622113796.907, lauv-roald, SmartX, 2.718
1622113797.407, lauv-roald, SmartX, 2.719
1622113797.907, lauv-roald, SmartX, 2.719
1622113798.407, lauv-roald, SmartX, 2.724
1622113798.907, lauv-roald, SmartX, 2.733
1622113799.407, lauv-roald, SmartX, 2.744
1622113799.907, lauv-roald, SmartX, 2.754
1622113800.407, lauv-roald, SmartX, 2.743
1622113800.907, lauv-roald, SmartX, 2.740
1622113801.407, lauv-roald, SmartX, 2.737
1622113801.907, lauv-roald, SmartX, 2.735
1622113802.407, lauv-roald, SmartX, 2.724
1622113802.907, lauv-roald, SmartX, 2.726
1622113803.407, lauv-roald, SmartX, 2.734
1622113803.907, lauv-roald, SmartX, 2.741
1622113804.407, lauv-roald, SmartX, 2.733
1622113804.907, lauv-roald, SmartX, 2.726
1622113805.407, lauv-roald, SmartX, 2.721
1622113805.907, lauv-roald, SmartX, 2.705
1622113806.406, lauv-roald, SmartX, 2.718
1622113806.907, lauv-roald, SmartX, 2.725
1622113807.407, lauv-roald, SmartX, 2.737
1622113807.907, lauv-roald, SmartX, 2.767
1622113808.406, lauv-roald, SmartX, 2.758
1622113808.906, lauv-roald, SmartX, 2.728
1622113809.406, lauv-roald, SmartX, 2.709
1622113809.906, lauv-roald, SmartX, 2.699
1622113810.406, lauv-roald, SmartX, 2.688
1622113810.906, lauv-roald, SmartX, 2.684
1622113811.406, lauv-roald, SmartX, 2.681
1622113811.906, lauv-roald, SmartX, 2.682
1622113812.406, lauv-roald, SmartX, 2.690
1622113812.906, lauv-roald, SmartX, 2.708
1622113813.406, lauv-roald, SmartX, 2.716
1622113813.906, lauv-roald, SmartX, 2.697
1622113814.406, lauv-roald, SmartX, 2.680
1622113814.906, lauv-roald, SmartX, 2.664
1622113815.406, lauv-roald, SmartX, 2.660
1622113815.906, lauv-roald, SmartX, 2.662
1622113816.406, lauv-roald, SmartX, 2.672
1622113816.906, lauv-roald, SmartX, 2.694
1622113817.406, lauv-roald, SmartX, 2.703
1622113817.906, lauv-roald, SmartX, 2.709
1622113818.406, lauv-roald, SmartX, 2.703
1622113818.906, lauv-roald, SmartX, 2.696
1622113819.406, lauv-roald, SmartX, 2.694
1622113819.906, lauv-roald, SmartX, 2.686
1622113820.406, lauv-roald, SmartX, 2.678
1622113820.905, lauv-roald, SmartX, 2.678
1622113821.406, lauv-roald, SmartX, 2.684
1622113821.905, lauv-roald, SmartX, 2.680
1622113822.405, lauv-roald, SmartX, 2.677
1622113822.905, lauv-roald, SmartX, 2.672
1622113823.405, lauv-roald, SmartX, 2.664
1622113823.905, lauv-roald, SmartX, 2.674
1622113824.405, lauv-roald, SmartX, 2.680
1622113824.905, lauv-roald, SmartX, 2.678
1622113825.405, lauv-roald, SmartX, 2.667
1622113825.905, lauv-roald, SmartX, 2.664
1622113826.405, lauv-roald, SmartX, 2.662
1622113826.905, lauv-roald, SmartX, 2.659
1622113827.405, lauv-roald, SmartX, 2.659
1622113827.905, lauv-roald, SmartX, 2.664
1622113828.405, lauv-roald, SmartX, 2.672
1622113828.905, lauv-roald, SmartX, 2.714
1622113829.405, lauv-roald, SmartX, 2.720
1622113829.905, lauv-roald, SmartX, 2.702
1622113830.405, lauv-roald, SmartX, 2.683
1622113830.905, lauv-roald, SmartX, 2.670
1622113831.405, lauv-roald, SmartX, 2.666
1622113831.905, lauv-roald, SmartX, 2.660
1622113832.405, lauv-roald, SmartX, 2.667
1622113832.905, lauv-roald, SmartX, 2.662
1622113833.405, lauv-roald, SmartX, 2.655
1622113833.905, lauv-roald, SmartX, 2.651
1622113834.405, lauv-roald, SmartX, 2.646
1622113834.905, lauv-roald, SmartX, 2.643
1622113835.405, lauv-roald, SmartX, 2.642
1622113835.905, lauv-roald, SmartX, 2.643
1622113836.405, lauv-roald, SmartX, 2.644
1622113836.904, lauv-roald, SmartX, 2.644
1622113837.404, lauv-roald, SmartX, 2.647
1622113837.904, lauv-roald, SmartX, 2.651
1622113838.405, lauv-roald, SmartX, 2.656
1622113838.904, lauv-roald, SmartX, 2.674
1622113839.404, lauv-roald, SmartX, 2.700
1622113839.904, lauv-roald, SmartX, 2.709
1622113840.404, lauv-roald, SmartX, 2.697
1622113840.904, lauv-roald, SmartX, 2.695
1622113841.404, lauv-roald, SmartX, 2.677
1622113841.904, lauv-roald, SmartX, 2.664
1622113842.404, lauv-roald, SmartX, 2.667
1622113842.904, lauv-roald, SmartX, 2.671
1622113843.404, lauv-roald, SmartX, 2.687
1622113843.904, lauv-roald, SmartX, 2.705
1622113844.404, lauv-roald, SmartX, 2.766
1622113844.904, lauv-roald, SmartX, 2.819
1622113845.404, lauv-roald, SmartX, 2.845
1622113845.904, lauv-roald, SmartX, 2.850
1622113846.404, lauv-roald, SmartX, 2.783
1622113846.904, lauv-roald, SmartX, 2.720
1622113847.404, lauv-roald, SmartX, 2.721
1622113847.904, lauv-roald, SmartX, 2.735
1622113848.404, lauv-roald, SmartX, 2.732
1622113848.904, lauv-roald, SmartX, 2.713
1622113849.403, lauv-roald, SmartX, 2.707
1622113849.904, lauv-roald, SmartX, 2.640
1622113850.404, lauv-roald, SmartX, 2.615
1622113850.904, lauv-roald, SmartX, 2.638
1622113851.404, lauv-roald, SmartX, 2.665
1622113851.903, lauv-roald, SmartX, 2.731
1622113852.403, lauv-roald, SmartX, 2.880
1622113852.903, lauv-roald, SmartX, 2.905
1622113853.403, lauv-roald, SmartX, 2.942
1622113853.903, lauv-roald, SmartX, 2.964
1622113854.403, lauv-roald, SmartX, 2.978
1622113854.903, lauv-roald, SmartX, 2.981
1622113855.403, lauv-roald, SmartX, 2.982
1622113855.903, lauv-roald, SmartX, 2.985
1622113856.403, lauv-roald, SmartX, 2.998
1622113856.903, lauv-roald, SmartX, 3.001
1622113857.403, lauv-roald, SmartX, 2.999
1622113857.903, lauv-roald, SmartX, 2.992
1622113858.403, lauv-roald, SmartX, 2.994
1622113858.903, lauv-roald, SmartX, 2.997
1622113859.403, lauv-roald, SmartX, 2.999
1622113859.903, lauv-roald, SmartX, 3.000
1622113860.403, lauv-roald, SmartX, 3.000
1622113860.903, lauv-roald, SmartX, 3.000
1622113861.403, lauv-roald, SmartX, 3.000
1622113861.902, lauv-roald, SmartX, 3.000
1622113862.403, lauv-roald, SmartX, 3.000
1622113862.903, lauv-roald, SmartX, 2.999
1622113863.403, lauv-roald, SmartX, 2.994
1622113863.902, lauv-roald, SmartX, 2.990
1622113864.403, lauv-roald, SmartX, 2.987
1622113864.902, lauv-roald, SmartX, 2.990
1622113865.402, lauv-roald, SmartX, 2.993
1622113865.903, lauv-roald, SmartX, 2.994
1622113866.402, lauv-roald, SmartX, 2.994
1622113866.902, lauv-roald, SmartX, 2.995
1622113867.402, lauv-roald, SmartX, 2.996
1622113867.902, lauv-roald, SmartX, 2.995
1622113868.402, lauv-roald, SmartX, 2.993
1622113868.902, lauv-roald, SmartX, 2.991
1622113869.402, lauv-roald, SmartX, 2.991
1622113869.902, lauv-roald, SmartX, 2.993
1622113870.402, lauv-roald, SmartX, 2.995
1622113870.902, lauv-roald, SmartX, 2.996
1622113871.402, lauv-roald, SmartX, 2.992
1622113871.902, lauv-roald, SmartX, 2.985
1622113872.402, lauv-roald, SmartX, 2.988
1622113872.902, lauv-roald, SmartX, 2.989
1622113873.402, lauv-roald, SmartX, 2.990
1622113873.902, lauv-roald, SmartX, 2.988
1622113874.402, lauv-roald, SmartX, 2.986
1622113874.902, lauv-roald, SmartX, 2.987
1622113875.402, lauv-roald, SmartX, 2.991
1622113875.902, lauv-roald, SmartX, 2.995
1622113876.402, lauv-roald, SmartX, 2.995
1622113876.902, lauv-roald, SmartX, 2.992
1622113877.402, lauv-roald, SmartX, 2.993
1622113877.902, lauv-roald, SmartX, 2.997
1622113878.402, lauv-roald, SmartX, 2.994
1622113878.902, lauv-roald, SmartX, 2.991
1622113879.402, lauv-roald, SmartX, 2.987
1622113879.902, lauv-roald, SmartX, 2.988
1622113880.402, lauv-roald, SmartX, 2.989
1622113880.902, lauv-roald, SmartX, 2.989
1622113881.401, lauv-roald, SmartX, 2.988
1622113881.901, lauv-roald, SmartX, 2.987
1622113882.401, lauv-roald, SmartX, 2.986
1622113882.901, lauv-roald, SmartX, 2.985
1622113883.401, lauv-roald, SmartX, 2.986
1622113883.901, lauv-roald, SmartX, 2.986
1622113884.401, lauv-roald, SmartX, 2.987
1622113884.901, lauv-roald, SmartX, 2.986
1622113885.401, lauv-roald, SmartX, 2.986
1622113885.901, lauv-roald, SmartX, 2.985
1622113886.401, lauv-roald, SmartX, 2.985
1622113886.901, lauv-roald, SmartX, 2.985
1622113887.401, lauv-roald, SmartX, 2.984
1622113887.901, lauv-roald, SmartX, 2.985
1622113888.401, lauv-roald, SmartX, 2.991
1622113888.901, lauv-roald, SmartX, 2.991
1622113889.401, lauv-roald, SmartX, 2.989
1622113889.901, lauv-roald, SmartX, 2.987
1622113890.401, lauv-roald, SmartX, 2.986
1622113890.901, lauv-roald, SmartX, 2.988
1622113891.401, lauv-roald, SmartX, 2.989
1622113891.901, lauv-roald, SmartX, 2.989
1622113892.401, lauv-roald, SmartX, 2.986
1622113892.901, lauv-roald, SmartX, 2.985
1622113893.401, lauv-roald, SmartX, 2.986
1622113893.901, lauv-roald, SmartX, 2.986
1622113894.401, lauv-roald, SmartX, 2.986
1622113894.901, lauv-roald, SmartX, 2.985
1622113895.400, lauv-roald, SmartX, 2.985
1622113895.901, lauv-roald, SmartX, 2.985
1622113896.401, lauv-roald, SmartX, 2.985
1622113896.901, lauv-roald, SmartX, 2.986
1622113897.400, lauv-roald, SmartX, 2.989
1622113897.900, lauv-roald, SmartX, 2.993
1622113898.400, lauv-roald, SmartX, 2.994
1622113898.900, lauv-roald, SmartX, 2.994
1622113899.400, lauv-roald, SmartX, 2.993
1622113899.900, lauv-roald, SmartX, 2.992
1622113900.400, lauv-roald, SmartX, 2.991
1622113900.900, lauv-roald, SmartX, 2.994
1622113901.400, lauv-roald, SmartX, 2.996
1622113901.900, lauv-roald, SmartX, 3.000
1622113902.400, lauv-roald, SmartX, 3.002
1622113902.900, lauv-roald, SmartX, 3.001
1622113903.400, lauv-roald, SmartX, 3.000
1622113903.900, lauv-roald, SmartX, 2.999
1622113904.400, lauv-roald, SmartX, 2.997
1622113904.900, lauv-roald, SmartX, 2.995
1622113905.400, lauv-roald, SmartX, 2.993
1622113905.900, lauv-roald, SmartX, 2.992
1622113906.400, lauv-roald, SmartX, 2.990
1622113906.900, lauv-roald, SmartX, 2.995
1622113907.400, lauv-roald, SmartX, 2.995
1622113907.900, lauv-roald, SmartX, 2.995
1622113908.400, lauv-roald, SmartX, 2.993
1622113908.900, lauv-roald, SmartX, 2.993
1622113909.399, lauv-roald, SmartX, 2.990
1622113909.899, lauv-roald, SmartX, 2.990
1622113910.399, lauv-roald, SmartX, 2.990
1622113910.899, lauv-roald, SmartX, 2.993
1622113911.399, lauv-roald, SmartX, 2.996
1622113911.899, lauv-roald, SmartX, 3.000
1622113912.399, lauv-roald, SmartX, 3.000
1622113912.899, lauv-roald, SmartX, 3.000
1622113913.399, lauv-roald, SmartX, 3.000
1622113913.899, lauv-roald, SmartX, 2.995
1622113914.399, lauv-roald, SmartX, 2.993
1622113914.899, lauv-roald, SmartX, 2.991
1622113915.399, lauv-roald, SmartX, 2.991
1622113915.899, lauv-roald, SmartX, 2.991
1622113916.399, lauv-roald, SmartX, 2.991
1622113916.899, lauv-roald, SmartX, 2.991
1622113917.399, lauv-roald, SmartX, 2.991
1622113917.899, lauv-roald, SmartX, 2.990
1622113918.399, lauv-roald, SmartX, 2.990
1622113918.899, lauv-roald, SmartX, 2.989
1622113919.399, lauv-roald, SmartX, 2.988
1622113919.899, lauv-roald, SmartX, 2.988
1622113920.399, lauv-roald, SmartX, 2.988
1622113920.899, lauv-roald, SmartX, 2.994
1622113921.399, lauv-roald, SmartX, 3.007
1622113921.899, lauv-roald, SmartX, 3.034
1622113922.399, lauv-roald, SmartX, 3.062
1622113922.898, lauv-roald, SmartX, 3.074
1622113923.399, lauv-roald, SmartX, 3.082
1622113923.899, lauv-roald, SmartX, 3.090
1622113924.399, lauv-roald, SmartX, 3.095
1622113924.898, lauv-roald, SmartX, 3.096
1622113925.398, lauv-roald, SmartX, 3.097
1622113925.899, lauv-roald, SmartX, 3.099
1622113926.399, lauv-roald, SmartX, 3.099
1622113926.898, lauv-roald, SmartX, 3.099
1622113927.398, lauv-roald, SmartX, 3.099
1622113927.898, lauv-roald, SmartX, 3.099
1622113928.398, lauv-roald, SmartX, 3.099
1622113928.898, lauv-roald, SmartX, 3.110
1622113929.398, lauv-roald, SmartX, 3.113
1622113929.898, lauv-roald, SmartX, 3.117
1622113930.399, lauv-roald, SmartX, 3.125
1622113930.898, lauv-roald, SmartX, 3.130
1622113931.398, lauv-roald, SmartX, 3.135
1622113931.898, lauv-roald, SmartX, 3.137
1622113932.398, lauv-roald, SmartX, 3.138
1622113932.898, lauv-roald, SmartX, 3.139
1622113933.398, lauv-roald, SmartX, 3.138
1622113933.898, lauv-roald, SmartX, 3.139
1622113934.398, lauv-roald, SmartX, 3.142
1622113934.898, lauv-roald, SmartX, 3.143
1622113935.398, lauv-roald, SmartX, 3.143
1622113935.899, lauv-roald, SmartX, 3.143
1622113936.398, lauv-roald, SmartX, 3.144
1622113936.898, lauv-roald, SmartX, 3.144
1622113937.398, lauv-roald, SmartX, 3.143
1622113937.898, lauv-roald, SmartX, 3.144
1622113938.398, lauv-roald, SmartX, 3.143
1622113938.898, lauv-roald, SmartX, 3.142
1622113939.398, lauv-roald, SmartX, 3.141
1622113939.898, lauv-roald, SmartX, 3.142
1622113940.398, lauv-roald, SmartX, 3.141
1622113940.898, lauv-roald, SmartX, 3.140
1622113941.397, lauv-roald, SmartX, 3.139
1622113941.897, lauv-roald, SmartX, 3.139
1622113942.397, lauv-roald, SmartX, 3.138
1622113942.897, lauv-roald, SmartX, 3.136
1622113943.397, lauv-roald, SmartX, 3.133
1622113943.897, lauv-roald, SmartX, 3.132
1622113944.397, lauv-roald, SmartX, 3.133
1622113944.897, lauv-roald, SmartX, 3.133
1622113945.397, lauv-roald, SmartX, 3.133
1622113945.897, lauv-roald, SmartX, 3.133
1622113946.397, lauv-roald, SmartX, 3.133
1622113946.897, lauv-roald, SmartX, 3.131
1622113947.397, lauv-roald, SmartX, 3.130
1622113947.897, lauv-roald, SmartX, 3.128
1622113948.397, lauv-roald, SmartX, 3.128
1622113948.897, lauv-roald, SmartX, 3.128
1622113949.397, lauv-roald, SmartX, 3.125
1622113949.897, lauv-roald, SmartX, 3.126
1622113950.397, lauv-roald, SmartX, 3.126
1622113950.897, lauv-roald, SmartX, 3.126
1622113951.397, lauv-roald, SmartX, 3.126
1622113951.897, lauv-roald, SmartX, 3.127
1622113952.397, lauv-roald, SmartX, 3.127
1622113952.897, lauv-roald, SmartX, 3.126
1622113953.397, lauv-roald, SmartX, 3.126
1622113953.897, lauv-roald, SmartX, 3.127
1622113954.397, lauv-roald, SmartX, 3.128
1622113954.897, lauv-roald, SmartX, 3.128
1622113955.397, lauv-roald, SmartX, 3.128
1622113955.896, lauv-roald, SmartX, 3.128
1622113956.396, lauv-roald, SmartX, 3.127
1622113956.896, lauv-roald, SmartX, 3.127
1622113957.396, lauv-roald, SmartX, 3.127
1622113957.896, lauv-roald, SmartX, 3.127
1622113958.396, lauv-roald, SmartX, 3.127
1622113958.896, lauv-roald, SmartX, 3.127
1622113959.396, lauv-roald, SmartX, 3.128
1622113959.896, lauv-roald, SmartX, 3.128
1622113960.396, lauv-roald, SmartX, 3.131
1622113960.896, lauv-roald, SmartX, 3.131
1622113961.396, lauv-roald, SmartX, 3.132
1622113961.896, lauv-roald, SmartX, 3.134
1622113962.396, lauv-roald, SmartX, 3.135
1622113962.896, lauv-roald, SmartX, 3.137
1622113963.396, lauv-roald, SmartX, 3.138
1622113963.896, lauv-roald, SmartX, 3.139
1622113964.396, lauv-roald, SmartX, 3.139
1622113964.896, lauv-roald, SmartX, 3.138
1622113965.396, lauv-roald, SmartX, 3.139
1622113965.896, lauv-roald, SmartX, 3.140
1622113966.396, lauv-roald, SmartX, 3.140
1622113966.896, lauv-roald, SmartX, 3.139
1622113967.396, lauv-roald, SmartX, 3.139
1622113967.896, lauv-roald, SmartX, 3.139
1622113968.396, lauv-roald, SmartX, 3.138
1622113968.895, lauv-roald, SmartX, 3.138
1622113969.396, lauv-roald, SmartX, 3.138
1622113969.896, lauv-roald, SmartX, 3.139
1622113970.396, lauv-roald, SmartX, 3.137
1622113970.895, lauv-roald, SmartX, 3.137
1622113971.395, lauv-roald, SmartX, 3.137
1622113971.896, lauv-roald, SmartX, 3.137
1622113972.395, lauv-roald, SmartX, 3.136
1622113972.895, lauv-roald, SmartX, 3.135
1622113973.395, lauv-roald, SmartX, 3.135
1622113973.895, lauv-roald, SmartX, 3.134
1622113974.395, lauv-roald, SmartX, 3.132
1622113974.895, lauv-roald, SmartX, 3.132
1622113975.395, lauv-roald, SmartX, 3.132
1622113975.895, lauv-roald, SmartX, 3.133
1622113976.395, lauv-roald, SmartX, 3.135
1622113976.895, lauv-roald, SmartX, 3.136
1622113977.395, lauv-roald, SmartX, 3.136
1622113977.895, lauv-roald, SmartX, 3.136
1622113978.395, lauv-roald, SmartX, 3.136
1622113978.895, lauv-roald, SmartX, 3.136
1622113979.395, lauv-roald, SmartX, 3.133
1622113979.895, lauv-roald, SmartX, 3.129
1622113980.395, lauv-roald, SmartX, 3.128
1622113980.895, lauv-roald, SmartX, 3.128
1622113981.395, lauv-roald, SmartX, 3.128
1622113981.895, lauv-roald, SmartX, 3.128
1622113982.395, lauv-roald, SmartX, 3.129
1622113982.895, lauv-roald, SmartX, 3.129
1622113983.395, lauv-roald, SmartX, 3.130
1622113983.895, lauv-roald, SmartX, 3.130
1622113984.394, lauv-roald, SmartX, 3.129
1622113984.894, lauv-roald, SmartX, 3.129
1622113985.394, lauv-roald, SmartX, 3.128
1622113985.894, lauv-roald, SmartX, 3.128
1622113986.394, lauv-roald, SmartX, 3.132
1622113986.894, lauv-roald, SmartX, 3.133
1622113987.394, lauv-roald, SmartX, 3.135
1622113987.894, lauv-roald, SmartX, 3.135
1622113988.394, lauv-roald, SmartX, 3.136
1622113988.894, lauv-roald, SmartX, 3.136
1622113989.394, lauv-roald, SmartX, 3.136
1622113989.894, lauv-roald, SmartX, 3.136
1622113990.394, lauv-roald, SmartX, 3.136
1622113990.894, lauv-roald, SmartX, 3.136
1622113991.394, lauv-roald, SmartX, 3.137
1622113991.894, lauv-roald, SmartX, 3.136
1622113992.394, lauv-roald, SmartX, 3.136
1622113992.894, lauv-roald, SmartX, 3.136
1622113993.394, lauv-roald, SmartX, 3.136
1622113993.894, lauv-roald, SmartX, 3.137
1622113994.394, lauv-roald, SmartX, 3.139
1622113994.894, lauv-roald, SmartX, 3.140
1622113995.394, lauv-roald, SmartX, 3.142
1622113995.894, lauv-roald, SmartX, 3.144
1622113996.394, lauv-roald, SmartX, 3.144
1622113996.894, lauv-roald, SmartX, 3.145
1622113997.394, lauv-roald, SmartX, 3.145
1622113997.894, lauv-roald, SmartX, 3.145
1622113998.394, lauv-roald, SmartX, 3.145
1622113998.894, lauv-roald, SmartX, 3.145
1622113999.394, lauv-roald, SmartX, 3.145
1622113999.894, lauv-roald, SmartX, 3.145
1622114000.393, lauv-roald, SmartX, 3.145
1622114000.893, lauv-roald, SmartX, 3.144
1622114001.393, lauv-roald, SmartX, 3.144
1622114001.893, lauv-roald, SmartX, 3.144
1622114002.393, lauv-roald, SmartX, 3.145
1622114002.893, lauv-roald, SmartX, 3.145
1622114003.393, lauv-roald, SmartX, 3.145
1622114003.893, lauv-roald, SmartX, 3.146
1622114004.393, lauv-roald, SmartX, 3.145
1622114004.893, lauv-roald, SmartX, 3.145
1622114005.393, lauv-roald, SmartX, 3.144
1622114005.893, lauv-roald, SmartX, 3.145
1622114006.393, lauv-roald, SmartX, 3.145
1622114006.893, lauv-roald, SmartX, 3.145
1622114007.393, lauv-roald, SmartX, 3.145
1622114007.893, lauv-roald, SmartX, 3.145
1622114008.393, lauv-roald, SmartX, 3.145
1622114008.893, lauv-roald, SmartX, 3.145
1622114009.393, lauv-roald, SmartX, 3.147
1622114009.893, lauv-roald, SmartX, 3.147
1622114010.393, lauv-roald, SmartX, 3.145
1622114010.893, lauv-roald, SmartX, 3.145
1622114011.393, lauv-roald, SmartX, 3.145
1622114011.893, lauv-roald, SmartX, 3.144
1622114012.393, lauv-roald, SmartX, 3.145
1622114012.893, lauv-roald, SmartX, 3.147
1622114013.393, lauv-roald, SmartX, 3.149
1622114013.892, lauv-roald, SmartX, 3.151
1622114014.392, lauv-roald, SmartX, 3.153
1622114014.892, lauv-roald, SmartX, 3.155
1622114015.393, lauv-roald, SmartX, 3.154
1622114015.892, lauv-roald, SmartX, 3.154
1622114016.392, lauv-roald, SmartX, 3.152
1622114016.892, lauv-roald, SmartX, 3.151
1622114017.392, lauv-roald, SmartX, 3.152
1622114017.892, lauv-roald, SmartX, 3.152
1622114018.392, lauv-roald, SmartX, 3.152
1622114018.892, lauv-roald, SmartX, 3.151
1622114019.392, lauv-roald, SmartX, 3.151
1622114019.892, lauv-roald, SmartX, 3.151
1622114020.392, lauv-roald, SmartX, 3.148
1622114020.892, lauv-roald, SmartX, 3.146
1622114021.392, lauv-roald, SmartX, 3.145
1622114021.892, lauv-roald, SmartX, 3.143
1622114022.392, lauv-roald, SmartX, 3.143
1622114022.892, lauv-roald, SmartX, 3.143
1622114023.392, lauv-roald, SmartX, 3.144
1622114023.892, lauv-roald, SmartX, 3.144
1622114024.392, lauv-roald, SmartX, 3.144
1622114024.892, lauv-roald, SmartX, 3.145
1622114025.392, lauv-roald, SmartX, 3.147
1622114025.892, lauv-roald, SmartX, 3.149
1622114026.392, lauv-roald, SmartX, 3.150
1622114026.891, lauv-roald, SmartX, 3.150
1622114027.392, lauv-roald, SmartX, 3.151
1622114027.892, lauv-roald, SmartX, 3.151
1622114028.392, lauv-roald, SmartX, 3.152
1622114028.891, lauv-roald, SmartX, 3.152
1622114029.391, lauv-roald, SmartX, 3.152
1622114029.891, lauv-roald, SmartX, 3.151
1622114030.391, lauv-roald, SmartX, 3.152
1622114030.891, lauv-roald, SmartX, 3.151
1622114031.391, lauv-roald, SmartX, 3.151
1622114031.891, lauv-roald, SmartX, 3.151
1622114032.391, lauv-roald, SmartX, 3.151
1622114032.891, lauv-roald, SmartX, 3.151
1622114033.391, lauv-roald, SmartX, 3.151
1622114033.891, lauv-roald, SmartX, 3.151
1622114034.391, lauv-roald, SmartX, 3.152
1622114034.891, lauv-roald, SmartX, 3.152
1622114035.391, lauv-roald, SmartX, 3.152
1622114035.891, lauv-roald, SmartX, 3.152
1622114036.391, lauv-roald, SmartX, 3.151
1622114036.891, lauv-roald, SmartX, 3.151
1622114037.391, lauv-roald, SmartX, 3.152
1622114037.891, lauv-roald, SmartX, 3.152
1622114038.391, lauv-roald, SmartX, 3.152
1622114038.891, lauv-roald, SmartX, 3.152
1622114039.391, lauv-roald, SmartX, 3.152
1622114039.891, lauv-roald, SmartX, 3.151
1622114040.391, lauv-roald, SmartX, 3.149
1622114040.891, lauv-roald, SmartX, 3.148
1622114041.391, lauv-roald, SmartX, 3.147
1622114041.891, lauv-roald, SmartX, 3.147
1622114042.391, lauv-roald, SmartX, 3.148
1622114042.891, lauv-roald, SmartX, 3.149
1622114043.391, lauv-roald, SmartX, 3.150
1622114043.891, lauv-roald, SmartX, 3.150
1622114044.390, lauv-roald, SmartX, 3.150
1622114044.890, lauv-roald, SmartX, 3.150
1622114045.390, lauv-roald, SmartX, 3.150
1622114045.890, lauv-roald, SmartX, 3.149
1622114046.390, lauv-roald, SmartX, 3.148
1622114046.890, lauv-roald, SmartX, 3.148
1622114047.390, lauv-roald, SmartX, 3.148
1622114047.890, lauv-roald, SmartX, 3.148
1622114048.390, lauv-roald, SmartX, 3.148
1622114048.890, lauv-roald, SmartX, 3.148
1622114049.390, lauv-roald, SmartX, 3.148
1622114049.890, lauv-roald, SmartX, 3.148
1622114050.390, lauv-roald, SmartX, 3.149
1622114050.890, lauv-roald, SmartX, 3.151
1622114051.390, lauv-roald, SmartX, 3.151
1622114051.890, lauv-roald, SmartX, 3.152
1622114052.390, lauv-roald, SmartX, 3.152
1622114052.890, lauv-roald, SmartX, 3.152
1622114053.390, lauv-roald, SmartX, 3.152
1622114053.890, lauv-roald, SmartX, 3.152
1622114054.391, lauv-roald, SmartX, 3.152
1622114054.890, lauv-roald, SmartX, 3.153
1622114055.391, lauv-roald, SmartX, 3.153
1622114055.890, lauv-roald, SmartX, 3.153
1622114056.390, lauv-roald, SmartX, 3.153
1622114056.890, lauv-roald, SmartX, 3.153
1622114057.390, lauv-roald, SmartX, 3.152
1622114057.890, lauv-roald, SmartX, 3.153
1622114058.390, lauv-roald, SmartX, 3.153
1622114058.890, lauv-roald, SmartX, 3.152
1622114059.390, lauv-roald, SmartX, 3.152
1622114059.890, lauv-roald, SmartX, 3.152
1622114060.390, lauv-roald, SmartX, 3.151
1622114060.890, lauv-roald, SmartX, 3.151
1622114061.389, lauv-roald, SmartX, 3.151
1622114061.890, lauv-roald, SmartX, 3.151
1622114062.389, lauv-roald, SmartX, 3.151
1622114062.889, lauv-roald, SmartX, 3.150
1622114063.389, lauv-roald, SmartX, 3.150
1622114063.890, lauv-roald, SmartX, 3.150
1622114064.389, lauv-roald, SmartX, 3.150
1622114064.889, lauv-roald, SmartX, 3.150
1622114065.389, lauv-roald, SmartX, 3.150
1622114065.889, lauv-roald, SmartX, 3.149
1622114066.389, lauv-roald, SmartX, 3.148
1622114066.889, lauv-roald, SmartX, 3.148
1622114067.389, lauv-roald, SmartX, 3.148
1622114067.889, lauv-roald, SmartX, 3.147
1622114068.389, lauv-roald, SmartX, 3.146
1622114068.889, lauv-roald, SmartX, 3.146
1622114069.389, lauv-roald, SmartX, 3.145
1622114069.889, lauv-roald, SmartX, 3.145
1622114070.389, lauv-roald, SmartX, 3.145
1622114070.889, lauv-roald, SmartX, 3.145
1622114071.389, lauv-roald, SmartX, 3.145
1622114071.889, lauv-roald, SmartX, 3.145
1622114072.389, lauv-roald, SmartX, 3.145
1622114072.889, lauv-roald, SmartX, 3.145
1622114073.388, lauv-roald, SmartX, 3.145
1622114073.889, lauv-roald, SmartX, 3.145
1622114074.388, lauv-roald, SmartX, 3.145
1622114074.888, lauv-roald, SmartX, 3.145
1622114075.388, lauv-roald, SmartX, 3.144
1622114075.888, lauv-roald, SmartX, 3.144
1622114076.388, lauv-roald, SmartX, 3.144
1622114076.888, lauv-roald, SmartX, 3.144
1622114077.388, lauv-roald, SmartX, 3.143
1622114077.888, lauv-roald, SmartX, 3.144
1622114078.388, lauv-roald, SmartX, 3.144
1622114078.888, lauv-roald, SmartX, 3.142
1622114079.388, lauv-roald, SmartX, 3.143
1622114079.888, lauv-roald, SmartX, 3.144
1622114080.388, lauv-roald, SmartX, 3.143
1622114080.888, lauv-roald, SmartX, 3.144
1622114081.388, lauv-roald, SmartX, 3.144
1622114081.888, lauv-roald, SmartX, 3.144
1622114082.388, lauv-roald, SmartX, 3.145
1622114082.888, lauv-roald, SmartX, 3.145
1622114083.388, lauv-roald, SmartX, 3.144
1622114083.888, lauv-roald, SmartX, 3.143
1622114084.388, lauv-roald, SmartX, 3.143
1622114084.888, lauv-roald, SmartX, 3.143
1622114085.388, lauv-roald, SmartX, 3.143
1622114085.888, lauv-roald, SmartX, 3.142
1622114086.388, lauv-roald, SmartX, 3.141
1622114086.889, lauv-roald, SmartX, 3.141
1622114087.387, lauv-roald, SmartX, 3.140
1622114087.888, lauv-roald, SmartX, 3.140
1622114088.388, lauv-roald, SmartX, 3.140
1622114088.888, lauv-roald, SmartX, 3.139
1622114089.388, lauv-roald, SmartX, 3.139
1622114089.887, lauv-roald, SmartX, 3.139
1622114090.388, lauv-roald, SmartX, 3.138
1622114090.888, lauv-roald, SmartX, 3.138
1622114091.387, lauv-roald, SmartX, 3.138
1622114091.887, lauv-roald, SmartX, 3.139
1622114092.387, lauv-roald, SmartX, 3.139
1622114092.887, lauv-roald, SmartX, 3.140
1622114093.387, lauv-roald, SmartX, 3.140
1622114093.887, lauv-roald, SmartX, 3.140
1622114094.387, lauv-roald, SmartX, 3.140
1622114094.887, lauv-roald, SmartX, 3.140
1622114095.387, lauv-roald, SmartX, 3.140
1622114095.887, lauv-roald, SmartX, 3.140
1622114096.387, lauv-roald, SmartX, 3.140
1622114096.887, lauv-roald, SmartX, 3.140
1622114097.387, lauv-roald, SmartX, 3.140
1622114097.887, lauv-roald, SmartX, 3.140
1622114098.387, lauv-roald, SmartX, 3.140
1622114098.887, lauv-roald, SmartX, 3.140
1622114099.387, lauv-roald, SmartX, 3.140
1622114099.887, lauv-roald, SmartX, 3.140
1622114100.386, lauv-roald, SmartX, 3.140
1622114100.887, lauv-roald, SmartX, 3.141
1622114101.387, lauv-roald, SmartX, 3.141
1622114101.886, lauv-roald, SmartX, 3.142
1622114102.386, lauv-roald, SmartX, 3.142
1622114102.887, lauv-roald, SmartX, 3.142
1622114103.386, lauv-roald, SmartX, 3.142
1622114103.886, lauv-roald, SmartX, 3.142
1622114104.386, lauv-roald, SmartX, 3.142
1622114104.886, lauv-roald, SmartX, 3.142
1622114105.387, lauv-roald, SmartX, 3.141
1622114105.887, lauv-roald, SmartX, 3.141
1622114106.387, lauv-roald, SmartX, 3.141
1622114106.886, lauv-roald, SmartX, 3.141
1622114107.386, lauv-roald, SmartX, 3.141
1622114107.886, lauv-roald, SmartX, 3.140
1622114108.386, lauv-roald, SmartX, 3.140
1622114108.886, lauv-roald, SmartX, 3.140
1622114109.386, lauv-roald, SmartX, 3.139
1622114109.886, lauv-roald, SmartX, 3.138
1622114110.386, lauv-roald, SmartX, 3.137
1622114110.886, lauv-roald, SmartX, 3.135
1622114111.386, lauv-roald, SmartX, 3.134
1622114111.886, lauv-roald, SmartX, 3.134
1622114112.386, lauv-roald, SmartX, 3.133
1622114112.886, lauv-roald, SmartX, 3.132
1622114113.386, lauv-roald, SmartX, 3.132
1622114113.886, lauv-roald, SmartX, 3.132
1622114114.386, lauv-roald, SmartX, 3.132
1622114114.886, lauv-roald, SmartX, 3.131
1622114115.386, lauv-roald, SmartX, 3.131
1622114115.886, lauv-roald, SmartX, 3.131
1622114116.385, lauv-roald, SmartX, 3.131
1622114116.885, lauv-roald, SmartX, 3.131
1622114117.386, lauv-roald, SmartX, 3.130
1622114117.885, lauv-roald, SmartX, 3.131
1622114118.385, lauv-roald, SmartX, 3.131
1622114118.885, lauv-roald, SmartX, 3.130
1622114119.385, lauv-roald, SmartX, 3.130
1622114119.885, lauv-roald, SmartX, 3.131
1622114120.385, lauv-roald, SmartX, 3.130
1622114120.885, lauv-roald, SmartX, 3.130
1622114121.385, lauv-roald, SmartX, 3.131
1622114121.885, lauv-roald, SmartX, 3.131
1622114122.385, lauv-roald, SmartX, 3.130
1622114122.885, lauv-roald, SmartX, 3.130
1622114123.385, lauv-roald, SmartX, 3.130
1622114123.885, lauv-roald, SmartX, 3.130
1622114124.385, lauv-roald, SmartX, 3.130
1622114124.885, lauv-roald, SmartX, 3.130
1622114125.385, lauv-roald, SmartX, 3.130
1622114125.885, lauv-roald, SmartX, 3.129
1622114126.385, lauv-roald, SmartX, 3.130
1622114126.885, lauv-roald, SmartX, 3.129
1622114127.385, lauv-roald, SmartX, 3.129
1622114127.885, lauv-roald, SmartX, 3.129
1622114128.385, lauv-roald, SmartX, 3.129
1622114128.885, lauv-roald, SmartX, 3.129
1622114129.385, lauv-roald, SmartX, 3.129
1622114129.885, lauv-roald, SmartX, 3.129
1622114130.385, lauv-roald, SmartX, 3.129
1622114130.885, lauv-roald, SmartX, 3.129
1622114131.385, lauv-roald, SmartX, 3.130
1622114131.884, lauv-roald, SmartX, 3.129
1622114132.385, lauv-roald, SmartX, 3.129
1622114132.884, lauv-roald, SmartX, 3.129
1622114133.384, lauv-roald, SmartX, 3.129
1622114133.884, lauv-roald, SmartX, 3.129
1622114134.384, lauv-roald, SmartX, 3.129
1622114134.884, lauv-roald, SmartX, 3.130
1622114135.384, lauv-roald, SmartX, 3.130
1622114135.884, lauv-roald, SmartX, 3.129
1622114136.384, lauv-roald, SmartX, 3.129
1622114136.884, lauv-roald, SmartX, 3.129
1622114137.384, lauv-roald, SmartX, 3.129
1622114137.884, lauv-roald, SmartX, 3.130
1622114138.384, lauv-roald, SmartX, 3.130
1622114138.884, lauv-roald, SmartX, 3.130
1622114139.384, lauv-roald, SmartX, 3.129
1622114139.884, lauv-roald, SmartX, 3.129
1622114140.384, lauv-roald, SmartX, 3.129
1622114140.884, lauv-roald, SmartX, 3.129
1622114141.384, lauv-roald, SmartX, 3.128
1622114141.884, lauv-roald, SmartX, 3.128
1622114142.384, lauv-roald, SmartX, 3.128
1622114142.884, lauv-roald, SmartX, 3.128
1622114143.384, lauv-roald, SmartX, 3.128
1622114143.884, lauv-roald, SmartX, 3.128
1622114144.384, lauv-roald, SmartX, 3.128
1622114144.884, lauv-roald, SmartX, 3.128
1622114145.384, lauv-roald, SmartX, 3.128
1622114145.884, lauv-roald, SmartX, 3.128
1622114146.384, lauv-roald, SmartX, 3.128
1622114146.884, lauv-roald, SmartX, 3.128
1622114147.384, lauv-roald, SmartX, 3.128
1622114147.883, lauv-roald, SmartX, 3.128
1622114148.383, lauv-roald, SmartX, 3.127
1622114148.883, lauv-roald, SmartX, 3.127
1622114149.383, lauv-roald, SmartX, 3.127
1622114149.883, lauv-roald, SmartX, 3.127
1622114150.383, lauv-roald, SmartX, 3.127
1622114150.883, lauv-roald, SmartX, 3.127
1622114151.383, lauv-roald, SmartX, 3.127
1622114151.883, lauv-roald, SmartX, 3.127
1622114152.383, lauv-roald, SmartX, 3.127
1622114152.883, lauv-roald, SmartX, 3.126
1622114153.383, lauv-roald, SmartX, 3.126
1622114153.883, lauv-roald, SmartX, 3.126
1622114154.383, lauv-roald, SmartX, 3.126
1622114154.883, lauv-roald, SmartX, 3.126
1622114155.383, lauv-roald, SmartX, 3.126
1622114155.883, lauv-roald, SmartX, 3.126
1622114156.383, lauv-roald, SmartX, 3.126
1622114156.883, lauv-roald, SmartX, 3.126
1622114157.383, lauv-roald, SmartX, 3.126
1622114157.883, lauv-roald, SmartX, 3.126
1622114158.383, lauv-roald, SmartX, 3.126
1622114158.883, lauv-roald, SmartX, 3.126
1622114159.383, lauv-roald, SmartX, 3.126
1622114159.883, lauv-roald, SmartX, 3.125
1622114160.383, lauv-roald, SmartX, 3.125
1622114160.883, lauv-roald, SmartX, 3.125
1622114161.383, lauv-roald, SmartX, 3.124
1622114161.883, lauv-roald, SmartX, 3.124
1622114162.383, lauv-roald, SmartX, 3.125
1622114162.882, lauv-roald, SmartX, 3.124
1622114163.382, lauv-roald, SmartX, 3.124
1622114163.882, lauv-roald, SmartX, 3.124
1622114164.382, lauv-roald, SmartX, 3.123
1622114164.882, lauv-roald, SmartX, 3.123
1622114165.382, lauv-roald, SmartX, 3.123
1622114165.882, lauv-roald, SmartX, 3.123
1622114166.382, lauv-roald, SmartX, 3.123
1622114166.882, lauv-roald, SmartX, 3.123
1622114167.382, lauv-roald, SmartX, 3.123
1622114167.882, lauv-roald, SmartX, 3.124
1622114168.382, lauv-roald, SmartX, 3.124
1622114168.882, lauv-roald, SmartX, 3.125
1622114169.382, lauv-roald, SmartX, 3.125
1622114169.882, lauv-roald, SmartX, 3.125
1622114170.382, lauv-roald, SmartX, 3.125
1622114170.882, lauv-roald, SmartX, 3.126
1622114171.382, lauv-roald, SmartX, 3.126
1622114171.882, lauv-roald, SmartX, 3.126
1622114172.382, lauv-roald, SmartX, 3.126
1622114172.882, lauv-roald, SmartX, 3.126
1622114173.382, lauv-roald, SmartX, 3.126
1622114173.882, lauv-roald, SmartX, 3.126
1622114174.382, lauv-roald, SmartX, 3.126
1622114174.882, lauv-roald, SmartX, 3.126
1622114175.382, lauv-roald, SmartX, 3.126
1622114175.882, lauv-roald, SmartX, 3.126
1622114176.381, lauv-roald, SmartX, 3.126
1622114176.882, lauv-roald, SmartX, 3.126
1622114177.382, lauv-roald, SmartX, 3.126
1622114177.881, lauv-roald, SmartX, 3.126
1622114178.381, lauv-roald, SmartX, 3.126
1622114178.881, lauv-roald, SmartX, 3.126
1622114179.381, lauv-roald, SmartX, 3.126
1622114179.881, lauv-roald, SmartX, 3.126
1622114180.381, lauv-roald, SmartX, 3.126
1622114180.881, lauv-roald, SmartX, 3.125
1622114181.381, lauv-roald, SmartX, 3.125
1622114181.881, lauv-roald, SmartX, 3.125
1622114182.381, lauv-roald, SmartX, 3.125
1622114182.881, lauv-roald, SmartX, 3.125
1622114183.381, lauv-roald, SmartX, 3.125
1622114183.881, lauv-roald, SmartX, 3.124
1622114184.381, lauv-roald, SmartX, 3.123
1622114184.881, lauv-roald, SmartX, 3.122
1622114185.381, lauv-roald, SmartX, 3.122
1622114185.881, lauv-roald, SmartX, 3.122
1622114186.381, lauv-roald, SmartX, 3.124
1622114186.881, lauv-roald, SmartX, 3.124
1622114187.381, lauv-roald, SmartX, 3.125
1622114187.881, lauv-roald, SmartX, 3.125
1622114188.381, lauv-roald, SmartX, 3.125
1622114188.881, lauv-roald, SmartX, 3.125
1622114189.381, lauv-roald, SmartX, 3.125
1622114189.881, lauv-roald, SmartX, 3.125
1622114190.381, lauv-roald, SmartX, 3.125
1622114190.881, lauv-roald, SmartX, 3.125
1622114191.381, lauv-roald, SmartX, 3.125
1622114191.881, lauv-roald, SmartX, 3.125
1622114192.381, lauv-roald, SmartX, 3.126
1622114192.881, lauv-roald, SmartX, 3.125
1622114193.380, lauv-roald, SmartX, 3.125
1622114193.880, lauv-roald, SmartX, 3.126
1622114194.380, lauv-roald, SmartX, 3.125
1622114194.880, lauv-roald, SmartX, 3.125
1622114195.380, lauv-roald, SmartX, 3.125
1622114195.880, lauv-roald, SmartX, 3.125
1622114196.380, lauv-roald, SmartX, 3.125
1622114196.880, lauv-roald, SmartX, 3.125
1622114197.380, lauv-roald, SmartX, 3.125
1622114197.880, lauv-roald, SmartX, 3.125
1622114198.380, lauv-roald, SmartX, 3.125
1622114198.880, lauv-roald, SmartX, 3.125
1622114199.380, lauv-roald, SmartX, 3.125
1622114199.880, lauv-roald, SmartX, 3.125
1622114200.380, lauv-roald, SmartX, 3.125
1622114200.880, lauv-roald, SmartX, 3.125
1622114201.380, lauv-roald, SmartX, 3.125
1622114201.880, lauv-roald, SmartX, 3.125
1622114202.380, lauv-roald, SmartX, 3.125
1622114202.880, lauv-roald, SmartX, 3.125
1622114203.380, lauv-roald, SmartX, 3.125
1622114203.880, lauv-roald, SmartX, 3.125
1622114204.380, lauv-roald, SmartX, 3.125
1622114204.880, lauv-roald, SmartX, 3.125
1622114205.380, lauv-roald, SmartX, 3.125
1622114205.880, lauv-roald, SmartX, 3.125
1622114206.380, lauv-roald, SmartX, 3.125
1622114206.880, lauv-roald, SmartX, 3.125
1622114207.380, lauv-roald, SmartX, 3.125
1622114207.879, lauv-roald, SmartX, 3.125
1622114208.379, lauv-roald, SmartX, 3.125
1622114208.879, lauv-roald, SmartX, 3.125
1622114209.379, lauv-roald, SmartX, 3.125
1622114209.879, lauv-roald, SmartX, 3.125
1622114210.379, lauv-roald, SmartX, 3.125
1622114210.879, lauv-roald, SmartX, 3.125
1622114211.379, lauv-roald, SmartX, 3.125
1622114211.879, lauv-roald, SmartX, 3.125
1622114212.379, lauv-roald, SmartX, 3.125
1622114212.879, lauv-roald, SmartX, 3.125
1622114213.379, lauv-roald, SmartX, 3.125
1622114213.879, lauv-roald, SmartX, 3.125
1622114214.379, lauv-roald, SmartX, 3.125
1622114214.879, lauv-roald, SmartX, 3.125
1622114215.379, lauv-roald, SmartX, 3.125
1622114215.879, lauv-roald, SmartX, 3.124
1622114216.379, lauv-roald, SmartX, 3.124
1622114216.879, lauv-roald, SmartX, 3.124
1622114217.379, lauv-roald, SmartX, 3.124
1622114217.879, lauv-roald, SmartX, 3.124
1622114218.379, lauv-roald, SmartX, 3.124
1622114218.879, lauv-roald, SmartX, 3.124
1622114219.379, lauv-roald, SmartX, 3.124
1622114219.879, lauv-roald, SmartX, 3.124
1622114220.379, lauv-roald, SmartX, 3.124
1622114220.879, lauv-roald, SmartX, 3.124
1622114221.379, lauv-roald, SmartX, 3.124
1622114221.879, lauv-roald, SmartX, 3.124
1622114222.378, lauv-roald, SmartX, 3.124
1622114222.879, lauv-roald, SmartX, 3.124
1622114223.379, lauv-roald, SmartX, 3.124
1622114223.878, lauv-roald, SmartX, 3.124
1622114224.378, lauv-roald, SmartX, 3.124
1622114224.878, lauv-roald, SmartX, 3.124
1622114225.378, lauv-roald, SmartX, 3.124
1622114225.878, lauv-roald, SmartX, 3.124
1622114226.378, lauv-roald, SmartX, 3.124
1622114226.878, lauv-roald, SmartX, 3.125
1622114227.378, lauv-roald, SmartX, 3.124
1622114227.878, lauv-roald, SmartX, 3.125
1622114228.378, lauv-roald, SmartX, 3.125
1622114228.878, lauv-roald, SmartX, 3.125
1622114229.378, lauv-roald, SmartX, 3.125
1622114229.878, lauv-roald, SmartX, 3.125
1622114230.378, lauv-roald, SmartX, 3.125
1622114230.878, lauv-roald, SmartX, 3.126
1622114231.378, lauv-roald, SmartX, 3.126
1622114231.878, lauv-roald, SmartX, 3.125
1622114232.378, lauv-roald, SmartX, 3.126
1622114232.878, lauv-roald, SmartX, 3.127
1622114233.378, lauv-roald, SmartX, 3.126
1622114233.878, lauv-roald, SmartX, 3.126
1622114234.378, lauv-roald, SmartX, 3.126
1622114234.878, lauv-roald, SmartX, 3.126
1622114235.378, lauv-roald, SmartX, 3.128
1622114235.878, lauv-roald, SmartX, 3.127
1622114236.378, lauv-roald, SmartX, 3.125
1622114236.877, lauv-roald, SmartX, 3.126
1622114237.377, lauv-roald, SmartX, 3.126
1622114237.877, lauv-roald, SmartX, 3.126
1622114238.377, lauv-roald, SmartX, 3.126
1622114238.877, lauv-roald, SmartX, 3.125
1622114239.377, lauv-roald, SmartX, 3.126
1622114239.877, lauv-roald, SmartX, 3.127
1622114240.377, lauv-roald, SmartX, 3.128
1622114240.877, lauv-roald, SmartX, 3.128
1622114241.377, lauv-roald, SmartX, 3.129
1622114241.877, lauv-roald, SmartX, 3.128
1622114242.377, lauv-roald, SmartX, 3.128
1622114242.877, lauv-roald, SmartX, 3.127
1622114243.377, lauv-roald, SmartX, 3.128
1622114243.877, lauv-roald, SmartX, 3.128
1622114244.377, lauv-roald, SmartX, 3.127
1622114244.877, lauv-roald, SmartX, 3.127
1622114245.377, lauv-roald, SmartX, 3.127
1622114245.877, lauv-roald, SmartX, 3.127
1622114246.377, lauv-roald, SmartX, 3.127
1622114246.877, lauv-roald, SmartX, 3.126
1622114247.377, lauv-roald, SmartX, 3.126
1622114247.877, lauv-roald, SmartX, 3.126
1622114248.377, lauv-roald, SmartX, 3.127
1622114248.877, lauv-roald, SmartX, 3.127
1622114249.377, lauv-roald, SmartX, 3.127
1622114249.877, lauv-roald, SmartX, 3.127
1622114250.377, lauv-roald, SmartX, 3.128
1622114250.877, lauv-roald, SmartX, 3.128
1622114251.377, lauv-roald, SmartX, 3.128
1622114251.877, lauv-roald, SmartX, 3.128
1622114252.377, lauv-roald, SmartX, 3.127
1622114252.876, lauv-roald, SmartX, 3.127
1622114253.376, lauv-roald, SmartX, 3.127
1622114253.876, lauv-roald, SmartX, 3.128
1622114254.376, lauv-roald, SmartX, 3.127
1622114254.876, lauv-roald, SmartX, 3.126
1622114255.376, lauv-roald, SmartX, 3.125
1622114255.876, lauv-roald, SmartX, 3.125
1622114256.376, lauv-roald, SmartX, 3.125
1622114256.876, lauv-roald, SmartX, 3.124
1622114257.376, lauv-roald, SmartX, 3.124
1622114257.876, lauv-roald, SmartX, 3.124
1622114258.376, lauv-roald, SmartX, 3.124
1622114258.876, lauv-roald, SmartX, 3.124
1622114259.376, lauv-roald, SmartX, 3.124
1622114259.876, lauv-roald, SmartX, 3.124
1622114260.376, lauv-roald, SmartX, 3.124
1622114260.876, lauv-roald, SmartX, 3.124
1622114261.376, lauv-roald, SmartX, 3.124
1622114261.876, lauv-roald, SmartX, 3.124
1622114262.376, lauv-roald, SmartX, 3.124
1622114262.876, lauv-roald, SmartX, 3.124
1622114263.376, lauv-roald, SmartX, 3.124
1622114263.876, lauv-roald, SmartX, 3.124
1622114264.376, lauv-roald, SmartX, 3.125
1622114264.876, lauv-roald, SmartX, 3.125
1622114265.376, lauv-roald, SmartX, 3.125
1622114265.876, lauv-roald, SmartX, 3.125
1622114266.375, lauv-roald, SmartX, 3.125
1622114266.875, lauv-roald, SmartX, 3.125
1622114267.375, lauv-roald, SmartX, 3.125
1622114267.875, lauv-roald, SmartX, 3.126
1622114268.375, lauv-roald, SmartX, 3.125
1622114268.875, lauv-roald, SmartX, 3.125
1622114269.375, lauv-roald, SmartX, 3.125
1622114269.875, lauv-roald, SmartX, 3.125
1622114270.375, lauv-roald, SmartX, 3.125
1622114270.875, lauv-roald, SmartX, 3.124
1622114271.375, lauv-roald, SmartX, 3.124
1622114271.875, lauv-roald, SmartX, 3.124
1622114272.375, lauv-roald, SmartX, 3.124
1622114272.875, lauv-roald, SmartX, 3.124
1622114273.375, lauv-roald, SmartX, 3.123
1622114273.875, lauv-roald, SmartX, 3.124
1622114274.375, lauv-roald, SmartX, 3.124
1622114274.875, lauv-roald, SmartX, 3.124
1622114275.375, lauv-roald, SmartX, 3.124
1622114275.875, lauv-roald, SmartX, 3.124
1622114276.375, lauv-roald, SmartX, 3.123
1622114276.875, lauv-roald, SmartX, 3.123
1622114277.375, lauv-roald, SmartX, 3.123
1622114277.875, lauv-roald, SmartX, 3.123
1622114278.375, lauv-roald, SmartX, 3.123
1622114278.875, lauv-roald, SmartX, 3.123
1622114279.374, lauv-roald, SmartX, 3.123
1622114279.875, lauv-roald, SmartX, 3.122
1622114280.374, lauv-roald, SmartX, 3.123
1622114280.874, lauv-roald, SmartX, 3.123
1622114281.374, lauv-roald, SmartX, 3.122
1622114281.874, lauv-roald, SmartX, 3.122
1622114282.375, lauv-roald, SmartX, 3.123
1622114282.874, lauv-roald, SmartX, 3.123
1622114283.374, lauv-roald, SmartX, 3.123
1622114283.874, lauv-roald, SmartX, 3.123
1622114284.374, lauv-roald, SmartX, 3.123
1622114284.874, lauv-roald, SmartX, 3.123
1622114285.374, lauv-roald, SmartX, 3.124
1622114285.874, lauv-roald, SmartX, 3.124
1622114286.374, lauv-roald, SmartX, 3.124
1622114286.874, lauv-roald, SmartX, 3.124
1622114287.374, lauv-roald, SmartX, 3.124
1622114287.874, lauv-roald, SmartX, 3.123
1622114288.374, lauv-roald, SmartX, 3.124
1622114288.874, lauv-roald, SmartX, 3.124
1622114289.374, lauv-roald, SmartX, 3.124
1622114289.874, lauv-roald, SmartX, 3.124
1622114290.374, lauv-roald, SmartX, 3.124
1622114290.874, lauv-roald, SmartX, 3.124
1622114291.374, lauv-roald, SmartX, 3.124
1622114291.874, lauv-roald, SmartX, 3.125
1622114292.374, lauv-roald, SmartX, 3.125
1622114292.873, lauv-roald, SmartX, 3.125
1622114293.374, lauv-roald, SmartX, 3.124
1622114293.874, lauv-roald, SmartX, 3.124
1622114294.374, lauv-roald, SmartX, 3.125
1622114294.874, lauv-roald, SmartX, 3.125
1622114295.374, lauv-roald, SmartX, 3.125
1622114295.873, lauv-roald, SmartX, 3.124
1622114296.373, lauv-roald, SmartX, 3.125
1622114296.873, lauv-roald, SmartX, 3.125
1622114297.373, lauv-roald, SmartX, 3.125
1622114297.873, lauv-roald, SmartX, 3.126
1622114298.373, lauv-roald, SmartX, 3.127
1622114298.873, lauv-roald, SmartX, 3.128
1622114299.373, lauv-roald, SmartX, 3.128
1622114299.873, lauv-roald, SmartX, 3.129
1622114300.373, lauv-roald, SmartX, 3.130
1622114300.873, lauv-roald, SmartX, 3.129
1622114301.373, lauv-roald, SmartX, 3.129
1622114301.873, lauv-roald, SmartX, 3.128
1622114302.373, lauv-roald, SmartX, 3.127
1622114302.873, lauv-roald, SmartX, 3.126
1622114303.373, lauv-roald, SmartX, 3.126
1622114303.873, lauv-roald, SmartX, 3.126
1622114304.373, lauv-roald, SmartX, 3.127
1622114304.873, lauv-roald, SmartX, 3.128
1622114305.373, lauv-roald, SmartX, 3.129
1622114305.873, lauv-roald, SmartX, 3.129
1622114306.373, lauv-roald, SmartX, 3.128
1622114306.873, lauv-roald, SmartX, 3.128
1622114307.373, lauv-roald, SmartX, 3.128
1622114307.873, lauv-roald, SmartX, 3.129
1622114308.373, lauv-roald, SmartX, 3.129
1622114308.873, lauv-roald, SmartX, 3.130
1622114309.372, lauv-roald, SmartX, 3.131
1622114309.873, lauv-roald, SmartX, 3.131
1622114310.372, lauv-roald, SmartX, 3.132
1622114310.872, lauv-roald, SmartX, 3.132
1622114311.372, lauv-roald, SmartX, 3.132
1622114311.872, lauv-roald, SmartX, 3.132
1622114312.372, lauv-roald, SmartX, 3.132
1622114312.872, lauv-roald, SmartX, 3.133
1622114313.372, lauv-roald, SmartX, 3.133
1622114313.872, lauv-roald, SmartX, 3.133
1622114314.372, lauv-roald, SmartX, 3.132
1622114314.872, lauv-roald, SmartX, 3.132
1622114315.372, lauv-roald, SmartX, 3.133
1622114315.872, lauv-roald, SmartX, 3.132
1622114316.372, lauv-roald, SmartX, 3.132
1622114316.872, lauv-roald, SmartX, 3.132
1622114317.372, lauv-roald, SmartX, 3.131
1622114317.872, lauv-roald, SmartX, 3.131
1622114318.372, lauv-roald, SmartX, 3.132
1622114318.872, lauv-roald, SmartX, 3.132
1622114319.372, lauv-roald, SmartX, 3.132
1622114319.872, lauv-roald, SmartX, 3.132
1622114320.372, lauv-roald, SmartX, 3.131
1622114320.872, lauv-roald, SmartX, 3.131
1622114321.372, lauv-roald, SmartX, 3.132
1622114321.872, lauv-roald, SmartX, 3.132
1622114322.371, lauv-roald, SmartX, 3.131
1622114322.871, lauv-roald, SmartX, 3.130
1622114323.372, lauv-roald, SmartX, 3.129
1622114323.872, lauv-roald, SmartX, 3.129
1622114324.372, lauv-roald, SmartX, 3.129
1622114324.871, lauv-roald, SmartX, 3.129
1622114325.372, lauv-roald, SmartX, 3.129
1622114325.871, lauv-roald, SmartX, 3.129
1622114326.371, lauv-roald, SmartX, 3.130
1622114326.871, lauv-roald, SmartX, 3.130
1622114327.371, lauv-roald, SmartX, 3.130
1622114327.871, lauv-roald, SmartX, 3.130
1622114328.371, lauv-roald, SmartX, 3.131
1622114328.871, lauv-roald, SmartX, 3.132
1622114329.371, lauv-roald, SmartX, 3.131
1622114329.871, lauv-roald, SmartX, 3.132
1622114330.371, lauv-roald, SmartX, 3.132
1622114330.871, lauv-roald, SmartX, 3.132
1622114331.371, lauv-roald, SmartX, 3.132
1622114331.871, lauv-roald, SmartX, 3.133
1622114332.371, lauv-roald, SmartX, 3.133
1622114332.871, lauv-roald, SmartX, 3.133
1622114333.371, lauv-roald, SmartX, 3.133
1622114333.871, lauv-roald, SmartX, 3.133
1622114334.371, lauv-roald, SmartX, 3.133
1622114334.871, lauv-roald, SmartX, 3.133
1622114335.371, lauv-roald, SmartX, 3.134
1622114335.871, lauv-roald, SmartX, 3.134
1622114336.371, lauv-roald, SmartX, 3.134
1622114336.871, lauv-roald, SmartX, 3.134
1622114337.371, lauv-roald, SmartX, 3.135
1622114337.871, lauv-roald, SmartX, 3.135
1622114338.371, lauv-roald, SmartX, 3.136
1622114338.870, lauv-roald, SmartX, 3.138
1622114339.371, lauv-roald, SmartX, 3.138
1622114339.871, lauv-roald, SmartX, 3.138
1622114340.370, lauv-roald, SmartX, 3.138
1622114340.870, lauv-roald, SmartX, 3.138
1622114341.370, lauv-roald, SmartX, 3.138
1622114341.870, lauv-roald, SmartX, 3.140
1622114342.370, lauv-roald, SmartX, 3.141
1622114342.870, lauv-roald, SmartX, 3.142
1622114343.370, lauv-roald, SmartX, 3.142
1622114343.870, lauv-roald, SmartX, 3.143
1622114344.370, lauv-roald, SmartX, 3.145
1622114344.870, lauv-roald, SmartX, 3.146
1622114345.370, lauv-roald, SmartX, 3.146
1622114345.870, lauv-roald, SmartX, 3.147
1622114346.370, lauv-roald, SmartX, 3.147
1622114346.870, lauv-roald, SmartX, 3.146
1622114347.370, lauv-roald, SmartX, 3.146
1622114347.870, lauv-roald, SmartX, 3.145
1622114348.370, lauv-roald, SmartX, 3.142
1622114348.870, lauv-roald, SmartX, 3.140
1622114349.370, lauv-roald, SmartX, 3.138
1622114349.870, lauv-roald, SmartX, 3.137
1622114350.370, lauv-roald, SmartX, 3.136
1622114350.870, lauv-roald, SmartX, 3.135
1622114351.370, lauv-roald, SmartX, 3.134
1622114351.870, lauv-roald, SmartX, 3.134
1622114352.370, lauv-roald, SmartX, 3.134
1622114352.870, lauv-roald, SmartX, 3.134
1622114353.369, lauv-roald, SmartX, 3.134
1622114353.870, lauv-roald, SmartX, 3.134
1622114354.370, lauv-roald, SmartX, 3.134
1622114354.870, lauv-roald, SmartX, 3.135
1622114355.369, lauv-roald, SmartX, 3.138
1622114355.869, lauv-roald, SmartX, 3.140
1622114356.369, lauv-roald, SmartX, 3.140
1622114356.869, lauv-roald, SmartX, 3.140
1622114357.369, lauv-roald, SmartX, 3.140
1622114357.869, lauv-roald, SmartX, 3.141
1622114358.369, lauv-roald, SmartX, 3.141
1622114358.869, lauv-roald, SmartX, 3.141
1622114359.369, lauv-roald, SmartX, 3.141
1622114359.869, lauv-roald, SmartX, 3.139
1622114360.369, lauv-roald, SmartX, 3.138
1622114360.869, lauv-roald, SmartX, 3.137
1622114361.369, lauv-roald, SmartX, 3.137
1622114361.869, lauv-roald, SmartX, 3.136
1622114362.369, lauv-roald, SmartX, 3.136
1622114362.869, lauv-roald, SmartX, 3.137
1622114363.369, lauv-roald, SmartX, 3.138
1622114363.869, lauv-roald, SmartX, 3.137
1622114364.369, lauv-roald, SmartX, 3.137
1622114364.869, lauv-roald, SmartX, 3.136
1622114365.369, lauv-roald, SmartX, 3.135
1622114365.869, lauv-roald, SmartX, 3.135
1622114366.369, lauv-roald, SmartX, 3.135
1622114366.869, lauv-roald, SmartX, 3.135
1622114367.369, lauv-roald, SmartX, 3.134
1622114367.869, lauv-roald, SmartX, 3.134
1622114368.368, lauv-roald, SmartX, 3.135
1622114368.868, lauv-roald, SmartX, 3.133
1622114369.369, lauv-roald, SmartX, 3.132
1622114369.868, lauv-roald, SmartX, 3.132
1622114370.368, lauv-roald, SmartX, 3.131
1622114370.868, lauv-roald, SmartX, 3.129
1622114371.368, lauv-roald, SmartX, 3.129
1622114371.868, lauv-roald, SmartX, 3.130
1622114372.368, lauv-roald, SmartX, 3.130
1622114372.868, lauv-roald, SmartX, 3.129
1622114373.368, lauv-roald, SmartX, 3.130
1622114373.868, lauv-roald, SmartX, 3.130
1622114374.368, lauv-roald, SmartX, 3.130
1622114374.868, lauv-roald, SmartX, 3.132
1622114375.368, lauv-roald, SmartX, 3.133
1622114375.868, lauv-roald, SmartX, 3.133
1622114376.368, lauv-roald, SmartX, 3.134
1622114376.868, lauv-roald, SmartX, 3.134
1622114377.368, lauv-roald, SmartX, 3.135
1622114377.868, lauv-roald, SmartX, 3.135
1622114378.368, lauv-roald, SmartX, 3.134
1622114378.868, lauv-roald, SmartX, 3.134
1622114379.368, lauv-roald, SmartX, 3.134
1622114379.868, lauv-roald, SmartX, 3.133
1622114380.368, lauv-roald, SmartX, 3.133
1622114380.868, lauv-roald, SmartX, 3.133
1622114381.368, lauv-roald, SmartX, 3.133
1622114381.868, lauv-roald, SmartX, 3.134
1622114382.368, lauv-roald, SmartX, 3.134
1622114382.867, lauv-roald, SmartX, 3.135
1622114383.368, lauv-roald, SmartX, 3.135
1622114383.868, lauv-roald, SmartX, 3.135
1622114384.367, lauv-roald, SmartX, 3.136
1622114384.867, lauv-roald, SmartX, 3.136
1622114385.367, lauv-roald, SmartX, 3.137
1622114385.867, lauv-roald, SmartX, 3.137
1622114386.367, lauv-roald, SmartX, 3.138
1622114386.867, lauv-roald, SmartX, 3.138
1622114387.367, lauv-roald, SmartX, 3.136
1622114387.867, lauv-roald, SmartX, 3.136
1622114388.367, lauv-roald, SmartX, 3.136
1622114388.867, lauv-roald, SmartX, 3.135
1622114389.367, lauv-roald, SmartX, 3.135
1622114389.867, lauv-roald, SmartX, 3.136
1622114390.367, lauv-roald, SmartX, 3.137
1622114390.867, lauv-roald, SmartX, 3.137
1622114391.367, lauv-roald, SmartX, 3.137
1622114391.867, lauv-roald, SmartX, 3.136
1622114392.367, lauv-roald, SmartX, 3.135
1622114392.867, lauv-roald, SmartX, 3.135
1622114393.367, lauv-roald, SmartX, 3.135
1622114393.867, lauv-roald, SmartX, 3.135
1622114394.367, lauv-roald, SmartX, 3.136
1622114394.867, lauv-roald, SmartX, 3.139
1622114395.366, lauv-roald, SmartX, 3.141
1622114395.867, lauv-roald, SmartX, 3.144
1622114396.367, lauv-roald, SmartX, 3.147
1622114396.867, lauv-roald, SmartX, 3.148
1622114397.367, lauv-roald, SmartX, 3.150
1622114397.866, lauv-roald, SmartX, 3.150
1622114398.367, lauv-roald, SmartX, 3.151
1622114398.866, lauv-roald, SmartX, 3.151
1622114399.366, lauv-roald, SmartX, 3.147
1622114399.866, lauv-roald, SmartX, 3.144
1622114400.366, lauv-roald, SmartX, 3.147
1622114400.866, lauv-roald, SmartX, 3.146
1622114401.366, lauv-roald, SmartX, 3.142
1622114401.866, lauv-roald, SmartX, 3.141
1622114402.366, lauv-roald, SmartX, 3.140
1622114402.866, lauv-roald, SmartX, 3.139
1622114403.366, lauv-roald, SmartX, 3.142
1622114403.866, lauv-roald, SmartX, 3.146
1622114404.366, lauv-roald, SmartX, 3.146
1622114404.866, lauv-roald, SmartX, 3.147
1622114405.366, lauv-roald, SmartX, 3.148
1622114405.866, lauv-roald, SmartX, 3.147
1622114406.366, lauv-roald, SmartX, 3.148
1622114406.866, lauv-roald, SmartX, 3.149
1622114407.366, lauv-roald, SmartX, 3.149
1622114407.866, lauv-roald, SmartX, 3.150
1622114408.366, lauv-roald, SmartX, 3.150
1622114408.866, lauv-roald, SmartX, 3.150
1622114409.366, lauv-roald, SmartX, 3.149
1622114409.866, lauv-roald, SmartX, 3.148
1622114410.366, lauv-roald, SmartX, 3.145
1622114410.866, lauv-roald, SmartX, 3.143
1622114411.366, lauv-roald, SmartX, 3.139
1622114411.866, lauv-roald, SmartX, 3.136
1622114412.366, lauv-roald, SmartX, 3.134
1622114412.866, lauv-roald, SmartX, 3.133
1622114413.366, lauv-roald, SmartX, 3.132
1622114413.866, lauv-roald, SmartX, 3.132
1622114414.366, lauv-roald, SmartX, 3.131
1622114414.865, lauv-roald, SmartX, 3.131
1622114415.365, lauv-roald, SmartX, 3.130
1622114415.865, lauv-roald, SmartX, 3.129
1622114416.365, lauv-roald, SmartX, 3.128
1622114416.865, lauv-roald, SmartX, 3.127
1622114417.365, lauv-roald, SmartX, 3.126
1622114417.865, lauv-roald, SmartX, 3.125
1622114418.365, lauv-roald, SmartX, 3.125
1622114418.865, lauv-roald, SmartX, 3.125
1622114419.365, lauv-roald, SmartX, 3.124
1622114419.865, lauv-roald, SmartX, 3.123
1622114420.365, lauv-roald, SmartX, 3.124
1622114420.865, lauv-roald, SmartX, 3.125
1622114421.365, lauv-roald, SmartX, 3.125
1622114421.865, lauv-roald, SmartX, 3.124
1622114422.365, lauv-roald, SmartX, 3.123
1622114422.865, lauv-roald, SmartX, 3.123
1622114423.365, lauv-roald, SmartX, 3.122
1622114423.865, lauv-roald, SmartX, 3.122
1622114424.365, lauv-roald, SmartX, 3.122
1622114424.865, lauv-roald, SmartX, 3.122
1622114425.365, lauv-roald, SmartX, 3.123
1622114425.865, lauv-roald, SmartX, 3.125
1622114426.365, lauv-roald, SmartX, 3.128
1622114426.865, lauv-roald, SmartX, 3.129
1622114427.365, lauv-roald, SmartX, 3.128
1622114427.865, lauv-roald, SmartX, 3.127
1622114428.364, lauv-roald, SmartX, 3.126
1622114428.865, lauv-roald, SmartX, 3.126
1622114429.365, lauv-roald, SmartX, 3.125
1622114429.864, lauv-roald, SmartX, 3.125
1622114430.364, lauv-roald, SmartX, 3.125
1622114430.864, lauv-roald, SmartX, 3.125
1622114431.364, lauv-roald, SmartX, 3.125
1622114431.864, lauv-roald, SmartX, 3.126
1622114432.364, lauv-roald, SmartX, 3.126
1622114432.864, lauv-roald, SmartX, 3.126
1622114433.364, lauv-roald, SmartX, 3.126
1622114433.864, lauv-roald, SmartX, 3.126
1622114434.364, lauv-roald, SmartX, 3.126
1622114434.864, lauv-roald, SmartX, 3.126
1622114435.364, lauv-roald, SmartX, 3.126
1622114435.864, lauv-roald, SmartX, 3.126
1622114436.364, lauv-roald, SmartX, 3.126
1622114436.864, lauv-roald, SmartX, 3.126
1622114437.364, lauv-roald, SmartX, 3.126
1622114437.864, lauv-roald, SmartX, 3.128
1622114438.364, lauv-roald, SmartX, 3.130
1622114438.864, lauv-roald, SmartX, 3.130
1622114439.364, lauv-roald, SmartX, 3.132
1622114439.864, lauv-roald, SmartX, 3.132
1622114440.364, lauv-roald, SmartX, 3.133
1622114440.864, lauv-roald, SmartX, 3.134
1622114441.364, lauv-roald, SmartX, 3.134
1622114441.864, lauv-roald, SmartX, 3.135
1622114442.363, lauv-roald, SmartX, 3.136
1622114442.864, lauv-roald, SmartX, 3.137
1622114443.363, lauv-roald, SmartX, 3.138
1622114443.864, lauv-roald, SmartX, 3.137
1622114444.363, lauv-roald, SmartX, 3.136
1622114444.863, lauv-roald, SmartX, 3.136
1622114445.363, lauv-roald, SmartX, 3.134
1622114445.863, lauv-roald, SmartX, 3.132
1622114446.363, lauv-roald, SmartX, 3.131
1622114446.863, lauv-roald, SmartX, 3.131
1622114447.363, lauv-roald, SmartX, 3.131
1622114447.863, lauv-roald, SmartX, 3.131
1622114448.363, lauv-roald, SmartX, 3.131
1622114448.863, lauv-roald, SmartX, 3.131
1622114449.363, lauv-roald, SmartX, 3.131
1622114449.863, lauv-roald, SmartX, 3.130
1622114450.363, lauv-roald, SmartX, 3.128
1622114450.863, lauv-roald, SmartX, 3.128
1622114451.363, lauv-roald, SmartX, 3.127
1622114451.863, lauv-roald, SmartX, 3.128
1622114452.363, lauv-roald, SmartX, 3.128
1622114452.863, lauv-roald, SmartX, 3.128
1622114453.363, lauv-roald, SmartX, 3.128
1622114453.863, lauv-roald, SmartX, 3.128
1622114454.363, lauv-roald, SmartX, 3.128
1622114454.863, lauv-roald, SmartX, 3.128
1622114455.363, lauv-roald, SmartX, 3.128
1622114455.863, lauv-roald, SmartX, 3.129
1622114456.363, lauv-roald, SmartX, 3.129
1622114456.863, lauv-roald, SmartX, 3.129
1622114457.363, lauv-roald, SmartX, 3.129
1622114457.863, lauv-roald, SmartX, 3.129
1622114458.363, lauv-roald, SmartX, 3.129
1622114458.863, lauv-roald, SmartX, 3.128
1622114459.362, lauv-roald, SmartX, 3.128
1622114459.863, lauv-roald, SmartX, 3.128
1622114460.362, lauv-roald, SmartX, 3.128
1622114460.862, lauv-roald, SmartX, 3.128
1622114461.362, lauv-roald, SmartX, 3.128
1622114461.862, lauv-roald, SmartX, 3.128
1622114462.362, lauv-roald, SmartX, 3.128
1622114462.862, lauv-roald, SmartX, 3.127
1622114463.362, lauv-roald, SmartX, 3.127
1622114463.862, lauv-roald, SmartX, 3.127
1622114464.362, lauv-roald, SmartX, 3.127
1622114464.862, lauv-roald, SmartX, 3.127
1622114465.362, lauv-roald, SmartX, 3.127
1622114465.862, lauv-roald, SmartX, 3.127
1622114466.362, lauv-roald, SmartX, 3.127
1622114466.862, lauv-roald, SmartX, 3.127
1622114467.362, lauv-roald, SmartX, 3.126
1622114467.862, lauv-roald, SmartX, 3.127
1622114468.362, lauv-roald, SmartX, 3.126
1622114468.862, lauv-roald, SmartX, 3.127
1622114469.362, lauv-roald, SmartX, 3.127
1622114469.862, lauv-roald, SmartX, 3.127
1622114470.362, lauv-roald, SmartX, 3.127
1622114470.862, lauv-roald, SmartX, 3.126
1622114471.362, lauv-roald, SmartX, 3.127
1622114471.862, lauv-roald, SmartX, 3.127
1622114472.362, lauv-roald, SmartX, 3.127
1622114472.861, lauv-roald, SmartX, 3.127
1622114473.362, lauv-roald, SmartX, 3.127
1622114473.862, lauv-roald, SmartX, 3.127
1622114474.362, lauv-roald, SmartX, 3.127
1622114474.861, lauv-roald, SmartX, 3.127
1622114475.361, lauv-roald, SmartX, 3.127
1622114475.861, lauv-roald, SmartX, 3.127
1622114476.361, lauv-roald, SmartX, 3.127
1622114476.861, lauv-roald, SmartX, 3.127
1622114477.361, lauv-roald, SmartX, 3.128
1622114477.861, lauv-roald, SmartX, 3.127
1622114478.361, lauv-roald, SmartX, 3.128
1622114478.861, lauv-roald, SmartX, 3.128
1622114479.361, lauv-roald, SmartX, 3.128
1622114479.861, lauv-roald, SmartX, 3.128
1622114480.361, lauv-roald, SmartX, 3.129
1622114480.861, lauv-roald, SmartX, 3.129
1622114481.361, lauv-roald, SmartX, 3.129
1622114481.861, lauv-roald, SmartX, 3.128
1622114482.361, lauv-roald, SmartX, 3.128
1622114482.861, lauv-roald, SmartX, 3.128
1622114483.361, lauv-roald, SmartX, 3.128
1622114483.861, lauv-roald, SmartX, 3.128
1622114484.361, lauv-roald, SmartX, 3.128
1622114484.861, lauv-roald, SmartX, 3.128
1622114485.361, lauv-roald, SmartX, 3.128
1622114485.861, lauv-roald, SmartX, 3.128
1622114486.361, lauv-roald, SmartX, 3.128
1622114486.861, lauv-roald, SmartX, 3.128
1622114487.360, lauv-roald, SmartX, 3.128
1622114487.861, lauv-roald, SmartX, 3.128
1622114488.361, lauv-roald, SmartX, 3.128
1622114488.860, lauv-roald, SmartX, 3.128
1622114489.361, lauv-roald, SmartX, 3.128
1622114489.860, lauv-roald, SmartX, 3.129
1622114490.360, lauv-roald, SmartX, 3.128
1622114490.860, lauv-roald, SmartX, 3.128
1622114491.360, lauv-roald, SmartX, 3.128
1622114491.860, lauv-roald, SmartX, 3.128
1622114492.360, lauv-roald, SmartX, 3.128
1622114492.860, lauv-roald, SmartX, 3.128
1622114493.360, lauv-roald, SmartX, 3.128
1622114493.860, lauv-roald, SmartX, 3.128
1622114494.360, lauv-roald, SmartX, 3.128
1622114494.860, lauv-roald, SmartX, 3.128
1622114495.360, lauv-roald, SmartX, 3.128
1622114495.860, lauv-roald, SmartX, 3.128
1622114496.360, lauv-roald, SmartX, 3.128
1622114496.860, lauv-roald, SmartX, 3.127
1622114497.360, lauv-roald, SmartX, 3.127
1622114497.860, lauv-roald, SmartX, 3.127
1622114498.360, lauv-roald, SmartX, 3.126
1622114498.860, lauv-roald, SmartX, 3.126
1622114499.360, lauv-roald, SmartX, 3.125
1622114499.860, lauv-roald, SmartX, 3.125
1622114500.360, lauv-roald, SmartX, 3.125
1622114500.860, lauv-roald, SmartX, 3.125
1622114501.359, lauv-roald, SmartX, 3.125
1622114501.860, lauv-roald, SmartX, 3.125
1622114502.360, lauv-roald, SmartX, 3.125
1622114502.859, lauv-roald, SmartX, 3.125
1622114503.359, lauv-roald, SmartX, 3.125
1622114503.859, lauv-roald, SmartX, 3.125
1622114504.359, lauv-roald, SmartX, 3.125
1622114504.859, lauv-roald, SmartX, 3.125
1622114505.359, lauv-roald, SmartX, 3.125
1622114505.859, lauv-roald, SmartX, 3.125
1622114506.359, lauv-roald, SmartX, 3.126
1622114506.859, lauv-roald, SmartX, 3.127
1622114507.359, lauv-roald, SmartX, 3.127
1622114507.859, lauv-roald, SmartX, 3.127
1622114508.359, lauv-roald, SmartX, 3.127
1622114508.859, lauv-roald, SmartX, 3.128
1622114509.359, lauv-roald, SmartX, 3.128
1622114509.859, lauv-roald, SmartX, 3.128
1622114510.359, lauv-roald, SmartX, 3.128
1622114510.859, lauv-roald, SmartX, 3.128
1622114511.359, lauv-roald, SmartX, 3.128
1622114511.859, lauv-roald, SmartX, 3.128
1622114512.359, lauv-roald, SmartX, 3.128
1622114512.859, lauv-roald, SmartX, 3.128
1622114513.359, lauv-roald, SmartX, 3.127
1622114513.859, lauv-roald, SmartX, 3.127
1622114514.359, lauv-roald, SmartX, 3.127
1622114514.859, lauv-roald, SmartX, 3.127
1622114515.359, lauv-roald, SmartX, 3.127
1622114515.858, lauv-roald, SmartX, 3.127
1622114516.358, lauv-roald, SmartX, 3.127
1622114516.859, lauv-roald, SmartX, 3.127
1622114517.359, lauv-roald, SmartX, 3.128
1622114517.859, lauv-roald, SmartX, 3.128
1622114518.358, lauv-roald, SmartX, 3.128
1622114518.858, lauv-roald, SmartX, 3.128
1622114519.358, lauv-roald, SmartX, 3.128
1622114519.858, lauv-roald, SmartX, 3.127
1622114520.358, lauv-roald, SmartX, 3.127
1622114520.858, lauv-roald, SmartX, 3.127
1622114521.358, lauv-roald, SmartX, 3.127
1622114521.858, lauv-roald, SmartX, 3.127
1622114522.358, lauv-roald, SmartX, 3.127
1622114522.858, lauv-roald, SmartX, 3.127
1622114523.358, lauv-roald, SmartX, 3.127
1622114523.858, lauv-roald, SmartX, 3.127
1622114524.358, lauv-roald, SmartX, 3.127
1622114524.858, lauv-roald, SmartX, 3.127
1622114525.358, lauv-roald, SmartX, 3.127
1622114525.858, lauv-roald, SmartX, 3.127
1622114526.358, lauv-roald, SmartX, 3.127
1622114526.858, lauv-roald, SmartX, 3.127
1622114527.358, lauv-roald, SmartX, 3.127
1622114527.858, lauv-roald, SmartX, 3.127
1622114528.358, lauv-roald, SmartX, 3.127
1622114528.858, lauv-roald, SmartX, 3.127
1622114529.358, lauv-roald, SmartX, 3.127
1622114529.858, lauv-roald, SmartX, 3.128
1622114530.357, lauv-roald, SmartX, 3.128
1622114530.858, lauv-roald, SmartX, 3.128
1622114531.358, lauv-roald, SmartX, 3.128
1622114531.858, lauv-roald, SmartX, 3.128
1622114532.357, lauv-roald, SmartX, 3.128
1622114532.857, lauv-roald, SmartX, 3.128
1622114533.357, lauv-roald, SmartX, 3.128
1622114533.857, lauv-roald, SmartX, 3.128
1622114534.357, lauv-roald, SmartX, 3.128
1622114534.857, lauv-roald, SmartX, 3.128
1622114535.357, lauv-roald, SmartX, 3.128
1622114535.857, lauv-roald, SmartX, 3.128
1622114536.357, lauv-roald, SmartX, 3.128
1622114536.857, lauv-roald, SmartX, 3.128
1622114537.357, lauv-roald, SmartX, 3.128
1622114537.857, lauv-roald, SmartX, 3.128
1622114538.357, lauv-roald, SmartX, 3.129
1622114538.857, lauv-roald, SmartX, 3.129
1622114539.357, lauv-roald, SmartX, 3.129
1622114539.857, lauv-roald, SmartX, 3.128
1622114540.357, lauv-roald, SmartX, 3.129
1622114540.857, lauv-roald, SmartX, 3.129
1622114541.357, lauv-roald, SmartX, 3.128
1622114541.857, lauv-roald, SmartX, 3.128
1622114542.357, lauv-roald, SmartX, 3.128
1622114542.857, lauv-roald, SmartX, 3.129
1622114543.357, lauv-roald, SmartX, 3.129
1622114543.857, lauv-roald, SmartX, 3.129
1622114544.356, lauv-roald, SmartX, 3.128
1622114544.857, lauv-roald, SmartX, 3.129
1622114545.357, lauv-roald, SmartX, 3.129
1622114545.857, lauv-roald, SmartX, 3.129
1622114546.357, lauv-roald, SmartX, 3.129
1622114546.856, lauv-roald, SmartX, 3.129
1622114547.356, lauv-roald, SmartX, 3.129
1622114547.856, lauv-roald, SmartX, 3.129
1622114548.356, lauv-roald, SmartX, 3.128
1622114548.856, lauv-roald, SmartX, 3.128
1622114549.356, lauv-roald, SmartX, 3.128
1622114549.856, lauv-roald, SmartX, 3.129
1622114550.356, lauv-roald, SmartX, 3.129
1622114550.856, lauv-roald, SmartX, 3.129
1622114551.356, lauv-roald, SmartX, 3.129
1622114551.856, lauv-roald, SmartX, 3.129
1622114552.356, lauv-roald, SmartX, 3.129
1622114552.856, lauv-roald, SmartX, 3.129
1622114553.356, lauv-roald, SmartX, 3.129
1622114553.856, lauv-roald, SmartX, 3.129
1622114554.356, lauv-roald, SmartX, 3.129
1622114554.856, lauv-roald, SmartX, 3.129
1622114555.356, lauv-roald, SmartX, 3.129
1622114555.856, lauv-roald, SmartX, 3.129
1622114556.356, lauv-roald, SmartX, 3.129
1622114556.856, lauv-roald, SmartX, 3.129
1622114557.356, lauv-roald, SmartX, 3.130
1622114557.856, lauv-roald, SmartX, 3.129
1622114558.356, lauv-roald, SmartX, 3.129
1622114558.856, lauv-roald, SmartX, 3.130
1622114559.356, lauv-roald, SmartX, 3.129
1622114559.856, lauv-roald, SmartX, 3.130
1622114560.356, lauv-roald, SmartX, 3.129
1622114560.856, lauv-roald, SmartX, 3.129
1622114561.356, lauv-roald, SmartX, 3.129
1622114561.856, lauv-roald, SmartX, 3.129
1622114562.356, lauv-roald, SmartX, 3.129
1622114562.855, lauv-roald, SmartX, 3.129
1622114563.355, lauv-roald, SmartX, 3.129
1622114563.855, lauv-roald, SmartX, 3.129
1622114564.355, lauv-roald, SmartX, 3.129
1622114564.857, lauv-roald, SmartX, 3.129
1622114565.355, lauv-roald, SmartX, 3.129
1622114565.855, lauv-roald, SmartX, 3.129
1622114566.355, lauv-roald, SmartX, 3.130
1622114566.855, lauv-roald, SmartX, 3.129
1622114567.355, lauv-roald, SmartX, 3.130
1622114567.855, lauv-roald, SmartX, 3.130
1622114568.355, lauv-roald, SmartX, 3.130
1622114568.855, lauv-roald, SmartX, 3.130
1622114569.355, lauv-roald, SmartX, 3.130
1622114569.855, lauv-roald, SmartX, 3.129
1622114570.355, lauv-roald, SmartX, 3.129
1622114570.855, lauv-roald, SmartX, 3.129
1622114571.355, lauv-roald, SmartX, 3.129
1622114571.855, lauv-roald, SmartX, 3.130
1622114572.355, lauv-roald, SmartX, 3.129
1622114572.855, lauv-roald, SmartX, 3.130
1622114573.355, lauv-roald, SmartX, 3.129
1622114573.855, lauv-roald, SmartX, 3.130
1622114574.355, lauv-roald, SmartX, 3.130
1622114574.855, lauv-roald, SmartX, 3.130
1622114575.355, lauv-roald, SmartX, 3.129
1622114575.855, lauv-roald, SmartX, 3.130
1622114576.355, lauv-roald, SmartX, 3.130
1622114576.855, lauv-roald, SmartX, 3.130
1622114577.354, lauv-roald, SmartX, 3.130
1622114577.855, lauv-roald, SmartX, 3.130
1622114578.354, lauv-roald, SmartX, 3.130
1622114578.854, lauv-roald, SmartX, 3.130
1622114579.354, lauv-roald, SmartX, 3.130
1622114579.854, lauv-roald, SmartX, 3.130
1622114580.354, lauv-roald, SmartX, 3.130
1622114580.854, lauv-roald, SmartX, 3.131
1622114581.354, lauv-roald, SmartX, 3.131
1622114581.854, lauv-roald, SmartX, 3.132
1622114582.354, lauv-roald, SmartX, 3.134
1622114582.854, lauv-roald, SmartX, 3.135
1622114583.354, lauv-roald, SmartX, 3.136
1622114583.854, lauv-roald, SmartX, 3.135
1622114584.354, lauv-roald, SmartX, 3.135
1622114584.854, lauv-roald, SmartX, 3.136
1622114585.354, lauv-roald, SmartX, 3.136
1622114585.854, lauv-roald, SmartX, 3.135
1622114586.354, lauv-roald, SmartX, 3.135
1622114586.854, lauv-roald, SmartX, 3.135
1622114587.354, lauv-roald, SmartX, 3.134
1622114587.854, lauv-roald, SmartX, 3.133
1622114588.354, lauv-roald, SmartX, 3.133
1622114588.854, lauv-roald, SmartX, 3.133
1622114589.354, lauv-roald, SmartX, 3.134
1622114589.854, lauv-roald, SmartX, 3.134
1622114590.353, lauv-roald, SmartX, 3.135
1622114590.853, lauv-roald, SmartX, 3.136
1622114591.354, lauv-roald, SmartX, 3.136
1622114591.854, lauv-roald, SmartX, 3.137
1622114592.353, lauv-roald, SmartX, 3.137
1622114592.853, lauv-roald, SmartX, 3.137
1622114593.353, lauv-roald, SmartX, 3.137
1622114593.853, lauv-roald, SmartX, 3.137
1622114594.353, lauv-roald, SmartX, 3.137
1622114594.853, lauv-roald, SmartX, 3.137
1622114595.353, lauv-roald, SmartX, 3.137
1622114595.853, lauv-roald, SmartX, 3.137
1622114596.353, lauv-roald, SmartX, 3.138
1622114596.853, lauv-roald, SmartX, 3.137
1622114597.353, lauv-roald, SmartX, 3.138
1622114597.853, lauv-roald, SmartX, 3.138
1622114598.353, lauv-roald, SmartX, 3.138
1622114598.853, lauv-roald, SmartX, 3.138
1622114599.353, lauv-roald, SmartX, 3.138
1622114599.853, lauv-roald, SmartX, 3.138
1622114600.353, lauv-roald, SmartX, 3.138
1622114600.853, lauv-roald, SmartX, 3.138
1622114601.353, lauv-roald, SmartX, 3.138
1622114601.853, lauv-roald, SmartX, 3.139
1622114602.353, lauv-roald, SmartX, 3.139
1622114602.853, lauv-roald, SmartX, 3.139
1622114603.353, lauv-roald, SmartX, 3.139
1622114603.853, lauv-roald, SmartX, 3.139
1622114604.353, lauv-roald, SmartX, 3.139
1622114604.853, lauv-roald, SmartX, 3.139
1622114605.352, lauv-roald, SmartX, 3.139
1622114605.853, lauv-roald, SmartX, 3.139
1622114606.352, lauv-roald, SmartX, 3.139
1622114606.852, lauv-roald, SmartX, 3.139
1622114607.352, lauv-roald, SmartX, 3.139
1622114607.852, lauv-roald, SmartX, 3.139
1622114608.352, lauv-roald, SmartX, 3.139
1622114608.852, lauv-roald, SmartX, 3.139
1622114609.352, lauv-roald, SmartX, 3.138
1622114609.852, lauv-roald, SmartX, 3.138
1622114610.352, lauv-roald, SmartX, 3.137
1622114610.852, lauv-roald, SmartX, 3.137
1622114611.352, lauv-roald, SmartX, 3.137
1622114611.852, lauv-roald, SmartX, 3.137
1622114612.352, lauv-roald, SmartX, 3.138
1622114612.852, lauv-roald, SmartX, 3.138
1622114613.352, lauv-roald, SmartX, 3.138
1622114613.852, lauv-roald, SmartX, 3.139
1622114614.352, lauv-roald, SmartX, 3.139
1622114614.852, lauv-roald, SmartX, 3.140
1622114615.352, lauv-roald, SmartX, 3.140
1622114615.852, lauv-roald, SmartX, 3.141
1622114616.352, lauv-roald, SmartX, 3.140
1622114616.851, lauv-roald, SmartX, 3.140
1622114617.351, lauv-roald, SmartX, 3.140
1622114617.852, lauv-roald, SmartX, 3.140
1622114618.351, lauv-roald, SmartX, 3.140
1622114618.852, lauv-roald, SmartX, 3.140
1622114619.351, lauv-roald, SmartX, 3.141
1622114619.851, lauv-roald, SmartX, 3.142
1622114620.352, lauv-roald, SmartX, 3.143
1622114620.851, lauv-roald, SmartX, 3.144
1622114621.351, lauv-roald, SmartX, 3.144
1622114621.851, lauv-roald, SmartX, 3.143
1622114622.351, lauv-roald, SmartX, 3.142
1622114622.851, lauv-roald, SmartX, 3.141
1622114623.351, lauv-roald, SmartX, 3.140
1622114623.851, lauv-roald, SmartX, 3.139
1622114624.351, lauv-roald, SmartX, 3.138
1622114624.851, lauv-roald, SmartX, 3.137
1622114625.351, lauv-roald, SmartX, 3.138
1622114625.851, lauv-roald, SmartX, 3.138
1622114626.351, lauv-roald, SmartX, 3.139
1622114626.851, lauv-roald, SmartX, 3.139
1622114627.351, lauv-roald, SmartX, 3.139
1622114627.851, lauv-roald, SmartX, 3.139
1622114628.351, lauv-roald, SmartX, 3.138
1622114628.851, lauv-roald, SmartX, 3.137
1622114629.351, lauv-roald, SmartX, 3.137
1622114629.851, lauv-roald, SmartX, 3.136
1622114630.351, lauv-roald, SmartX, 3.136
1622114630.851, lauv-roald, SmartX, 3.136
1622114631.351, lauv-roald, SmartX, 3.135
1622114631.851, lauv-roald, SmartX, 3.136
1622114632.351, lauv-roald, SmartX, 3.136
1622114632.851, lauv-roald, SmartX, 3.136
1622114633.350, lauv-roald, SmartX, 3.137
1622114633.851, lauv-roald, SmartX, 3.140
1622114634.351, lauv-roald, SmartX, 3.141
1622114634.851, lauv-roald, SmartX, 3.142
1622114635.350, lauv-roald, SmartX, 3.144
1622114635.850, lauv-roald, SmartX, 3.145
1622114636.350, lauv-roald, SmartX, 3.146
1622114636.850, lauv-roald, SmartX, 3.147
1622114637.350, lauv-roald, SmartX, 3.147
1622114637.850, lauv-roald, SmartX, 3.147
1622114638.350, lauv-roald, SmartX, 3.147
1622114638.850, lauv-roald, SmartX, 3.148
1622114639.350, lauv-roald, SmartX, 3.149
1622114639.850, lauv-roald, SmartX, 3.149
1622114640.350, lauv-roald, SmartX, 3.148
1622114640.850, lauv-roald, SmartX, 3.147
1622114641.350, lauv-roald, SmartX, 3.147
1622114641.850, lauv-roald, SmartX, 3.148
1622114642.350, lauv-roald, SmartX, 3.147
1622114642.850, lauv-roald, SmartX, 3.146
1622114643.350, lauv-roald, SmartX, 3.146
1622114643.850, lauv-roald, SmartX, 3.146
1622114644.350, lauv-roald, SmartX, 3.145
1622114644.850, lauv-roald, SmartX, 3.145
1622114645.350, lauv-roald, SmartX, 3.145
1622114645.850, lauv-roald, SmartX, 3.145
1622114646.350, lauv-roald, SmartX, 3.145
1622114646.850, lauv-roald, SmartX, 3.145
1622114647.350, lauv-roald, SmartX, 3.144
1622114647.850, lauv-roald, SmartX, 3.145
1622114648.350, lauv-roald, SmartX, 3.144
1622114648.850, lauv-roald, SmartX, 3.144
1622114649.349, lauv-roald, SmartX, 3.144
1622114649.849, lauv-roald, SmartX, 3.144
1622114650.349, lauv-roald, SmartX, 3.146
1622114650.849, lauv-roald, SmartX, 3.145
1622114651.349, lauv-roald, SmartX, 3.146
1622114651.849, lauv-roald, SmartX, 3.146
1622114652.349, lauv-roald, SmartX, 3.145
1622114652.849, lauv-roald, SmartX, 3.144
1622114653.349, lauv-roald, SmartX, 3.144
1622114653.849, lauv-roald, SmartX, 3.143
1622114654.349, lauv-roald, SmartX, 3.143
1622114654.849, lauv-roald, SmartX, 3.142
1622114655.349, lauv-roald, SmartX, 3.141
1622114655.849, lauv-roald, SmartX, 3.141
1622114656.349, lauv-roald, SmartX, 3.141
1622114656.849, lauv-roald, SmartX, 3.141
1622114657.349, lauv-roald, SmartX, 3.140
1622114657.849, lauv-roald, SmartX, 3.141
1622114658.349, lauv-roald, SmartX, 3.140
1622114658.849, lauv-roald, SmartX, 3.140
1622114659.349, lauv-roald, SmartX, 3.140
1622114659.849, lauv-roald, SmartX, 3.140
1622114660.349, lauv-roald, SmartX, 3.140
1622114660.849, lauv-roald, SmartX, 3.140
1622114661.349, lauv-roald, SmartX, 3.140
1622114661.849, lauv-roald, SmartX, 3.140
1622114662.348, lauv-roald, SmartX, 3.140
1622114662.849, lauv-roald, SmartX, 3.140
1622114663.349, lauv-roald, SmartX, 3.140
1622114663.848, lauv-roald, SmartX, 3.140
1622114664.348, lauv-roald, SmartX, 3.140
1622114664.848, lauv-roald, SmartX, 3.140
1622114665.349, lauv-roald, SmartX, 3.140
1622114665.848, lauv-roald, SmartX, 3.140
1622114666.348, lauv-roald, SmartX, 3.140
1622114666.848, lauv-roald, SmartX, 3.141
1622114667.348, lauv-roald, SmartX, 3.142
1622114667.848, lauv-roald, SmartX, 3.143
1622114668.348, lauv-roald, SmartX, 3.144
1622114668.848, lauv-roald, SmartX, 3.143
1622114669.348, lauv-roald, SmartX, 3.142
1622114669.848, lauv-roald, SmartX, 3.142
1622114670.348, lauv-roald, SmartX, 3.141
1622114670.848, lauv-roald, SmartX, 3.140
1622114671.348, lauv-roald, SmartX, 3.139
1622114671.848, lauv-roald, SmartX, 3.139
1622114672.348, lauv-roald, SmartX, 3.138
1622114672.848, lauv-roald, SmartX, 3.138
1622114673.348, lauv-roald, SmartX, 3.138
1622114673.848, lauv-roald, SmartX, 3.138
1622114674.348, lauv-roald, SmartX, 3.138
1622114674.848, lauv-roald, SmartX, 3.139
1622114675.348, lauv-roald, SmartX, 3.139
1622114675.848, lauv-roald, SmartX, 3.139
1622114676.348, lauv-roald, SmartX, 3.139
1622114676.848, lauv-roald, SmartX, 3.139
1622114677.348, lauv-roald, SmartX, 3.139
1622114677.848, lauv-roald, SmartX, 3.139
1622114678.348, lauv-roald, SmartX, 3.139
1622114678.847, lauv-roald, SmartX, 3.138
1622114679.348, lauv-roald, SmartX, 3.136
1622114679.847, lauv-roald, SmartX, 3.135
1622114680.348, lauv-roald, SmartX, 3.134
1622114680.847, lauv-roald, SmartX, 3.133
1622114681.347, lauv-roald, SmartX, 3.134
1622114681.847, lauv-roald, SmartX, 3.134
1622114682.347, lauv-roald, SmartX, 3.134
1622114682.847, lauv-roald, SmartX, 3.133
1622114683.347, lauv-roald, SmartX, 3.133
1622114683.847, lauv-roald, SmartX, 3.132
1622114684.347, lauv-roald, SmartX, 3.132
1622114684.847, lauv-roald, SmartX, 3.131
1622114685.347, lauv-roald, SmartX, 3.130
1622114685.847, lauv-roald, SmartX, 3.130
1622114686.347, lauv-roald, SmartX, 3.130
1622114686.847, lauv-roald, SmartX, 3.130
1622114687.347, lauv-roald, SmartX, 3.129
1622114687.847, lauv-roald, SmartX, 3.129
1622114688.347, lauv-roald, SmartX, 3.129
1622114688.847, lauv-roald, SmartX, 3.129
1622114689.347, lauv-roald, SmartX, 3.129
1622114689.847, lauv-roald, SmartX, 3.129
1622114690.347, lauv-roald, SmartX, 3.129
1622114690.847, lauv-roald, SmartX, 3.129
1622114691.347, lauv-roald, SmartX, 3.129
1622114691.846, lauv-roald, SmartX, 3.130
1622114692.347, lauv-roald, SmartX, 3.131
1622114692.847, lauv-roald, SmartX, 3.132
1622114693.346, lauv-roald, SmartX, 3.132
1622114693.847, lauv-roald, SmartX, 3.133
1622114694.347, lauv-roald, SmartX, 3.133
1622114694.847, lauv-roald, SmartX, 3.132
1622114695.346, lauv-roald, SmartX, 3.132
1622114695.846, lauv-roald, SmartX, 3.131
1622114696.346, lauv-roald, SmartX, 3.130
1622114696.846, lauv-roald, SmartX, 3.130
1622114697.346, lauv-roald, SmartX, 3.130
1622114697.846, lauv-roald, SmartX, 3.130
1622114698.346, lauv-roald, SmartX, 3.130
1622114698.846, lauv-roald, SmartX, 3.130
1622114699.346, lauv-roald, SmartX, 3.130
1622114699.846, lauv-roald, SmartX, 3.130
1622114700.346, lauv-roald, SmartX, 3.130
1622114700.846, lauv-roald, SmartX, 3.130
1622114701.346, lauv-roald, SmartX, 3.129
1622114701.846, lauv-roald, SmartX, 3.129
1622114702.346, lauv-roald, SmartX, 3.129
1622114702.846, lauv-roald, SmartX, 3.129
1622114703.346, lauv-roald, SmartX, 3.129
1622114703.846, lauv-roald, SmartX, 3.130
1622114704.346, lauv-roald, SmartX, 3.132
1622114704.846, lauv-roald, SmartX, 3.133
1622114705.346, lauv-roald, SmartX, 3.134
1622114705.846, lauv-roald, SmartX, 3.134
1622114706.346, lauv-roald, SmartX, 3.134
1622114706.846, lauv-roald, SmartX, 3.134
1622114707.346, lauv-roald, SmartX, 3.134
1622114707.846, lauv-roald, SmartX, 3.134
1622114708.346, lauv-roald, SmartX, 3.134
1622114708.846, lauv-roald, SmartX, 3.134
1622114709.345, lauv-roald, SmartX, 3.135
1622114709.846, lauv-roald, SmartX, 3.135
1622114710.345, lauv-roald, SmartX, 3.135
1622114710.845, lauv-roald, SmartX, 3.135
1622114711.345, lauv-roald, SmartX, 3.135
1622114711.845, lauv-roald, SmartX, 3.134
1622114712.345, lauv-roald, SmartX, 3.133
1622114712.845, lauv-roald, SmartX, 3.133
1622114713.345, lauv-roald, SmartX, 3.132
1622114713.845, lauv-roald, SmartX, 3.132
1622114714.345, lauv-roald, SmartX, 3.132
1622114714.845, lauv-roald, SmartX, 3.133
1622114715.345, lauv-roald, SmartX, 3.133
1622114715.845, lauv-roald, SmartX, 3.133
1622114716.345, lauv-roald, SmartX, 3.134
1622114716.845, lauv-roald, SmartX, 3.134
1622114717.345, lauv-roald, SmartX, 3.134
1622114717.845, lauv-roald, SmartX, 3.134
1622114718.345, lauv-roald, SmartX, 3.134
1622114718.845, lauv-roald, SmartX, 3.135
1622114719.345, lauv-roald, SmartX, 3.134
1622114719.845, lauv-roald, SmartX, 3.134
1622114720.345, lauv-roald, SmartX, 3.135
1622114720.845, lauv-roald, SmartX, 3.134
1622114721.346, lauv-roald, SmartX, 3.134
1622114721.845, lauv-roald, SmartX, 3.134
1622114722.344, lauv-roald, SmartX, 3.134
1622114722.845, lauv-roald, SmartX, 3.135
1622114723.344, lauv-roald, SmartX, 3.134
1622114723.845, lauv-roald, SmartX, 3.134
1622114724.345, lauv-roald, SmartX, 3.133
1622114724.844, lauv-roald, SmartX, 3.134
1622114725.344, lauv-roald, SmartX, 3.135
1622114725.844, lauv-roald, SmartX, 3.135
1622114726.344, lauv-roald, SmartX, 3.136
1622114726.844, lauv-roald, SmartX, 3.136
1622114727.344, lauv-roald, SmartX, 3.136
1622114727.844, lauv-roald, SmartX, 3.136
1622114728.344, lauv-roald, SmartX, 3.136
1622114728.844, lauv-roald, SmartX, 3.135
1622114729.344, lauv-roald, SmartX, 3.135
1622114729.844, lauv-roald, SmartX, 3.135
1622114730.344, lauv-roald, SmartX, 3.135
1622114730.844, lauv-roald, SmartX, 3.136
1622114731.344, lauv-roald, SmartX, 3.135
1622114731.844, lauv-roald, SmartX, 3.135
1622114732.344, lauv-roald, SmartX, 3.136
1622114732.844, lauv-roald, SmartX, 3.136
1622114733.344, lauv-roald, SmartX, 3.136
1622114733.844, lauv-roald, SmartX, 3.136
1622114734.344, lauv-roald, SmartX, 3.136
1622114734.844, lauv-roald, SmartX, 3.136
1622114735.344, lauv-roald, SmartX, 3.137
1622114735.844, lauv-roald, SmartX, 3.138
1622114736.344, lauv-roald, SmartX, 3.139
1622114736.844, lauv-roald, SmartX, 3.139
1622114737.344, lauv-roald, SmartX, 3.140
1622114737.843, lauv-roald, SmartX, 3.141
1622114738.343, lauv-roald, SmartX, 3.141
1622114738.843, lauv-roald, SmartX, 3.141
1622114739.343, lauv-roald, SmartX, 3.141
1622114739.843, lauv-roald, SmartX, 3.142
1622114740.343, lauv-roald, SmartX, 3.142
1622114740.843, lauv-roald, SmartX, 3.142
1622114741.343, lauv-roald, SmartX, 3.142
1622114741.843, lauv-roald, SmartX, 3.142
1622114742.343, lauv-roald, SmartX, 3.141
1622114742.843, lauv-roald, SmartX, 3.140
1622114743.343, lauv-roald, SmartX, 3.140
1622114743.843, lauv-roald, SmartX, 3.140
1622114744.343, lauv-roald, SmartX, 3.139
1622114744.843, lauv-roald, SmartX, 3.140
1622114745.343, lauv-roald, SmartX, 3.140
1622114745.843, lauv-roald, SmartX, 3.140
1622114746.343, lauv-roald, SmartX, 3.141
1622114746.843, lauv-roald, SmartX, 3.141
1622114747.343, lauv-roald, SmartX, 3.141
1622114747.843, lauv-roald, SmartX, 3.141
1622114748.343, lauv-roald, SmartX, 3.142
1622114748.843, lauv-roald, SmartX, 3.144
1622114749.343, lauv-roald, SmartX, 3.145
1622114749.843, lauv-roald, SmartX, 3.146
1622114750.343, lauv-roald, SmartX, 3.147
1622114750.843, lauv-roald, SmartX, 3.148
1622114751.343, lauv-roald, SmartX, 3.148
1622114751.842, lauv-roald, SmartX, 3.148
1622114752.343, lauv-roald, SmartX, 3.146
1622114752.843, lauv-roald, SmartX, 3.144
1622114753.342, lauv-roald, SmartX, 3.144
1622114753.842, lauv-roald, SmartX, 3.143
1622114754.342, lauv-roald, SmartX, 3.142
1622114754.842, lauv-roald, SmartX, 3.141
1622114755.342, lauv-roald, SmartX, 3.142
1622114755.842, lauv-roald, SmartX, 3.141
1622114756.342, lauv-roald, SmartX, 3.141
1622114756.842, lauv-roald, SmartX, 3.141
1622114757.342, lauv-roald, SmartX, 3.140
1622114757.842, lauv-roald, SmartX, 3.138
1622114758.342, lauv-roald, SmartX, 3.137
1622114758.842, lauv-roald, SmartX, 3.137
1622114759.342, lauv-roald, SmartX, 3.136
1622114759.842, lauv-roald, SmartX, 3.136
1622114760.342, lauv-roald, SmartX, 3.136
1622114760.842, lauv-roald, SmartX, 3.136
1622114761.342, lauv-roald, SmartX, 3.136
1622114761.842, lauv-roald, SmartX, 3.136
1622114762.342, lauv-roald, SmartX, 3.136
1622114762.842, lauv-roald, SmartX, 3.136
1622114763.342, lauv-roald, SmartX, 3.136
1622114763.842, lauv-roald, SmartX, 3.136
1622114764.342, lauv-roald, SmartX, 3.136
1622114764.842, lauv-roald, SmartX, 3.137
1622114765.342, lauv-roald, SmartX, 3.137
1622114765.842, lauv-roald, SmartX, 3.137
1622114766.342, lauv-roald, SmartX, 3.137
1622114766.842, lauv-roald, SmartX, 3.137
1622114767.342, lauv-roald, SmartX, 3.137
1622114767.841, lauv-roald, SmartX, 3.137
1622114768.341, lauv-roald, SmartX, 3.137
1622114768.841, lauv-roald, SmartX, 3.137
1622114769.341, lauv-roald, SmartX, 3.137
1622114769.841, lauv-roald, SmartX, 3.138
1622114770.341, lauv-roald, SmartX, 3.138
1622114770.841, lauv-roald, SmartX, 3.139
1622114771.341, lauv-roald, SmartX, 3.139
1622114771.841, lauv-roald, SmartX, 3.139
1622114772.341, lauv-roald, SmartX, 3.139
1622114772.841, lauv-roald, SmartX, 3.139
1622114773.341, lauv-roald, SmartX, 3.139
1622114773.841, lauv-roald, SmartX, 3.139
1622114774.341, lauv-roald, SmartX, 3.139
1622114774.841, lauv-roald, SmartX, 3.140
1622114775.341, lauv-roald, SmartX, 3.140
1622114775.841, lauv-roald, SmartX, 3.141
1622114776.341, lauv-roald, SmartX, 3.141
1622114776.841, lauv-roald, SmartX, 3.141
1622114777.341, lauv-roald, SmartX, 3.141
1622114777.841, lauv-roald, SmartX, 3.141
1622114778.341, lauv-roald, SmartX, 3.140
1622114778.841, lauv-roald, SmartX, 3.140
1622114779.341, lauv-roald, SmartX, 3.139
1622114779.841, lauv-roald, SmartX, 3.140
1622114780.341, lauv-roald, SmartX, 3.140
1622114780.840, lauv-roald, SmartX, 3.141
1622114781.340, lauv-roald, SmartX, 3.141
1622114781.840, lauv-roald, SmartX, 3.141
1622114782.340, lauv-roald, SmartX, 3.141
1622114782.840, lauv-roald, SmartX, 3.141
1622114783.340, lauv-roald, SmartX, 3.140
1622114783.841, lauv-roald, SmartX, 3.140
1622114784.340, lauv-roald, SmartX, 3.139
1622114784.840, lauv-roald, SmartX, 3.139
1622114785.341, lauv-roald, SmartX, 3.139
1622114785.840, lauv-roald, SmartX, 3.139
1622114786.340, lauv-roald, SmartX, 3.139
1622114786.840, lauv-roald, SmartX, 3.139
1622114787.340, lauv-roald, SmartX, 3.140
1622114787.840, lauv-roald, SmartX, 3.141
1622114788.341, lauv-roald, SmartX, 3.141
1622114788.840, lauv-roald, SmartX, 3.141
1622114789.340, lauv-roald, SmartX, 3.141
1622114789.840, lauv-roald, SmartX, 3.141
1622114790.341, lauv-roald, SmartX, 3.140
1622114790.840, lauv-roald, SmartX, 3.140
1622114791.341, lauv-roald, SmartX, 3.140
1622114791.841, lauv-roald, SmartX, 3.140
1622114792.341, lauv-roald, SmartX, 3.140
1622114792.840, lauv-roald, SmartX, 3.140
1622114793.341, lauv-roald, SmartX, 3.140
1622114793.840, lauv-roald, SmartX, 3.141
1622114794.341, lauv-roald, SmartX, 3.141
1622114794.840, lauv-roald, SmartX, 3.141
1622114795.341, lauv-roald, SmartX, 3.141
1622114795.841, lauv-roald, SmartX, 3.141
1622114796.341, lauv-roald, SmartX, 3.141
1622114796.840, lauv-roald, SmartX, 3.141
1622114797.341, lauv-roald, SmartX, 3.141
1622114797.840, lauv-roald, SmartX, 3.141
1622114798.340, lauv-roald, SmartX, 3.142
1622114798.840, lauv-roald, SmartX, 3.141
1622114799.340, lauv-roald, SmartX, 3.141
1622114799.841, lauv-roald, SmartX, 3.141
1622114800.340, lauv-roald, SmartX, 3.141
1622114800.840, lauv-roald, SmartX, 3.142
1622114801.339, lauv-roald, SmartX, 3.142
1622114801.839, lauv-roald, SmartX, 3.142
1622114802.339, lauv-roald, SmartX, 3.142
1622114802.840, lauv-roald, SmartX, 3.143
1622114803.339, lauv-roald, SmartX, 3.142
1622114803.839, lauv-roald, SmartX, 3.142
1622114804.339, lauv-roald, SmartX, 3.142
1622114804.839, lauv-roald, SmartX, 3.142
1622114805.339, lauv-roald, SmartX, 3.142
1622114805.839, lauv-roald, SmartX, 3.142
1622114806.339, lauv-roald, SmartX, 3.142
1622114806.839, lauv-roald, SmartX, 3.143
1622114807.339, lauv-roald, SmartX, 3.143
1622114807.839, lauv-roald, SmartX, 3.143
1622114808.339, lauv-roald, SmartX, 3.143
1622114808.839, lauv-roald, SmartX, 3.143
1622114809.339, lauv-roald, SmartX, 3.143
1622114809.839, lauv-roald, SmartX, 3.143
1622114810.339, lauv-roald, SmartX, 3.143
1622114810.838, lauv-roald, SmartX, 3.143
1622114811.339, lauv-roald, SmartX, 3.142
1622114811.838, lauv-roald, SmartX, 3.142
1622114812.339, lauv-roald, SmartX, 3.142
1622114812.838, lauv-roald, SmartX, 3.142
1622114813.338, lauv-roald, SmartX, 3.142
1622114813.838, lauv-roald, SmartX, 3.142
1622114814.338, lauv-roald, SmartX, 3.142
1622114814.838, lauv-roald, SmartX, 3.142
1622114815.338, lauv-roald, SmartX, 3.142
1622114815.838, lauv-roald, SmartX, 3.142
1622114816.338, lauv-roald, SmartX, 3.143
1622114816.838, lauv-roald, SmartX, 3.143
1622114817.338, lauv-roald, SmartX, 3.142
1622114817.838, lauv-roald, SmartX, 3.142
1622114818.338, lauv-roald, SmartX, 3.143
1622114818.838, lauv-roald, SmartX, 3.142
1622114819.338, lauv-roald, SmartX, 3.142
1622114819.838, lauv-roald, SmartX, 3.142
1622114820.338, lauv-roald, SmartX, 3.142
1622114820.838, lauv-roald, SmartX, 3.142
1622114821.338, lauv-roald, SmartX, 3.142
1622114821.838, lauv-roald, SmartX, 3.142
1622114822.338, lauv-roald, SmartX, 3.142
1622114822.838, lauv-roald, SmartX, 3.142
1622114823.338, lauv-roald, SmartX, 3.142
1622114823.838, lauv-roald, SmartX, 3.141
1622114824.338, lauv-roald, SmartX, 3.141
1622114824.838, lauv-roald, SmartX, 3.142
1622114825.339, lauv-roald, SmartX, 3.142
1622114825.838, lauv-roald, SmartX, 3.143
1622114826.338, lauv-roald, SmartX, 3.143
1622114826.838, lauv-roald, SmartX, 3.142
1622114827.338, lauv-roald, SmartX, 3.142
1622114827.837, lauv-roald, SmartX, 3.143
1622114828.337, lauv-roald, SmartX, 3.143
1622114828.837, lauv-roald, SmartX, 3.143
1622114829.337, lauv-roald, SmartX, 3.143
1622114829.837, lauv-roald, SmartX, 3.143
1622114830.337, lauv-roald, SmartX, 3.143
1622114830.837, lauv-roald, SmartX, 3.142
1622114831.337, lauv-roald, SmartX, 3.142
1622114831.837, lauv-roald, SmartX, 3.142
1622114832.337, lauv-roald, SmartX, 3.142
1622114832.837, lauv-roald, SmartX, 3.142
1622114833.337, lauv-roald, SmartX, 3.142
1622114833.837, lauv-roald, SmartX, 3.142
1622114834.337, lauv-roald, SmartX, 3.142
1622114834.837, lauv-roald, SmartX, 3.142
1622114835.337, lauv-roald, SmartX, 3.142
1622114835.837, lauv-roald, SmartX, 3.142
1622114836.337, lauv-roald, SmartX, 3.142
1622114836.837, lauv-roald, SmartX, 3.142
1622114837.337, lauv-roald, SmartX, 3.142
1622114837.837, lauv-roald, SmartX, 3.143
1622114838.337, lauv-roald, SmartX, 3.144
1622114838.837, lauv-roald, SmartX, 3.143
1622114839.337, lauv-roald, SmartX, 3.143
1622114839.837, lauv-roald, SmartX, 3.143
1622114840.336, lauv-roald, SmartX, 3.143
1622114840.837, lauv-roald, SmartX, 3.143
1622114841.337, lauv-roald, SmartX, 3.144
1622114841.836, lauv-roald, SmartX, 3.144
1622114842.337, lauv-roald, SmartX, 3.144
1622114842.837, lauv-roald, SmartX, 3.144
1622114843.336, lauv-roald, SmartX, 3.145
1622114843.836, lauv-roald, SmartX, 3.144
1622114844.336, lauv-roald, SmartX, 3.144
1622114844.836, lauv-roald, SmartX, 3.144
1622114845.336, lauv-roald, SmartX, 3.145
1622114845.836, lauv-roald, SmartX, 3.145
1622114846.336, lauv-roald, SmartX, 3.145
1622114846.836, lauv-roald, SmartX, 3.145
1622114847.336, lauv-roald, SmartX, 3.145
1622114847.836, lauv-roald, SmartX, 3.145
1622114848.336, lauv-roald, SmartX, 3.145
1622114848.836, lauv-roald, SmartX, 3.145
1622114849.336, lauv-roald, SmartX, 3.145
1622114849.836, lauv-roald, SmartX, 3.145
1622114850.336, lauv-roald, SmartX, 3.145
1622114850.836, lauv-roald, SmartX, 3.145
1622114851.336, lauv-roald, SmartX, 3.145
1622114851.836, lauv-roald, SmartX, 3.144
1622114852.336, lauv-roald, SmartX, 3.143
1622114852.836, lauv-roald, SmartX, 3.142
1622114853.336, lauv-roald, SmartX, 3.141
1622114853.836, lauv-roald, SmartX, 3.138
1622114854.336, lauv-roald, SmartX, 3.129
1622114854.836, lauv-roald, SmartX, 3.124
1622114855.336, lauv-roald, SmartX, 3.121
1622114855.835, lauv-roald, SmartX, 3.114
1622114856.335, lauv-roald, SmartX, 3.104
1622114856.835, lauv-roald, SmartX, 3.101
1622114857.335, lauv-roald, SmartX, 3.098
1622114857.835, lauv-roald, SmartX, 3.097
1622114858.335, lauv-roald, SmartX, 3.096
1622114858.836, lauv-roald, SmartX, 3.097
1622114859.335, lauv-roald, SmartX, 3.097
1622114859.836, lauv-roald, SmartX, 3.096
1622114860.335, lauv-roald, SmartX, 3.057
1622114860.835, lauv-roald, SmartX, 3.024
1622114861.335, lauv-roald, SmartX, 3.005
1622114861.835, lauv-roald, SmartX, 2.998
1622114862.335, lauv-roald, SmartX, 2.987
1622114862.835, lauv-roald, SmartX, 2.976
1622114863.335, lauv-roald, SmartX, 2.975
1622114863.835, lauv-roald, SmartX, 2.973
1622114864.335, lauv-roald, SmartX, 2.967
1622114864.835, lauv-roald, SmartX, 2.963
1622114865.335, lauv-roald, SmartX, 2.960
1622114865.835, lauv-roald, SmartX, 2.957
1622114866.335, lauv-roald, SmartX, 2.955
1622114866.835, lauv-roald, SmartX, 2.946
1622114867.334, lauv-roald, SmartX, 2.940
1622114867.835, lauv-roald, SmartX, 2.939
1622114868.335, lauv-roald, SmartX, 2.935
1622114868.835, lauv-roald, SmartX, 2.931
1622114869.335, lauv-roald, SmartX, 2.924
1622114869.835, lauv-roald, SmartX, 2.914
1622114870.335, lauv-roald, SmartX, 2.908
1622114870.835, lauv-roald, SmartX, 2.915
1622114871.335, lauv-roald, SmartX, 2.918
1622114871.834, lauv-roald, SmartX, 2.922
1622114872.334, lauv-roald, SmartX, 2.937
1622114872.834, lauv-roald, SmartX, 2.941
1622114873.334, lauv-roald, SmartX, 2.927
1622114873.834, lauv-roald, SmartX, 2.925
1622114874.334, lauv-roald, SmartX, 2.930
1622114874.834, lauv-roald, SmartX, 2.931
1622114875.334, lauv-roald, SmartX, 2.938
1622114875.834, lauv-roald, SmartX, 2.941
1622114876.334, lauv-roald, SmartX, 2.949
1622114876.834, lauv-roald, SmartX, 2.951
1622114877.334, lauv-roald, SmartX, 2.952
1622114877.834, lauv-roald, SmartX, 2.955
1622114878.334, lauv-roald, SmartX, 2.960
1622114878.834, lauv-roald, SmartX, 2.961
1622114879.334, lauv-roald, SmartX, 2.959
1622114879.834, lauv-roald, SmartX, 2.956
1622114880.334, lauv-roald, SmartX, 2.952
1622114880.834, lauv-roald, SmartX, 2.943
1622114881.334, lauv-roald, SmartX, 2.943
1622114881.834, lauv-roald, SmartX, 2.947
1622114882.334, lauv-roald, SmartX, 2.952
1622114882.834, lauv-roald, SmartX, 2.958
1622114883.334, lauv-roald, SmartX, 2.963
1622114883.834, lauv-roald, SmartX, 2.960
1622114884.334, lauv-roald, SmartX, 2.956
1622114884.834, lauv-roald, SmartX, 2.947
1622114885.333, lauv-roald, SmartX, 2.931
1622114885.834, lauv-roald, SmartX, 2.914
1622114886.334, lauv-roald, SmartX, 2.921
1622114886.833, lauv-roald, SmartX, 2.933
1622114887.334, lauv-roald, SmartX, 2.926
1622114887.833, lauv-roald, SmartX, 2.923
1622114888.333, lauv-roald, SmartX, 2.917
1622114888.833, lauv-roald, SmartX, 2.883
1622114889.333, lauv-roald, SmartX, 2.788
1622114889.833, lauv-roald, SmartX, 2.684
1622114890.333, lauv-roald, SmartX, 2.632
1622114890.833, lauv-roald, SmartX, 2.702
1622114891.333, lauv-roald, SmartX, 2.786
1622114891.833, lauv-roald, SmartX, 2.773
1622114892.333, lauv-roald, SmartX, 2.774
1622114892.833, lauv-roald, SmartX, 2.822
1622114893.333, lauv-roald, SmartX, 2.851
1622114893.833, lauv-roald, SmartX, 2.837
1622114894.333, lauv-roald, SmartX, 2.811
1622114894.833, lauv-roald, SmartX, 2.777
1622114895.333, lauv-roald, SmartX, 2.760
1622114895.833, lauv-roald, SmartX, 2.748
1622114896.333, lauv-roald, SmartX, 2.750
1622114896.833, lauv-roald, SmartX, 2.757
1622114897.333, lauv-roald, SmartX, 2.729
1622114897.833, lauv-roald, SmartX, 2.721
1622114898.333, lauv-roald, SmartX, 2.732
1622114898.833, lauv-roald, SmartX, 2.739
1622114899.333, lauv-roald, SmartX, 2.737
1622114899.833, lauv-roald, SmartX, 2.742
1622114900.333, lauv-roald, SmartX, 2.746
1622114900.833, lauv-roald, SmartX, 2.750
1622114901.333, lauv-roald, SmartX, 2.745
1622114901.833, lauv-roald, SmartX, 2.753
1622114902.332, lauv-roald, SmartX, 2.765
1622114902.832, lauv-roald, SmartX, 2.768
1622114903.332, lauv-roald, SmartX, 2.761
1622114903.832, lauv-roald, SmartX, 2.762
1622114904.332, lauv-roald, SmartX, 2.764
1622114904.832, lauv-roald, SmartX, 2.763
1622114905.332, lauv-roald, SmartX, 2.766
1622114905.832, lauv-roald, SmartX, 2.784
1622114906.332, lauv-roald, SmartX, 2.790
1622114906.832, lauv-roald, SmartX, 2.796
1622114907.332, lauv-roald, SmartX, 2.799
1622114907.832, lauv-roald, SmartX, 2.799
1622114908.332, lauv-roald, SmartX, 2.798
1622114908.832, lauv-roald, SmartX, 2.791
1622114909.332, lauv-roald, SmartX, 2.780
1622114909.832, lauv-roald, SmartX, 2.772
1622114910.332, lauv-roald, SmartX, 2.771
1622114910.832, lauv-roald, SmartX, 2.778
1622114911.332, lauv-roald, SmartX, 2.783
1622114911.832, lauv-roald, SmartX, 2.778
1622114912.332, lauv-roald, SmartX, 2.775
1622114912.832, lauv-roald, SmartX, 2.773
1622114913.332, lauv-roald, SmartX, 2.772
1622114913.832, lauv-roald, SmartX, 2.730
1622114914.332, lauv-roald, SmartX, 2.691
1622114914.832, lauv-roald, SmartX, 2.680
1622114915.331, lauv-roald, SmartX, 2.717
1622114915.831, lauv-roald, SmartX, 2.741
1622114916.331, lauv-roald, SmartX, 2.756
1622114916.831, lauv-roald, SmartX, 2.764
1622114917.332, lauv-roald, SmartX, 2.774
1622114917.831, lauv-roald, SmartX, 2.774
1622114918.331, lauv-roald, SmartX, 2.661
1622114918.831, lauv-roald, SmartX, 2.684
1622114919.331, lauv-roald, SmartX, 2.701
1622114919.831, lauv-roald, SmartX, 2.735
1622114920.331, lauv-roald, SmartX, 2.768
1622114920.831, lauv-roald, SmartX, 2.777
1622114921.331, lauv-roald, SmartX, 2.787
1622114921.831, lauv-roald, SmartX, 2.792
1622114922.331, lauv-roald, SmartX, 2.785
1622114922.831, lauv-roald, SmartX, 2.773
1622114923.331, lauv-roald, SmartX, 2.668
1622114923.831, lauv-roald, SmartX, 2.676
1622114924.331, lauv-roald, SmartX, 2.711
1622114924.831, lauv-roald, SmartX, 2.727
1622114925.331, lauv-roald, SmartX, 2.752
1622114925.831, lauv-roald, SmartX, 2.760
1622114926.331, lauv-roald, SmartX, 2.772
1622114926.831, lauv-roald, SmartX, 2.787
1622114927.331, lauv-roald, SmartX, 2.794
1622114927.831, lauv-roald, SmartX, 2.784
1622114928.331, lauv-roald, SmartX, 2.714
1622114928.831, lauv-roald, SmartX, 2.676
1622114929.331, lauv-roald, SmartX, 2.709
1622114929.831, lauv-roald, SmartX, 2.727
1622114930.330, lauv-roald, SmartX, 2.750
1622114930.831, lauv-roald, SmartX, 2.760
1622114931.331, lauv-roald, SmartX, 2.716
1622114931.830, lauv-roald, SmartX, 2.697
1622114932.330, lauv-roald, SmartX, 2.705
1622114932.830, lauv-roald, SmartX, 2.693
1622114933.330, lauv-roald, SmartX, 2.691
1622114933.830, lauv-roald, SmartX, 2.693
1622114934.330, lauv-roald, SmartX, 2.699
1622114934.830, lauv-roald, SmartX, 2.710
1622114935.330, lauv-roald, SmartX, 2.714
1622114935.830, lauv-roald, SmartX, 2.725
1622114936.330, lauv-roald, SmartX, 2.736
1622114936.830, lauv-roald, SmartX, 2.743
1622114937.330, lauv-roald, SmartX, 2.747
1622114937.830, lauv-roald, SmartX, 2.752
1622114938.330, lauv-roald, SmartX, 2.764
1622114938.830, lauv-roald, SmartX, 2.769
1622114939.330, lauv-roald, SmartX, 2.768
1622114939.830, lauv-roald, SmartX, 2.757
1622114940.330, lauv-roald, SmartX, 2.738
1622114940.830, lauv-roald, SmartX, 2.738
1622114941.330, lauv-roald, SmartX, 2.736
1622114941.830, lauv-roald, SmartX, 2.737
1622114942.330, lauv-roald, SmartX, 2.740
1622114942.830, lauv-roald, SmartX, 2.744
1622114943.330, lauv-roald, SmartX, 2.735
1622114943.830, lauv-roald, SmartX, 2.728
1622114944.330, lauv-roald, SmartX, 2.727
1622114944.830, lauv-roald, SmartX, 2.726
1622114945.329, lauv-roald, SmartX, 2.736
1622114945.830, lauv-roald, SmartX, 2.759
1622114946.330, lauv-roald, SmartX, 2.764
1622114946.829, lauv-roald, SmartX, 2.762
1622114947.329, lauv-roald, SmartX, 2.753
1622114947.830, lauv-roald, SmartX, 2.764
1622114948.329, lauv-roald, SmartX, 2.767
1622114948.829, lauv-roald, SmartX, 2.750
1622114949.329, lauv-roald, SmartX, 2.743
1622114949.829, lauv-roald, SmartX, 2.737
1622114950.329, lauv-roald, SmartX, 2.732
1622114950.829, lauv-roald, SmartX, 2.731
1622114951.329, lauv-roald, SmartX, 2.732
1622114951.829, lauv-roald, SmartX, 2.743
1622114952.329, lauv-roald, SmartX, 2.747
1622114952.829, lauv-roald, SmartX, 2.753
1622114953.329, lauv-roald, SmartX, 2.774
1622114953.829, lauv-roald, SmartX, 2.778
1622114954.329, lauv-roald, SmartX, 2.778
1622114954.829, lauv-roald, SmartX, 2.783
1622114955.329, lauv-roald, SmartX, 2.788
1622114955.829, lauv-roald, SmartX, 2.789
1622114956.329, lauv-roald, SmartX, 2.792
1622114956.829, lauv-roald, SmartX, 2.799
1622114957.329, lauv-roald, SmartX, 2.812
1622114957.829, lauv-roald, SmartX, 2.812
1622114958.329, lauv-roald, SmartX, 2.814
1622114958.828, lauv-roald, SmartX, 2.803
1622114959.328, lauv-roald, SmartX, 2.798
1622114959.829, lauv-roald, SmartX, 2.793
1622114960.329, lauv-roald, SmartX, 2.788
1622114960.829, lauv-roald, SmartX, 2.779
1622114961.329, lauv-roald, SmartX, 2.760
1622114961.829, lauv-roald, SmartX, 2.762
1622114962.328, lauv-roald, SmartX, 2.765
1622114962.828, lauv-roald, SmartX, 2.771
1622114963.328, lauv-roald, SmartX, 2.776
1622114963.828, lauv-roald, SmartX, 2.790
1622114964.328, lauv-roald, SmartX, 2.780
1622114964.828, lauv-roald, SmartX, 2.774
1622114965.328, lauv-roald, SmartX, 2.768
1622114965.828, lauv-roald, SmartX, 2.761
1622114966.328, lauv-roald, SmartX, 2.750
1622114966.828, lauv-roald, SmartX, 2.753
1622114967.328, lauv-roald, SmartX, 2.757
1622114967.828, lauv-roald, SmartX, 2.772
1622114968.328, lauv-roald, SmartX, 2.760
1622114968.828, lauv-roald, SmartX, 2.760
1622114969.328, lauv-roald, SmartX, 2.764
1622114969.828, lauv-roald, SmartX, 2.756
1622114970.328, lauv-roald, SmartX, 2.751
1622114970.828, lauv-roald, SmartX, 2.764
1622114971.328, lauv-roald, SmartX, 2.772
1622114971.828, lauv-roald, SmartX, 2.775
1622114972.328, lauv-roald, SmartX, 2.788
1622114972.827, lauv-roald, SmartX, 2.806
1622114973.327, lauv-roald, SmartX, 2.809
1622114973.828, lauv-roald, SmartX, 2.791
1622114974.327, lauv-roald, SmartX, 2.809
1622114974.827, lauv-roald, SmartX, 2.854
1622114975.327, lauv-roald, SmartX, 2.855
1622114975.827, lauv-roald, SmartX, 2.840
1622114976.327, lauv-roald, SmartX, 2.829
1622114976.828, lauv-roald, SmartX, 2.816
1622114977.327, lauv-roald, SmartX, 2.810
1622114977.827, lauv-roald, SmartX, 2.809
1622114978.327, lauv-roald, SmartX, 2.809
1622114978.827, lauv-roald, SmartX, 2.816
1622114979.327, lauv-roald, SmartX, 2.817
1622114979.827, lauv-roald, SmartX, 2.810
1622114980.327, lauv-roald, SmartX, 2.797
1622114980.827, lauv-roald, SmartX, 2.791
1622114981.327, lauv-roald, SmartX, 2.789
1622114981.827, lauv-roald, SmartX, 2.784
1622114982.327, lauv-roald, SmartX, 2.781
1622114982.827, lauv-roald, SmartX, 2.781
1622114983.327, lauv-roald, SmartX, 2.781
1622114983.827, lauv-roald, SmartX, 2.782
1622114984.327, lauv-roald, SmartX, 2.780
1622114984.827, lauv-roald, SmartX, 2.776
1622114985.327, lauv-roald, SmartX, 2.768
1622114985.827, lauv-roald, SmartX, 2.761
1622114986.327, lauv-roald, SmartX, 2.762
1622114986.827, lauv-roald, SmartX, 2.759
1622114987.327, lauv-roald, SmartX, 2.756
1622114987.827, lauv-roald, SmartX, 2.757
1622114988.327, lauv-roald, SmartX, 2.755
1622114988.827, lauv-roald, SmartX, 2.756
1622114989.327, lauv-roald, SmartX, 2.753
1622114989.827, lauv-roald, SmartX, 2.752
1622114990.327, lauv-roald, SmartX, 2.753
1622114990.827, lauv-roald, SmartX, 2.757
1622114991.326, lauv-roald, SmartX, 2.758
1622114991.826, lauv-roald, SmartX, 2.773
1622114992.326, lauv-roald, SmartX, 2.777
1622114992.826, lauv-roald, SmartX, 2.819
1622114993.326, lauv-roald, SmartX, 2.826
1622114993.826, lauv-roald, SmartX, 2.837
1622114994.326, lauv-roald, SmartX, 2.843
1622114994.826, lauv-roald, SmartX, 2.846
1622114995.326, lauv-roald, SmartX, 2.845
1622114995.826, lauv-roald, SmartX, 2.842
1622114996.326, lauv-roald, SmartX, 2.826
1622114996.826, lauv-roald, SmartX, 2.791
1622114997.326, lauv-roald, SmartX, 2.780
1622114997.826, lauv-roald, SmartX, 2.775
1622114998.326, lauv-roald, SmartX, 2.777
1622114998.826, lauv-roald, SmartX, 2.773
1622114999.326, lauv-roald, SmartX, 2.796
1622114999.826, lauv-roald, SmartX, 2.787
1622115000.326, lauv-roald, SmartX, 2.786
1622115000.826, lauv-roald, SmartX, 2.780
1622115001.326, lauv-roald, SmartX, 2.780
1622115001.826, lauv-roald, SmartX, 2.777
1622115002.326, lauv-roald, SmartX, 2.774
1622115002.826, lauv-roald, SmartX, 2.767
1622115003.326, lauv-roald, SmartX, 2.760
1622115003.826, lauv-roald, SmartX, 2.752
1622115004.325, lauv-roald, SmartX, 2.754
1622115004.825, lauv-roald, SmartX, 2.747
1622115005.325, lauv-roald, SmartX, 2.738
1622115005.825, lauv-roald, SmartX, 2.738
1622115006.325, lauv-roald, SmartX, 2.737
1622115006.827, lauv-roald, SmartX, 2.740
1622115007.325, lauv-roald, SmartX, 2.739
1622115007.825, lauv-roald, SmartX, 2.726
1622115008.325, lauv-roald, SmartX, 2.728
1622115008.825, lauv-roald, SmartX, 2.729
1622115009.325, lauv-roald, SmartX, 2.730
1622115009.825, lauv-roald, SmartX, 2.728
1622115010.325, lauv-roald, SmartX, 2.727
1622115010.825, lauv-roald, SmartX, 2.727
1622115011.325, lauv-roald, SmartX, 2.727
1622115011.825, lauv-roald, SmartX, 2.725
1622115012.325, lauv-roald, SmartX, 2.720
1622115012.825, lauv-roald, SmartX, 2.721
1622115013.325, lauv-roald, SmartX, 2.722
1622115013.825, lauv-roald, SmartX, 2.718
1622115014.325, lauv-roald, SmartX, 2.720
1622115014.825, lauv-roald, SmartX, 2.719
1622115015.325, lauv-roald, SmartX, 2.723
1622115015.825, lauv-roald, SmartX, 2.722
1622115016.325, lauv-roald, SmartX, 2.722
1622115016.825, lauv-roald, SmartX, 2.720
1622115017.325, lauv-roald, SmartX, 2.724
1622115017.825, lauv-roald, SmartX, 2.724
1622115018.325, lauv-roald, SmartX, 2.728
1622115018.825, lauv-roald, SmartX, 2.727
1622115019.325, lauv-roald, SmartX, 2.726
1622115019.825, lauv-roald, SmartX, 2.727
1622115020.324, lauv-roald, SmartX, 2.726
1622115020.824, lauv-roald, SmartX, 2.726
1622115021.324, lauv-roald, SmartX, 2.725
1622115021.824, lauv-roald, SmartX, 2.722
1622115022.325, lauv-roald, SmartX, 2.723
1622115022.824, lauv-roald, SmartX, 2.721
1622115023.324, lauv-roald, SmartX, 2.717
1622115023.824, lauv-roald, SmartX, 2.715
1622115024.324, lauv-roald, SmartX, 2.717
1622115024.824, lauv-roald, SmartX, 2.723
1622115025.324, lauv-roald, SmartX, 2.718
1622115025.824, lauv-roald, SmartX, 2.718
1622115026.324, lauv-roald, SmartX, 2.718
1622115026.824, lauv-roald, SmartX, 2.718
1622115027.324, lauv-roald, SmartX, 2.718
1622115027.824, lauv-roald, SmartX, 2.717
1622115028.324, lauv-roald, SmartX, 2.720
1622115028.824, lauv-roald, SmartX, 2.720
1622115029.324, lauv-roald, SmartX, 2.721
1622115029.824, lauv-roald, SmartX, 2.720
1622115030.324, lauv-roald, SmartX, 2.719
1622115030.824, lauv-roald, SmartX, 2.719
1622115031.324, lauv-roald, SmartX, 2.719
1622115031.824, lauv-roald, SmartX, 2.718
1622115032.324, lauv-roald, SmartX, 2.718
1622115032.824, lauv-roald, SmartX, 2.720
1622115033.324, lauv-roald, SmartX, 2.719
1622115033.824, lauv-roald, SmartX, 2.719
1622115034.324, lauv-roald, SmartX, 2.718
1622115034.824, lauv-roald, SmartX, 2.718
1622115035.323, lauv-roald, SmartX, 2.718
1622115035.823, lauv-roald, SmartX, 2.717
1622115036.323, lauv-roald, SmartX, 2.714
1622115036.823, lauv-roald, SmartX, 2.723
1622115037.323, lauv-roald, SmartX, 2.719
1622115037.823, lauv-roald, SmartX, 2.720
1622115038.323, lauv-roald, SmartX, 2.720
1622115038.823, lauv-roald, SmartX, 2.718
1622115039.323, lauv-roald, SmartX, 2.718
1622115039.823, lauv-roald, SmartX, 2.722
1622115040.323, lauv-roald, SmartX, 2.719
1622115040.823, lauv-roald, SmartX, 2.726
1622115041.323, lauv-roald, SmartX, 2.721
1622115041.823, lauv-roald, SmartX, 2.718
1622115042.323, lauv-roald, SmartX, 2.722
1622115042.823, lauv-roald, SmartX, 2.720
1622115043.323, lauv-roald, SmartX, 2.720
1622115043.823, lauv-roald, SmartX, 2.720
1622115044.323, lauv-roald, SmartX, 2.721
1622115044.823, lauv-roald, SmartX, 2.718
1622115045.323, lauv-roald, SmartX, 2.717
1622115045.823, lauv-roald, SmartX, 2.720
1622115046.323, lauv-roald, SmartX, 2.724
1622115046.823, lauv-roald, SmartX, 2.719
1622115047.323, lauv-roald, SmartX, 2.718
1622115047.823, lauv-roald, SmartX, 2.725
1622115048.323, lauv-roald, SmartX, 2.723
1622115048.822, lauv-roald, SmartX, 2.720
1622115049.322, lauv-roald, SmartX, 2.722
1622115049.822, lauv-roald, SmartX, 2.717
1622115050.322, lauv-roald, SmartX, 2.716
1622115050.822, lauv-roald, SmartX, 2.724
1622115051.322, lauv-roald, SmartX, 2.718
1622115051.822, lauv-roald, SmartX, 2.721
1622115052.322, lauv-roald, SmartX, 2.721
1622115052.822, lauv-roald, SmartX, 2.717
1622115053.322, lauv-roald, SmartX, 2.720
1622115053.822, lauv-roald, SmartX, 2.724
1622115054.322, lauv-roald, SmartX, 2.721
1622115054.822, lauv-roald, SmartX, 2.720
1622115055.322, lauv-roald, SmartX, 2.721
1622115055.822, lauv-roald, SmartX, 2.721
1622115056.322, lauv-roald, SmartX, 2.719
1622115056.822, lauv-roald, SmartX, 2.723
1622115057.322, lauv-roald, SmartX, 2.724
1622115057.822, lauv-roald, SmartX, 2.720
1622115058.322, lauv-roald, SmartX, 2.722
1622115058.822, lauv-roald, SmartX, 2.720
1622115059.322, lauv-roald, SmartX, 2.721
1622115059.822, lauv-roald, SmartX, 2.714
1622115060.322, lauv-roald, SmartX, 2.705
1622115060.822, lauv-roald, SmartX, 2.703
1622115061.322, lauv-roald, SmartX, 2.726
1622115061.822, lauv-roald, SmartX, 2.729
1622115062.322, lauv-roald, SmartX, 2.732
1622115062.822, lauv-roald, SmartX, 2.752
1622115063.322, lauv-roald, SmartX, 2.777
1622115063.822, lauv-roald, SmartX, 2.793
1622115064.321, lauv-roald, SmartX, 2.801
1622115064.821, lauv-roald, SmartX, 2.803
1622115065.321, lauv-roald, SmartX, 2.799
1622115065.821, lauv-roald, SmartX, 2.813
1622115066.321, lauv-roald, SmartX, 2.824
1622115066.821, lauv-roald, SmartX, 2.832
1622115067.321, lauv-roald, SmartX, 2.842
1622115067.821, lauv-roald, SmartX, 2.869
1622115068.321, lauv-roald, SmartX, 2.916
1622115068.821, lauv-roald, SmartX, 2.947
1622115069.321, lauv-roald, SmartX, 2.971
1622115069.821, lauv-roald, SmartX, 2.996
1622115070.321, lauv-roald, SmartX, 3.028
1622115070.821, lauv-roald, SmartX, 3.053
1622115071.321, lauv-roald, SmartX, 3.072
1622115071.821, lauv-roald, SmartX, 3.083
1622115072.321, lauv-roald, SmartX, 3.089
1622115072.821, lauv-roald, SmartX, 3.092
1622115073.321, lauv-roald, SmartX, 3.093
1622115073.821, lauv-roald, SmartX, 3.095
1622115074.321, lauv-roald, SmartX, 3.095
1622115074.821, lauv-roald, SmartX, 3.096
1622115075.321, lauv-roald, SmartX, 3.096
1622115075.821, lauv-roald, SmartX, 3.096
1622115076.321, lauv-roald, SmartX, 3.096
1622115076.821, lauv-roald, SmartX, 3.097
1622115077.321, lauv-roald, SmartX, 3.096
1622115077.820, lauv-roald, SmartX, 3.096
1622115078.320, lauv-roald, SmartX, 3.101
1622115078.820, lauv-roald, SmartX, 3.110
1622115079.320, lauv-roald, SmartX, 3.139
1622115079.820, lauv-roald, SmartX, 3.149
1622115080.320, lauv-roald, SmartX, 3.153
1622115080.820, lauv-roald, SmartX, 3.158
1622115081.320, lauv-roald, SmartX, 3.162
1622115081.820, lauv-roald, SmartX, 3.167
1622115082.320, lauv-roald, SmartX, 3.171
1622115082.820, lauv-roald, SmartX, 3.172
1622115083.320, lauv-roald, SmartX, 3.174
1622115083.820, lauv-roald, SmartX, 3.175
1622115084.320, lauv-roald, SmartX, 3.175
1622115084.820, lauv-roald, SmartX, 3.174
1622115085.320, lauv-roald, SmartX, 3.175
1622115085.820, lauv-roald, SmartX, 3.174
1622115086.320, lauv-roald, SmartX, 3.172
1622115086.820, lauv-roald, SmartX, 3.171
1622115087.320, lauv-roald, SmartX, 3.169
1622115087.820, lauv-roald, SmartX, 3.168
1622115088.320, lauv-roald, SmartX, 3.167
1622115088.820, lauv-roald, SmartX, 3.167
1622115089.320, lauv-roald, SmartX, 3.167
1622115089.820, lauv-roald, SmartX, 3.168
1622115090.320, lauv-roald, SmartX, 3.168
1622115090.820, lauv-roald, SmartX, 3.167
1622115091.320, lauv-roald, SmartX, 3.167
1622115091.820, lauv-roald, SmartX, 3.168
1622115092.320, lauv-roald, SmartX, 3.168
1622115092.819, lauv-roald, SmartX, 3.167
1622115093.319, lauv-roald, SmartX, 3.167
1622115093.819, lauv-roald, SmartX, 3.166
1622115094.319, lauv-roald, SmartX, 3.166
1622115094.820, lauv-roald, SmartX, 3.165
1622115095.319, lauv-roald, SmartX, 3.165
1622115095.819, lauv-roald, SmartX, 3.165
1622115096.319, lauv-roald, SmartX, 3.165
1622115096.819, lauv-roald, SmartX, 3.165
1622115097.319, lauv-roald, SmartX, 3.165
1622115097.819, lauv-roald, SmartX, 3.164
1622115098.319, lauv-roald, SmartX, 3.164
1622115098.819, lauv-roald, SmartX, 3.164
1622115099.319, lauv-roald, SmartX, 3.164
1622115099.819, lauv-roald, SmartX, 3.164
1622115100.319, lauv-roald, SmartX, 3.164
1622115100.819, lauv-roald, SmartX, 3.164
1622115101.319, lauv-roald, SmartX, 3.164
1622115101.819, lauv-roald, SmartX, 3.163
1622115102.319, lauv-roald, SmartX, 3.163
1622115102.819, lauv-roald, SmartX, 3.163
1622115103.319, lauv-roald, SmartX, 3.163
1622115103.819, lauv-roald, SmartX, 3.163
1622115104.319, lauv-roald, SmartX, 3.163
1622115104.819, lauv-roald, SmartX, 3.163
1622115105.319, lauv-roald, SmartX, 3.163
1622115105.819, lauv-roald, SmartX, 3.162
1622115106.319, lauv-roald, SmartX, 3.163
1622115106.819, lauv-roald, SmartX, 3.163
1622115107.319, lauv-roald, SmartX, 3.163
1622115107.818, lauv-roald, SmartX, 3.162
1622115108.319, lauv-roald, SmartX, 3.162
1622115108.818, lauv-roald, SmartX, 3.162
1622115109.318, lauv-roald, SmartX, 3.162
1622115109.818, lauv-roald, SmartX, 3.162
1622115110.318, lauv-roald, SmartX, 3.162
1622115110.818, lauv-roald, SmartX, 3.162
1622115111.318, lauv-roald, SmartX, 3.162
1622115111.818, lauv-roald, SmartX, 3.162
1622115112.318, lauv-roald, SmartX, 3.162
1622115112.818, lauv-roald, SmartX, 3.161
1622115113.318, lauv-roald, SmartX, 3.162
1622115113.818, lauv-roald, SmartX, 3.162
1622115114.318, lauv-roald, SmartX, 3.161
1622115114.818, lauv-roald, SmartX, 3.161
1622115115.318, lauv-roald, SmartX, 3.162
1622115115.818, lauv-roald, SmartX, 3.162
1622115116.318, lauv-roald, SmartX, 3.162
1622115116.818, lauv-roald, SmartX, 3.162
1622115117.318, lauv-roald, SmartX, 3.162
1622115117.818, lauv-roald, SmartX, 3.162
1622115118.318, lauv-roald, SmartX, 3.162
1622115118.818, lauv-roald, SmartX, 3.162
1622115119.318, lauv-roald, SmartX, 3.162
1622115119.818, lauv-roald, SmartX, 3.162
1622115120.318, lauv-roald, SmartX, 3.162
1622115120.817, lauv-roald, SmartX, 3.162
1622115121.318, lauv-roald, SmartX, 3.162
1622115121.818, lauv-roald, SmartX, 3.162
1622115122.318, lauv-roald, SmartX, 3.162
1622115122.817, lauv-roald, SmartX, 3.162
1622115123.317, lauv-roald, SmartX, 3.162
1622115123.818, lauv-roald, SmartX, 3.162
1622115124.317, lauv-roald, SmartX, 3.162
1622115124.817, lauv-roald, SmartX, 3.162
1622115125.317, lauv-roald, SmartX, 3.162
1622115125.817, lauv-roald, SmartX, 3.162
1622115126.317, lauv-roald, SmartX, 3.161
1622115126.817, lauv-roald, SmartX, 3.162
1622115127.317, lauv-roald, SmartX, 3.162
1622115127.817, lauv-roald, SmartX, 3.161
1622115128.317, lauv-roald, SmartX, 3.161
1622115128.817, lauv-roald, SmartX, 3.161
1622115129.317, lauv-roald, SmartX, 3.162
1622115129.817, lauv-roald, SmartX, 3.162
1622115130.317, lauv-roald, SmartX, 3.161
1622115130.817, lauv-roald, SmartX, 3.162
1622115131.317, lauv-roald, SmartX, 3.162
1622115131.817, lauv-roald, SmartX, 3.161
1622115132.317, lauv-roald, SmartX, 3.161
1622115132.817, lauv-roald, SmartX, 3.161
1622115133.317, lauv-roald, SmartX, 3.161
1622115133.817, lauv-roald, SmartX, 3.161
1622115134.317, lauv-roald, SmartX, 3.160
1622115134.817, lauv-roald, SmartX, 3.160
1622115135.317, lauv-roald, SmartX, 3.160
1622115135.817, lauv-roald, SmartX, 3.160
1622115136.317, lauv-roald, SmartX, 3.159
1622115136.817, lauv-roald, SmartX, 3.159
1622115137.317, lauv-roald, SmartX, 3.158
1622115137.817, lauv-roald, SmartX, 3.158
1622115138.316, lauv-roald, SmartX, 3.158
1622115138.816, lauv-roald, SmartX, 3.158
1622115139.316, lauv-roald, SmartX, 3.158
1622115139.816, lauv-roald, SmartX, 3.159
1622115140.316, lauv-roald, SmartX, 3.159
1622115140.816, lauv-roald, SmartX, 3.159
1622115141.316, lauv-roald, SmartX, 3.159
1622115141.816, lauv-roald, SmartX, 3.159
1622115142.316, lauv-roald, SmartX, 3.158
1622115142.816, lauv-roald, SmartX, 3.158
1622115143.316, lauv-roald, SmartX, 3.158
1622115143.816, lauv-roald, SmartX, 3.158
1622115144.316, lauv-roald, SmartX, 3.159
1622115144.816, lauv-roald, SmartX, 3.159
1622115145.316, lauv-roald, SmartX, 3.158
1622115145.816, lauv-roald, SmartX, 3.158
1622115146.316, lauv-roald, SmartX, 3.158
1622115146.816, lauv-roald, SmartX, 3.158
1622115147.316, lauv-roald, SmartX, 3.158
1622115147.816, lauv-roald, SmartX, 3.158
1622115148.316, lauv-roald, SmartX, 3.158
1622115148.816, lauv-roald, SmartX, 3.158
1622115149.316, lauv-roald, SmartX, 3.159
1622115149.816, lauv-roald, SmartX, 3.159
1622115150.316, lauv-roald, SmartX, 3.159
1622115150.816, lauv-roald, SmartX, 3.160
1622115151.316, lauv-roald, SmartX, 3.159
1622115151.816, lauv-roald, SmartX, 3.159
1622115152.316, lauv-roald, SmartX, 3.159
1622115152.815, lauv-roald, SmartX, 3.159
1622115153.316, lauv-roald, SmartX, 3.159
1622115153.816, lauv-roald, SmartX, 3.159
1622115154.315, lauv-roald, SmartX, 3.159
1622115154.815, lauv-roald, SmartX, 3.159
1622115155.315, lauv-roald, SmartX, 3.158
1622115155.815, lauv-roald, SmartX, 3.159
1622115156.315, lauv-roald, SmartX, 3.159
1622115156.815, lauv-roald, SmartX, 3.159
1622115157.315, lauv-roald, SmartX, 3.159
1622115157.815, lauv-roald, SmartX, 3.159
1622115158.315, lauv-roald, SmartX, 3.159
1622115158.815, lauv-roald, SmartX, 3.160
1622115159.315, lauv-roald, SmartX, 3.159
1622115159.815, lauv-roald, SmartX, 3.159
1622115160.315, lauv-roald, SmartX, 3.159
1622115160.815, lauv-roald, SmartX, 3.159
1622115161.315, lauv-roald, SmartX, 3.159
1622115161.815, lauv-roald, SmartX, 3.159
1622115162.315, lauv-roald, SmartX, 3.159
1622115162.815, lauv-roald, SmartX, 3.160
1622115163.315, lauv-roald, SmartX, 3.159
1622115163.815, lauv-roald, SmartX, 3.159
1622115164.315, lauv-roald, SmartX, 3.159
1622115164.815, lauv-roald, SmartX, 3.159
1622115165.315, lauv-roald, SmartX, 3.159
1622115165.815, lauv-roald, SmartX, 3.159
1622115166.315, lauv-roald, SmartX, 3.159
1622115166.815, lauv-roald, SmartX, 3.159
1622115167.314, lauv-roald, SmartX, 3.159
1622115167.814, lauv-roald, SmartX, 3.159
1622115168.315, lauv-roald, SmartX, 3.159
1622115168.814, lauv-roald, SmartX, 3.159
1622115169.314, lauv-roald, SmartX, 3.159
1622115169.814, lauv-roald, SmartX, 3.158
1622115170.314, lauv-roald, SmartX, 3.158
1622115170.814, lauv-roald, SmartX, 3.158
1622115171.314, lauv-roald, SmartX, 3.158
1622115171.814, lauv-roald, SmartX, 3.158
1622115172.314, lauv-roald, SmartX, 3.158
1622115172.814, lauv-roald, SmartX, 3.158
1622115173.314, lauv-roald, SmartX, 3.158
1622115173.814, lauv-roald, SmartX, 3.158
1622115174.314, lauv-roald, SmartX, 3.158
1622115174.814, lauv-roald, SmartX, 3.158
1622115175.314, lauv-roald, SmartX, 3.158
1622115175.814, lauv-roald, SmartX, 3.157
1622115176.314, lauv-roald, SmartX, 3.158
1622115176.814, lauv-roald, SmartX, 3.157
1622115177.314, lauv-roald, SmartX, 3.157
1622115177.814, lauv-roald, SmartX, 3.158
1622115178.314, lauv-roald, SmartX, 3.157
1622115178.814, lauv-roald, SmartX, 3.157
1622115179.314, lauv-roald, SmartX, 3.157
1622115179.814, lauv-roald, SmartX, 3.157
1622115180.314, lauv-roald, SmartX, 3.157
1622115180.814, lauv-roald, SmartX, 3.157
1622115181.314, lauv-roald, SmartX, 3.157
1622115181.814, lauv-roald, SmartX, 3.157
1622115182.313, lauv-roald, SmartX, 3.156
1622115182.814, lauv-roald, SmartX, 3.156
1622115183.313, lauv-roald, SmartX, 3.156
1622115183.814, lauv-roald, SmartX, 3.156
1622115184.313, lauv-roald, SmartX, 3.156
1622115184.813, lauv-roald, SmartX, 3.157
1622115185.313, lauv-roald, SmartX, 3.157
1622115185.813, lauv-roald, SmartX, 3.157
1622115186.313, lauv-roald, SmartX, 3.157
1622115186.813, lauv-roald, SmartX, 3.156
1622115187.313, lauv-roald, SmartX, 3.156
1622115187.813, lauv-roald, SmartX, 3.156
1622115188.313, lauv-roald, SmartX, 3.156
1622115188.813, lauv-roald, SmartX, 3.156
1622115189.313, lauv-roald, SmartX, 3.156
1622115189.813, lauv-roald, SmartX, 3.156
1622115190.313, lauv-roald, SmartX, 3.156
1622115190.813, lauv-roald, SmartX, 3.155
1622115191.313, lauv-roald, SmartX, 3.155
1622115191.813, lauv-roald, SmartX, 3.156
1622115192.313, lauv-roald, SmartX, 3.156
1622115192.813, lauv-roald, SmartX, 3.156
1622115193.313, lauv-roald, SmartX, 3.155
1622115193.813, lauv-roald, SmartX, 3.155
1622115194.313, lauv-roald, SmartX, 3.155
1622115194.813, lauv-roald, SmartX, 3.155
1622115195.313, lauv-roald, SmartX, 3.155
1622115195.813, lauv-roald, SmartX, 3.156
1622115196.313, lauv-roald, SmartX, 3.155
1622115196.813, lauv-roald, SmartX, 3.156
1622115197.312, lauv-roald, SmartX, 3.156
1622115197.813, lauv-roald, SmartX, 3.156
1622115198.313, lauv-roald, SmartX, 3.156
1622115198.812, lauv-roald, SmartX, 3.157
1622115199.313, lauv-roald, SmartX, 3.156
1622115199.812, lauv-roald, SmartX, 3.156
1622115200.312, lauv-roald, SmartX, 3.156
1622115200.812, lauv-roald, SmartX, 3.155
1622115201.312, lauv-roald, SmartX, 3.155
1622115201.812, lauv-roald, SmartX, 3.155
1622115202.312, lauv-roald, SmartX, 3.155
1622115202.812, lauv-roald, SmartX, 3.155
1622115203.312, lauv-roald, SmartX, 3.155
1622115203.812, lauv-roald, SmartX, 3.155
1622115204.312, lauv-roald, SmartX, 3.155
1622115204.812, lauv-roald, SmartX, 3.155
1622115205.312, lauv-roald, SmartX, 3.155
1622115205.812, lauv-roald, SmartX, 3.155
1622115206.312, lauv-roald, SmartX, 3.155
1622115206.812, lauv-roald, SmartX, 3.155
1622115207.312, lauv-roald, SmartX, 3.155
1622115207.812, lauv-roald, SmartX, 3.155
1622115208.312, lauv-roald, SmartX, 3.155
1622115208.812, lauv-roald, SmartX, 3.155
1622115209.312, lauv-roald, SmartX, 3.155
1622115209.812, lauv-roald, SmartX, 3.155
1622115210.312, lauv-roald, SmartX, 3.155
1622115210.812, lauv-roald, SmartX, 3.155
1622115211.312, lauv-roald, SmartX, 3.155
1622115211.812, lauv-roald, SmartX, 3.155
1622115212.311, lauv-roald, SmartX, 3.155
1622115212.812, lauv-roald, SmartX, 3.155
1622115213.311, lauv-roald, SmartX, 3.155
1622115213.812, lauv-roald, SmartX, 3.155
1622115214.311, lauv-roald, SmartX, 3.155
1622115214.811, lauv-roald, SmartX, 3.155
1622115215.311, lauv-roald, SmartX, 3.154
1622115215.811, lauv-roald, SmartX, 3.154
1622115216.311, lauv-roald, SmartX, 3.154
1622115216.811, lauv-roald, SmartX, 3.154
1622115217.311, lauv-roald, SmartX, 3.154
1622115217.811, lauv-roald, SmartX, 3.154
1622115218.311, lauv-roald, SmartX, 3.154
1622115218.811, lauv-roald, SmartX, 3.154
1622115219.311, lauv-roald, SmartX, 3.154
1622115219.811, lauv-roald, SmartX, 3.154
1622115220.311, lauv-roald, SmartX, 3.154
1622115220.811, lauv-roald, SmartX, 3.154
1622115221.311, lauv-roald, SmartX, 3.154
1622115221.811, lauv-roald, SmartX, 3.154
1622115222.311, lauv-roald, SmartX, 3.153
1622115222.811, lauv-roald, SmartX, 3.153
1622115223.311, lauv-roald, SmartX, 3.154
1622115223.811, lauv-roald, SmartX, 3.154
1622115224.311, lauv-roald, SmartX, 3.153
1622115224.812, lauv-roald, SmartX, 3.154
1622115225.311, lauv-roald, SmartX, 3.153
1622115225.811, lauv-roald, SmartX, 3.154
1622115226.311, lauv-roald, SmartX, 3.154
1622115226.811, lauv-roald, SmartX, 3.154
1622115227.311, lauv-roald, SmartX, 3.154
1622115227.811, lauv-roald, SmartX, 3.154
1622115228.311, lauv-roald, SmartX, 3.154
1622115228.810, lauv-roald, SmartX, 3.154
1622115229.310, lauv-roald, SmartX, 3.154
1622115229.810, lauv-roald, SmartX, 3.154
1622115230.310, lauv-roald, SmartX, 3.153
1622115230.810, lauv-roald, SmartX, 3.153
1622115231.310, lauv-roald, SmartX, 3.152
1622115231.810, lauv-roald, SmartX, 3.152
1622115232.310, lauv-roald, SmartX, 3.152
1622115232.810, lauv-roald, SmartX, 3.152
1622115233.310, lauv-roald, SmartX, 3.152
1622115233.810, lauv-roald, SmartX, 3.152
1622115234.310, lauv-roald, SmartX, 3.152
1622115234.810, lauv-roald, SmartX, 3.152
1622115235.310, lauv-roald, SmartX, 3.153
1622115235.810, lauv-roald, SmartX, 3.153
1622115236.310, lauv-roald, SmartX, 3.152
1622115236.810, lauv-roald, SmartX, 3.152
1622115237.310, lauv-roald, SmartX, 3.152
1622115237.810, lauv-roald, SmartX, 3.152
1622115238.310, lauv-roald, SmartX, 3.152
1622115238.810, lauv-roald, SmartX, 3.152
1622115239.310, lauv-roald, SmartX, 3.152
1622115239.810, lauv-roald, SmartX, 3.152
1622115240.310, lauv-roald, SmartX, 3.151
1622115240.810, lauv-roald, SmartX, 3.152
1622115241.310, lauv-roald, SmartX, 3.152
1622115241.809, lauv-roald, SmartX, 3.151
1622115242.309, lauv-roald, SmartX, 3.151
1622115242.809, lauv-roald, SmartX, 3.151
1622115243.309, lauv-roald, SmartX, 3.150
1622115243.809, lauv-roald, SmartX, 3.150
1622115244.310, lauv-roald, SmartX, 3.150
1622115244.809, lauv-roald, SmartX, 3.150
1622115245.309, lauv-roald, SmartX, 3.150
1622115245.809, lauv-roald, SmartX, 3.151
1622115246.309, lauv-roald, SmartX, 3.151
1622115246.809, lauv-roald, SmartX, 3.151
1622115247.309, lauv-roald, SmartX, 3.151
1622115247.809, lauv-roald, SmartX, 3.151
1622115248.309, lauv-roald, SmartX, 3.151
1622115248.809, lauv-roald, SmartX, 3.151
1622115249.309, lauv-roald, SmartX, 3.151
1622115249.809, lauv-roald, SmartX, 3.151
1622115250.309, lauv-roald, SmartX, 3.150
1622115250.809, lauv-roald, SmartX, 3.150
1622115251.309, lauv-roald, SmartX, 3.150
1622115251.809, lauv-roald, SmartX, 3.149
1622115252.309, lauv-roald, SmartX, 3.149
1622115252.809, lauv-roald, SmartX, 3.149
1622115253.309, lauv-roald, SmartX, 3.149
1622115253.809, lauv-roald, SmartX, 3.149
1622115254.310, lauv-roald, SmartX, 3.149
1622115254.809, lauv-roald, SmartX, 3.149
1622115255.309, lauv-roald, SmartX, 3.149
1622115255.809, lauv-roald, SmartX, 3.149
1622115256.308, lauv-roald, SmartX, 3.150
1622115256.808, lauv-roald, SmartX, 3.150
1622115257.308, lauv-roald, SmartX, 3.150
1622115257.808, lauv-roald, SmartX, 3.150
1622115258.308, lauv-roald, SmartX, 3.150
1622115258.808, lauv-roald, SmartX, 3.149
1622115259.308, lauv-roald, SmartX, 3.149
1622115259.808, lauv-roald, SmartX, 3.148
1622115260.308, lauv-roald, SmartX, 3.148
1622115260.808, lauv-roald, SmartX, 3.148
1622115261.308, lauv-roald, SmartX, 3.148
1622115261.808, lauv-roald, SmartX, 3.148
1622115262.308, lauv-roald, SmartX, 3.148
1622115262.808, lauv-roald, SmartX, 3.149
1622115263.308, lauv-roald, SmartX, 3.149
1622115263.808, lauv-roald, SmartX, 3.150
1622115264.308, lauv-roald, SmartX, 3.149
1622115264.808, lauv-roald, SmartX, 3.149
1622115265.308, lauv-roald, SmartX, 3.148
1622115265.808, lauv-roald, SmartX, 3.148
1622115266.308, lauv-roald, SmartX, 3.148
1622115266.808, lauv-roald, SmartX, 3.148
1622115267.308, lauv-roald, SmartX, 3.148
1622115267.808, lauv-roald, SmartX, 3.148
1622115268.308, lauv-roald, SmartX, 3.147
1622115268.808, lauv-roald, SmartX, 3.148
1622115269.308, lauv-roald, SmartX, 3.148
1622115269.808, lauv-roald, SmartX, 3.148
1622115270.308, lauv-roald, SmartX, 3.148
1622115270.808, lauv-roald, SmartX, 3.148
1622115271.307, lauv-roald, SmartX, 3.148
1622115271.807, lauv-roald, SmartX, 3.148
1622115272.307, lauv-roald, SmartX, 3.148
1622115272.807, lauv-roald, SmartX, 3.148
1622115273.307, lauv-roald, SmartX, 3.149
1622115273.807, lauv-roald, SmartX, 3.149
1622115274.307, lauv-roald, SmartX, 3.148
1622115274.807, lauv-roald, SmartX, 3.148
1622115275.307, lauv-roald, SmartX, 3.148
1622115275.807, lauv-roald, SmartX, 3.148
1622115276.307, lauv-roald, SmartX, 3.148
1622115276.807, lauv-roald, SmartX, 3.148
1622115277.307, lauv-roald, SmartX, 3.148
1622115277.807, lauv-roald, SmartX, 3.148
1622115278.307, lauv-roald, SmartX, 3.148
1622115278.807, lauv-roald, SmartX, 3.148
1622115279.307, lauv-roald, SmartX, 3.148
1622115279.807, lauv-roald, SmartX, 3.148
1622115280.307, lauv-roald, SmartX, 3.148
1622115280.807, lauv-roald, SmartX, 3.148
1622115281.307, lauv-roald, SmartX, 3.147
1622115281.808, lauv-roald, SmartX, 3.147
1622115282.307, lauv-roald, SmartX, 3.147
1622115282.807, lauv-roald, SmartX, 3.147
1622115283.307, lauv-roald, SmartX, 3.147
1622115283.807, lauv-roald, SmartX, 3.147
1622115284.307, lauv-roald, SmartX, 3.146
1622115284.807, lauv-roald, SmartX, 3.146
1622115285.307, lauv-roald, SmartX, 3.146
1622115285.807, lauv-roald, SmartX, 3.146
1622115286.307, lauv-roald, SmartX, 3.146
1622115286.807, lauv-roald, SmartX, 3.146
1622115287.306, lauv-roald, SmartX, 3.146
1622115287.807, lauv-roald, SmartX, 3.146
1622115288.306, lauv-roald, SmartX, 3.146
1622115288.806, lauv-roald, SmartX, 3.147
1622115289.306, lauv-roald, SmartX, 3.146
1622115289.806, lauv-roald, SmartX, 3.146
1622115290.306, lauv-roald, SmartX, 3.146
1622115290.806, lauv-roald, SmartX, 3.145
1622115291.306, lauv-roald, SmartX, 3.145
1622115291.806, lauv-roald, SmartX, 3.145
1622115292.306, lauv-roald, SmartX, 3.145
1622115292.806, lauv-roald, SmartX, 3.145
1622115293.306, lauv-roald, SmartX, 3.145
1622115293.806, lauv-roald, SmartX, 3.145
1622115294.306, lauv-roald, SmartX, 3.145
1622115294.806, lauv-roald, SmartX, 3.145
1622115295.306, lauv-roald, SmartX, 3.145
1622115295.806, lauv-roald, SmartX, 3.145
1622115296.306, lauv-roald, SmartX, 3.145
1622115296.806, lauv-roald, SmartX, 3.145
1622115297.306, lauv-roald, SmartX, 3.145
1622115297.806, lauv-roald, SmartX, 3.145
1622115298.306, lauv-roald, SmartX, 3.145
1622115298.806, lauv-roald, SmartX, 3.145
1622115299.306, lauv-roald, SmartX, 3.145
1622115299.805, lauv-roald, SmartX, 3.145
1622115300.305, lauv-roald, SmartX, 3.145
1622115300.805, lauv-roald, SmartX, 3.145
1622115301.305, lauv-roald, SmartX, 3.145
1622115301.805, lauv-roald, SmartX, 3.145
1622115302.305, lauv-roald, SmartX, 3.145
1622115302.805, lauv-roald, SmartX, 3.145
1622115303.305, lauv-roald, SmartX, 3.145
1622115303.805, lauv-roald, SmartX, 3.144
1622115304.305, lauv-roald, SmartX, 3.144
1622115304.805, lauv-roald, SmartX, 3.144
1622115305.305, lauv-roald, SmartX, 3.144
1622115305.805, lauv-roald, SmartX, 3.144
1622115306.305, lauv-roald, SmartX, 3.144
1622115306.806, lauv-roald, SmartX, 3.144
1622115307.305, lauv-roald, SmartX, 3.144
1622115307.805, lauv-roald, SmartX, 3.144
1622115308.305, lauv-roald, SmartX, 3.144
1622115308.805, lauv-roald, SmartX, 3.143
1622115309.305, lauv-roald, SmartX, 3.143
1622115309.805, lauv-roald, SmartX, 3.143
1622115310.305, lauv-roald, SmartX, 3.143
1622115310.805, lauv-roald, SmartX, 3.144
1622115311.305, lauv-roald, SmartX, 3.143
1622115311.805, lauv-roald, SmartX, 3.144
1622115312.305, lauv-roald, SmartX, 3.144
1622115312.805, lauv-roald, SmartX, 3.143
1622115313.305, lauv-roald, SmartX, 3.143
1622115313.805, lauv-roald, SmartX, 3.142
1622115314.304, lauv-roald, SmartX, 3.142
1622115314.805, lauv-roald, SmartX, 3.142
1622115315.305, lauv-roald, SmartX, 3.141
1622115315.805, lauv-roald, SmartX, 3.142
1622115316.304, lauv-roald, SmartX, 3.142
1622115316.804, lauv-roald, SmartX, 3.142
1622115317.304, lauv-roald, SmartX, 3.142
1622115317.804, lauv-roald, SmartX, 3.142
1622115318.304, lauv-roald, SmartX, 3.142
1622115318.804, lauv-roald, SmartX, 3.142
1622115319.304, lauv-roald, SmartX, 3.142
1622115319.804, lauv-roald, SmartX, 3.143
1622115320.304, lauv-roald, SmartX, 3.142
1622115320.804, lauv-roald, SmartX, 3.142
1622115321.304, lauv-roald, SmartX, 3.142
1622115321.804, lauv-roald, SmartX, 3.142
1622115322.304, lauv-roald, SmartX, 3.140
1622115322.804, lauv-roald, SmartX, 3.140
1622115323.304, lauv-roald, SmartX, 3.140
1622115323.804, lauv-roald, SmartX, 3.141
1622115324.304, lauv-roald, SmartX, 3.140
1622115324.804, lauv-roald, SmartX, 3.140
1622115325.304, lauv-roald, SmartX, 3.139
1622115325.804, lauv-roald, SmartX, 3.139
1622115326.304, lauv-roald, SmartX, 3.139
1622115326.804, lauv-roald, SmartX, 3.139
1622115327.304, lauv-roald, SmartX, 3.139
1622115327.804, lauv-roald, SmartX, 3.139
1622115328.304, lauv-roald, SmartX, 3.139
1622115328.804, lauv-roald, SmartX, 3.139
1622115329.304, lauv-roald, SmartX, 3.138
1622115329.804, lauv-roald, SmartX, 3.139
1622115330.304, lauv-roald, SmartX, 3.139
1622115330.804, lauv-roald, SmartX, 3.139
1622115331.303, lauv-roald, SmartX, 3.139
1622115331.803, lauv-roald, SmartX, 3.139
1622115332.303, lauv-roald, SmartX, 3.138
1622115332.804, lauv-roald, SmartX, 3.139
1622115333.303, lauv-roald, SmartX, 3.139
1622115333.803, lauv-roald, SmartX, 3.139
1622115334.303, lauv-roald, SmartX, 3.139
1622115334.803, lauv-roald, SmartX, 3.139
1622115335.303, lauv-roald, SmartX, 3.139
1622115335.803, lauv-roald, SmartX, 3.138
1622115336.303, lauv-roald, SmartX, 3.138
1622115336.803, lauv-roald, SmartX, 3.138
1622115337.303, lauv-roald, SmartX, 3.138
1622115337.803, lauv-roald, SmartX, 3.138
1622115338.303, lauv-roald, SmartX, 3.137
1622115338.803, lauv-roald, SmartX, 3.137
1622115339.303, lauv-roald, SmartX, 3.137
1622115339.803, lauv-roald, SmartX, 3.137
1622115340.303, lauv-roald, SmartX, 3.138
1622115340.803, lauv-roald, SmartX, 3.137
1622115341.303, lauv-roald, SmartX, 3.138
1622115341.803, lauv-roald, SmartX, 3.138
1622115342.302, lauv-roald, SmartX, 3.138
1622115342.803, lauv-roald, SmartX, 3.137
1622115343.303, lauv-roald, SmartX, 3.137
1622115343.802, lauv-roald, SmartX, 3.137
1622115344.302, lauv-roald, SmartX, 3.137
1622115344.802, lauv-roald, SmartX, 3.137
1622115345.303, lauv-roald, SmartX, 3.137
1622115345.803, lauv-roald, SmartX, 3.138
1622115346.302, lauv-roald, SmartX, 3.137
1622115346.802, lauv-roald, SmartX, 3.137
1622115347.303, lauv-roald, SmartX, 3.137
1622115347.802, lauv-roald, SmartX, 3.137
1622115348.302, lauv-roald, SmartX, 3.136
1622115348.802, lauv-roald, SmartX, 3.136
1622115349.303, lauv-roald, SmartX, 3.136
1622115349.802, lauv-roald, SmartX, 3.136
1622115350.302, lauv-roald, SmartX, 3.136
1622115350.802, lauv-roald, SmartX, 3.136
1622115351.303, lauv-roald, SmartX, 3.136
1622115351.802, lauv-roald, SmartX, 3.137
1622115352.302, lauv-roald, SmartX, 3.137
1622115352.802, lauv-roald, SmartX, 3.137
1622115353.302, lauv-roald, SmartX, 3.137
1622115353.802, lauv-roald, SmartX, 3.137
1622115354.302, lauv-roald, SmartX, 3.137
1622115354.802, lauv-roald, SmartX, 3.137
1622115355.302, lauv-roald, SmartX, 3.137
1622115355.802, lauv-roald, SmartX, 3.138
1622115356.302, lauv-roald, SmartX, 3.138
1622115356.802, lauv-roald, SmartX, 3.137
1622115357.302, lauv-roald, SmartX, 3.137
1622115357.802, lauv-roald, SmartX, 3.137
1622115358.301, lauv-roald, SmartX, 3.137
1622115358.802, lauv-roald, SmartX, 3.137
1622115359.301, lauv-roald, SmartX, 3.137
1622115359.802, lauv-roald, SmartX, 3.137
1622115360.301, lauv-roald, SmartX, 3.137
1622115360.801, lauv-roald, SmartX, 3.137
1622115361.301, lauv-roald, SmartX, 3.137
1622115361.801, lauv-roald, SmartX, 3.137
1622115362.301, lauv-roald, SmartX, 3.137
1622115362.801, lauv-roald, SmartX, 3.137
1622115363.301, lauv-roald, SmartX, 3.137
1622115363.801, lauv-roald, SmartX, 3.137
1622115364.301, lauv-roald, SmartX, 3.137
1622115364.801, lauv-roald, SmartX, 3.137
1622115365.301, lauv-roald, SmartX, 3.137
1622115365.801, lauv-roald, SmartX, 3.137
1622115366.301, lauv-roald, SmartX, 3.137
1622115366.801, lauv-roald, SmartX, 3.138
1622115367.301, lauv-roald, SmartX, 3.138
1622115367.801, lauv-roald, SmartX, 3.138
1622115368.301, lauv-roald, SmartX, 3.137
1622115368.801, lauv-roald, SmartX, 3.136
1622115369.301, lauv-roald, SmartX, 3.136
1622115369.801, lauv-roald, SmartX, 3.134
1622115370.301, lauv-roald, SmartX, 3.132
1622115370.801, lauv-roald, SmartX, 3.132
1622115371.301, lauv-roald, SmartX, 3.131
1622115371.801, lauv-roald, SmartX, 3.130
1622115372.301, lauv-roald, SmartX, 3.129
1622115372.801, lauv-roald, SmartX, 3.129
1622115373.301, lauv-roald, SmartX, 3.129
1622115373.801, lauv-roald, SmartX, 3.129
1622115374.301, lauv-roald, SmartX, 3.129
1622115374.800, lauv-roald, SmartX, 3.129
1622115375.300, lauv-roald, SmartX, 3.129
1622115375.801, lauv-roald, SmartX, 3.129
1622115376.300, lauv-roald, SmartX, 3.129
1622115376.800, lauv-roald, SmartX, 3.129
1622115377.300, lauv-roald, SmartX, 3.129
1622115377.800, lauv-roald, SmartX, 3.130
1622115378.300, lauv-roald, SmartX, 3.130
1622115378.800, lauv-roald, SmartX, 3.131
1622115379.300, lauv-roald, SmartX, 3.131
1622115379.800, lauv-roald, SmartX, 3.131
1622115380.300, lauv-roald, SmartX, 3.131
1622115380.800, lauv-roald, SmartX, 3.131
1622115381.300, lauv-roald, SmartX, 3.131
1622115381.800, lauv-roald, SmartX, 3.131
1622115382.300, lauv-roald, SmartX, 3.131
1622115382.800, lauv-roald, SmartX, 3.130
1622115383.300, lauv-roald, SmartX, 3.130
1622115383.800, lauv-roald, SmartX, 3.130
1622115384.300, lauv-roald, SmartX, 3.130
1622115384.800, lauv-roald, SmartX, 3.129
1622115385.300, lauv-roald, SmartX, 3.129
1622115385.800, lauv-roald, SmartX, 3.130
1622115386.299, lauv-roald, SmartX, 3.131
1622115386.800, lauv-roald, SmartX, 3.131
1622115387.300, lauv-roald, SmartX, 3.131
1622115387.800, lauv-roald, SmartX, 3.133
1622115388.299, lauv-roald, SmartX, 3.133
1622115388.802, lauv-roald, SmartX, 3.135
1622115389.299, lauv-roald, SmartX, 3.135
1622115389.799, lauv-roald, SmartX, 3.136
1622115390.299, lauv-roald, SmartX, 3.138
1622115390.799, lauv-roald, SmartX, 3.139
1622115391.299, lauv-roald, SmartX, 3.139
1622115391.799, lauv-roald, SmartX, 3.140
1622115392.299, lauv-roald, SmartX, 3.140
1622115392.799, lauv-roald, SmartX, 3.140
1622115393.299, lauv-roald, SmartX, 3.140
1622115393.799, lauv-roald, SmartX, 3.140
1622115394.299, lauv-roald, SmartX, 3.140
1622115394.799, lauv-roald, SmartX, 3.141
1622115395.299, lauv-roald, SmartX, 3.140
1622115395.799, lauv-roald, SmartX, 3.140
1622115396.299, lauv-roald, SmartX, 3.139
1622115396.799, lauv-roald, SmartX, 3.139
1622115397.299, lauv-roald, SmartX, 3.138
1622115397.799, lauv-roald, SmartX, 3.139
1622115398.299, lauv-roald, SmartX, 3.138
1622115398.799, lauv-roald, SmartX, 3.138
1622115399.299, lauv-roald, SmartX, 3.138
1622115399.799, lauv-roald, SmartX, 3.138
1622115400.299, lauv-roald, SmartX, 3.138
1622115400.799, lauv-roald, SmartX, 3.138
1622115401.299, lauv-roald, SmartX, 3.137
1622115401.799, lauv-roald, SmartX, 3.138
1622115402.299, lauv-roald, SmartX, 3.138
1622115402.799, lauv-roald, SmartX, 3.138
1622115403.299, lauv-roald, SmartX, 3.137
1622115403.799, lauv-roald, SmartX, 3.138
1622115404.299, lauv-roald, SmartX, 3.138
1622115404.799, lauv-roald, SmartX, 3.138
1622115405.299, lauv-roald, SmartX, 3.138
1622115405.798, lauv-roald, SmartX, 3.138
1622115406.298, lauv-roald, SmartX, 3.138
1622115406.798, lauv-roald, SmartX, 3.139
1622115407.298, lauv-roald, SmartX, 3.139
1622115407.798, lauv-roald, SmartX, 3.140
1622115408.298, lauv-roald, SmartX, 3.140
1622115408.798, lauv-roald, SmartX, 3.142
1622115409.298, lauv-roald, SmartX, 3.142
1622115409.798, lauv-roald, SmartX, 3.140
1622115410.298, lauv-roald, SmartX, 3.139
1622115410.798, lauv-roald, SmartX, 3.139
1622115411.298, lauv-roald, SmartX, 3.139
1622115411.798, lauv-roald, SmartX, 3.139
1622115412.298, lauv-roald, SmartX, 3.139
1622115412.798, lauv-roald, SmartX, 3.139
1622115413.298, lauv-roald, SmartX, 3.139
1622115413.798, lauv-roald, SmartX, 3.139
1622115414.298, lauv-roald, SmartX, 3.138
1622115414.798, lauv-roald, SmartX, 3.138
1622115415.298, lauv-roald, SmartX, 3.138
1622115415.798, lauv-roald, SmartX, 3.138
1622115416.298, lauv-roald, SmartX, 3.137
1622115416.798, lauv-roald, SmartX, 3.137
1622115417.298, lauv-roald, SmartX, 3.137
1622115417.798, lauv-roald, SmartX, 3.137
1622115418.297, lauv-roald, SmartX, 3.137
1622115418.798, lauv-roald, SmartX, 3.138
1622115419.298, lauv-roald, SmartX, 3.139
1622115419.797, lauv-roald, SmartX, 3.141
1622115420.297, lauv-roald, SmartX, 3.141
1622115420.797, lauv-roald, SmartX, 3.142
1622115421.297, lauv-roald, SmartX, 3.142
1622115421.797, lauv-roald, SmartX, 3.143
1622115422.297, lauv-roald, SmartX, 3.143
1622115422.797, lauv-roald, SmartX, 3.144
1622115423.297, lauv-roald, SmartX, 3.143
1622115423.797, lauv-roald, SmartX, 3.142
1622115424.297, lauv-roald, SmartX, 3.140
1622115424.797, lauv-roald, SmartX, 3.139
1622115425.297, lauv-roald, SmartX, 3.138
1622115425.797, lauv-roald, SmartX, 3.137
1622115426.297, lauv-roald, SmartX, 3.137
1622115426.797, lauv-roald, SmartX, 3.137
1622115427.297, lauv-roald, SmartX, 3.136
1622115427.797, lauv-roald, SmartX, 3.137
1622115428.297, lauv-roald, SmartX, 3.136
1622115428.797, lauv-roald, SmartX, 3.136
1622115429.297, lauv-roald, SmartX, 3.136
1622115429.797, lauv-roald, SmartX, 3.136
1622115430.297, lauv-roald, SmartX, 3.136
1622115430.797, lauv-roald, SmartX, 3.136
1622115431.297, lauv-roald, SmartX, 3.136
1622115431.796, lauv-roald, SmartX, 3.136
1622115432.297, lauv-roald, SmartX, 3.136
1622115432.797, lauv-roald, SmartX, 3.136
1622115433.297, lauv-roald, SmartX, 3.135
1622115433.797, lauv-roald, SmartX, 3.136
1622115434.297, lauv-roald, SmartX, 3.135
1622115434.796, lauv-roald, SmartX, 3.136
1622115435.297, lauv-roald, SmartX, 3.135
1622115435.796, lauv-roald, SmartX, 3.135
1622115436.296, lauv-roald, SmartX, 3.136
1622115436.796, lauv-roald, SmartX, 3.136
1622115437.296, lauv-roald, SmartX, 3.137
1622115437.796, lauv-roald, SmartX, 3.138
1622115438.296, lauv-roald, SmartX, 3.138
1622115438.796, lauv-roald, SmartX, 3.138
1622115439.296, lauv-roald, SmartX, 3.138
1622115439.796, lauv-roald, SmartX, 3.138
1622115440.296, lauv-roald, SmartX, 3.138
1622115440.796, lauv-roald, SmartX, 3.138
1622115441.296, lauv-roald, SmartX, 3.138
1622115441.796, lauv-roald, SmartX, 3.138
1622115442.296, lauv-roald, SmartX, 3.138
1622115442.796, lauv-roald, SmartX, 3.138
1622115443.296, lauv-roald, SmartX, 3.138
1622115443.796, lauv-roald, SmartX, 3.137
1622115444.296, lauv-roald, SmartX, 3.137
1622115444.796, lauv-roald, SmartX, 3.137
1622115445.296, lauv-roald, SmartX, 3.137
1622115445.796, lauv-roald, SmartX, 3.137
1622115446.296, lauv-roald, SmartX, 3.137
1622115446.796, lauv-roald, SmartX, 3.137
1622115447.296, lauv-roald, SmartX, 3.138
1622115447.795, lauv-roald, SmartX, 3.138
1622115448.296, lauv-roald, SmartX, 3.138
1622115448.796, lauv-roald, SmartX, 3.138
1622115449.295, lauv-roald, SmartX, 3.138
1622115449.795, lauv-roald, SmartX, 3.137
1622115450.295, lauv-roald, SmartX, 3.137
1622115450.795, lauv-roald, SmartX, 3.137
1622115451.295, lauv-roald, SmartX, 3.136
1622115451.795, lauv-roald, SmartX, 3.136
1622115452.295, lauv-roald, SmartX, 3.136
1622115452.795, lauv-roald, SmartX, 3.136
1622115453.295, lauv-roald, SmartX, 3.136
1622115453.795, lauv-roald, SmartX, 3.136
1622115454.295, lauv-roald, SmartX, 3.136
1622115454.795, lauv-roald, SmartX, 3.136
1622115455.295, lauv-roald, SmartX, 3.136
1622115455.795, lauv-roald, SmartX, 3.136
1622115456.295, lauv-roald, SmartX, 3.136
1622115456.795, lauv-roald, SmartX, 3.136
1622115457.296, lauv-roald, SmartX, 3.136
1622115457.795, lauv-roald, SmartX, 3.136
1622115458.295, lauv-roald, SmartX, 3.136
1622115458.795, lauv-roald, SmartX, 3.136
1622115459.295, lauv-roald, SmartX, 3.136
1622115459.795, lauv-roald, SmartX, 3.136
1622115460.295, lauv-roald, SmartX, 3.136
1622115460.795, lauv-roald, SmartX, 3.136
1622115461.296, lauv-roald, SmartX, 3.136
1622115461.795, lauv-roald, SmartX, 3.136
1622115462.295, lauv-roald, SmartX, 3.136
1622115462.794, lauv-roald, SmartX, 3.136
1622115463.295, lauv-roald, SmartX, 3.135
1622115463.795, lauv-roald, SmartX, 3.136
1622115464.294, lauv-roald, SmartX, 3.135
1622115464.795, lauv-roald, SmartX, 3.135
1622115465.296, lauv-roald, SmartX, 3.135
1622115465.794, lauv-roald, SmartX, 3.135
1622115466.294, lauv-roald, SmartX, 3.135
1622115466.794, lauv-roald, SmartX, 3.135
1622115467.294, lauv-roald, SmartX, 3.135
1622115467.794, lauv-roald, SmartX, 3.135
1622115468.294, lauv-roald, SmartX, 3.135
1622115468.794, lauv-roald, SmartX, 3.135
1622115469.294, lauv-roald, SmartX, 3.135
1622115469.794, lauv-roald, SmartX, 3.135
1622115470.294, lauv-roald, SmartX, 3.135
1622115470.794, lauv-roald, SmartX, 3.135
1622115471.294, lauv-roald, SmartX, 3.135
1622115471.794, lauv-roald, SmartX, 3.134
1622115472.294, lauv-roald, SmartX, 3.134
1622115472.794, lauv-roald, SmartX, 3.134
1622115473.294, lauv-roald, SmartX, 3.134
1622115473.794, lauv-roald, SmartX, 3.133
1622115474.294, lauv-roald, SmartX, 3.133
1622115474.794, lauv-roald, SmartX, 3.133
1622115475.294, lauv-roald, SmartX, 3.134
1622115475.794, lauv-roald, SmartX, 3.134
1622115476.294, lauv-roald, SmartX, 3.133
1622115476.794, lauv-roald, SmartX, 3.130
1622115477.294, lauv-roald, SmartX, 3.128
1622115477.794, lauv-roald, SmartX, 3.126
1622115478.293, lauv-roald, SmartX, 3.129
1622115478.793, lauv-roald, SmartX, 3.131
1622115479.293, lauv-roald, SmartX, 3.131
1622115479.794, lauv-roald, SmartX, 3.132
1622115480.293, lauv-roald, SmartX, 3.133
1622115480.793, lauv-roald, SmartX, 3.133
1622115481.293, lauv-roald, SmartX, 3.130
1622115481.793, lauv-roald, SmartX, 3.128
1622115482.293, lauv-roald, SmartX, 3.125
1622115482.793, lauv-roald, SmartX, 3.128
1622115483.293, lauv-roald, SmartX, 3.130
1622115483.793, lauv-roald, SmartX, 3.130
1622115484.293, lauv-roald, SmartX, 3.132
1622115484.793, lauv-roald, SmartX, 3.132
1622115485.293, lauv-roald, SmartX, 3.133
1622115485.793, lauv-roald, SmartX, 3.133
1622115486.293, lauv-roald, SmartX, 3.133
1622115486.793, lauv-roald, SmartX, 3.133
1622115487.293, lauv-roald, SmartX, 3.133
1622115487.793, lauv-roald, SmartX, 3.133
1622115488.293, lauv-roald, SmartX, 3.134
1622115488.793, lauv-roald, SmartX, 3.132
1622115489.293, lauv-roald, SmartX, 3.129
1622115489.793, lauv-roald, SmartX, 3.128
1622115490.293, lauv-roald, SmartX, 3.126
1622115490.793, lauv-roald, SmartX, 3.125
1622115491.293, lauv-roald, SmartX, 3.125
1622115491.793, lauv-roald, SmartX, 3.125
1622115492.293, lauv-roald, SmartX, 3.125
1622115492.793, lauv-roald, SmartX, 3.127
1622115493.293, lauv-roald, SmartX, 3.129
1622115493.792, lauv-roald, SmartX, 3.131
1622115494.292, lauv-roald, SmartX, 3.132
1622115494.792, lauv-roald, SmartX, 3.133
1622115495.292, lauv-roald, SmartX, 3.132
1622115495.792, lauv-roald, SmartX, 3.132
1622115496.292, lauv-roald, SmartX, 3.131
1622115496.792, lauv-roald, SmartX, 3.131
1622115497.292, lauv-roald, SmartX, 3.129
1622115497.792, lauv-roald, SmartX, 3.127
1622115498.292, lauv-roald, SmartX, 3.125
1622115498.793, lauv-roald, SmartX, 3.125
1622115499.292, lauv-roald, SmartX, 3.126
1622115499.792, lauv-roald, SmartX, 3.128
1622115500.292, lauv-roald, SmartX, 3.129
1622115500.792, lauv-roald, SmartX, 3.129
1622115501.292, lauv-roald, SmartX, 3.128
1622115501.792, lauv-roald, SmartX, 3.127
1622115502.292, lauv-roald, SmartX, 3.127
1622115502.792, lauv-roald, SmartX, 3.126
1622115503.292, lauv-roald, SmartX, 3.125
1622115503.792, lauv-roald, SmartX, 3.125
1622115504.292, lauv-roald, SmartX, 3.124
1622115504.792, lauv-roald, SmartX, 3.125
1622115505.292, lauv-roald, SmartX, 3.125
1622115505.792, lauv-roald, SmartX, 3.126
1622115506.292, lauv-roald, SmartX, 3.127
1622115506.792, lauv-roald, SmartX, 3.128
1622115507.292, lauv-roald, SmartX, 3.128
1622115507.792, lauv-roald, SmartX, 3.129
1622115508.291, lauv-roald, SmartX, 3.130
1622115508.791, lauv-roald, SmartX, 3.131
1622115509.291, lauv-roald, SmartX, 3.131
1622115509.791, lauv-roald, SmartX, 3.132
1622115510.291, lauv-roald, SmartX, 3.132
1622115510.791, lauv-roald, SmartX, 3.132
1622115511.291, lauv-roald, SmartX, 3.132
1622115511.791, lauv-roald, SmartX, 3.132
1622115512.291, lauv-roald, SmartX, 3.132
1622115512.791, lauv-roald, SmartX, 3.133
1622115513.292, lauv-roald, SmartX, 3.132
1622115513.792, lauv-roald, SmartX, 3.132
1622115514.292, lauv-roald, SmartX, 3.132
1622115514.793, lauv-roald, SmartX, 3.133
1622115515.293, lauv-roald, SmartX, 3.132
1622115515.792, lauv-roald, SmartX, 3.132
1622115516.293, lauv-roald, SmartX, 3.132
1622115516.791, lauv-roald, SmartX, 3.132
1622115517.291, lauv-roald, SmartX, 3.130
1622115517.791, lauv-roald, SmartX, 3.129
1622115518.291, lauv-roald, SmartX, 3.128
1622115518.791, lauv-roald, SmartX, 3.129
1622115519.291, lauv-roald, SmartX, 3.128
1622115519.791, lauv-roald, SmartX, 3.129
1622115520.291, lauv-roald, SmartX, 3.130
1622115520.791, lauv-roald, SmartX, 3.131
1622115521.290, lauv-roald, SmartX, 3.131
1622115521.791, lauv-roald, SmartX, 3.131
1622115522.291, lauv-roald, SmartX, 3.132
1622115522.791, lauv-roald, SmartX, 3.132
1622115523.290, lauv-roald, SmartX, 3.131
1622115523.790, lauv-roald, SmartX, 3.131
1622115524.291, lauv-roald, SmartX, 3.130
1622115524.790, lauv-roald, SmartX, 3.128
1622115525.290, lauv-roald, SmartX, 3.127
1622115525.790, lauv-roald, SmartX, 3.126
1622115526.290, lauv-roald, SmartX, 3.125
1622115526.790, lauv-roald, SmartX, 3.122
1622115527.290, lauv-roald, SmartX, 3.118
1622115527.790, lauv-roald, SmartX, 3.118
1622115528.290, lauv-roald, SmartX, 3.118
1622115528.790, lauv-roald, SmartX, 3.118
1622115529.290, lauv-roald, SmartX, 3.119
1622115529.790, lauv-roald, SmartX, 3.119
1622115530.290, lauv-roald, SmartX, 3.115
1622115530.790, lauv-roald, SmartX, 3.113
1622115531.290, lauv-roald, SmartX, 3.111
1622115531.790, lauv-roald, SmartX, 3.109
1622115532.290, lauv-roald, SmartX, 3.109
1622115532.790, lauv-roald, SmartX, 3.110
1622115533.290, lauv-roald, SmartX, 3.112
1622115533.790, lauv-roald, SmartX, 3.116
1622115534.290, lauv-roald, SmartX, 3.116
1622115534.790, lauv-roald, SmartX, 3.113
1622115535.290, lauv-roald, SmartX, 3.111
1622115535.790, lauv-roald, SmartX, 3.113
1622115536.290, lauv-roald, SmartX, 3.112
1622115536.789, lauv-roald, SmartX, 3.114
1622115537.290, lauv-roald, SmartX, 3.115
1622115537.789, lauv-roald, SmartX, 3.117
1622115538.289, lauv-roald, SmartX, 3.115
1622115538.789, lauv-roald, SmartX, 3.114
1622115539.289, lauv-roald, SmartX, 3.115
1622115539.789, lauv-roald, SmartX, 3.115
1622115540.289, lauv-roald, SmartX, 3.116
1622115540.789, lauv-roald, SmartX, 3.117
1622115541.289, lauv-roald, SmartX, 3.118
1622115541.789, lauv-roald, SmartX, 3.119
1622115542.289, lauv-roald, SmartX, 3.118
1622115542.789, lauv-roald, SmartX, 3.119
1622115543.289, lauv-roald, SmartX, 3.120
1622115543.789, lauv-roald, SmartX, 3.121
1622115544.289, lauv-roald, SmartX, 3.122
1622115544.789, lauv-roald, SmartX, 3.123
1622115545.289, lauv-roald, SmartX, 3.123
1622115545.789, lauv-roald, SmartX, 3.123
1622115546.289, lauv-roald, SmartX, 3.124
1622115546.789, lauv-roald, SmartX, 3.123
1622115547.289, lauv-roald, SmartX, 3.123
1622115547.789, lauv-roald, SmartX, 3.123
1622115548.289, lauv-roald, SmartX, 3.123
1622115548.789, lauv-roald, SmartX, 3.123
1622115549.289, lauv-roald, SmartX, 3.123
1622115549.789, lauv-roald, SmartX, 3.123
1622115550.289, lauv-roald, SmartX, 3.123
1622115550.789, lauv-roald, SmartX, 3.123
1622115551.289, lauv-roald, SmartX, 3.123
1622115551.789, lauv-roald, SmartX, 3.123
1622115552.289, lauv-roald, SmartX, 3.123
1622115552.789, lauv-roald, SmartX, 3.122
1622115553.288, lauv-roald, SmartX, 3.119
1622115553.789, lauv-roald, SmartX, 3.117
1622115554.288, lauv-roald, SmartX, 3.116
1622115554.788, lauv-roald, SmartX, 3.115
1622115555.288, lauv-roald, SmartX, 3.109
1622115555.788, lauv-roald, SmartX, 3.111
1622115556.288, lauv-roald, SmartX, 3.108
1622115556.788, lauv-roald, SmartX, 3.112
1622115557.288, lauv-roald, SmartX, 3.114
1622115557.788, lauv-roald, SmartX, 3.117
1622115558.288, lauv-roald, SmartX, 3.119
1622115558.788, lauv-roald, SmartX, 3.120
1622115559.288, lauv-roald, SmartX, 3.119
1622115559.788, lauv-roald, SmartX, 3.119
1622115560.288, lauv-roald, SmartX, 3.118
1622115560.788, lauv-roald, SmartX, 3.117
1622115561.288, lauv-roald, SmartX, 3.117
1622115561.788, lauv-roald, SmartX, 3.118
1622115562.288, lauv-roald, SmartX, 3.119
1622115562.788, lauv-roald, SmartX, 3.120
1622115563.288, lauv-roald, SmartX, 3.119
1622115563.788, lauv-roald, SmartX, 3.120
1622115564.288, lauv-roald, SmartX, 3.121
1622115564.788, lauv-roald, SmartX, 3.123
1622115565.288, lauv-roald, SmartX, 3.124
1622115565.788, lauv-roald, SmartX, 3.125
1622115566.288, lauv-roald, SmartX, 3.127
1622115566.788, lauv-roald, SmartX, 3.129
1622115567.288, lauv-roald, SmartX, 3.129
1622115567.787, lauv-roald, SmartX, 3.131
1622115568.288, lauv-roald, SmartX, 3.132
1622115568.788, lauv-roald, SmartX, 3.132
1622115569.288, lauv-roald, SmartX, 3.132
1622115569.787, lauv-roald, SmartX, 3.133
1622115570.287, lauv-roald, SmartX, 3.132
1622115570.787, lauv-roald, SmartX, 3.133
1622115571.287, lauv-roald, SmartX, 3.133
1622115571.787, lauv-roald, SmartX, 3.133
1622115572.287, lauv-roald, SmartX, 3.132
1622115572.787, lauv-roald, SmartX, 3.131
1622115573.287, lauv-roald, SmartX, 3.129
1622115573.787, lauv-roald, SmartX, 3.128
1622115574.287, lauv-roald, SmartX, 3.128
1622115574.787, lauv-roald, SmartX, 3.128
1622115575.287, lauv-roald, SmartX, 3.129
1622115575.787, lauv-roald, SmartX, 3.130
1622115576.287, lauv-roald, SmartX, 3.131
1622115576.787, lauv-roald, SmartX, 3.132
1622115577.287, lauv-roald, SmartX, 3.133
1622115577.787, lauv-roald, SmartX, 3.133
1622115578.287, lauv-roald, SmartX, 3.134
1622115578.787, lauv-roald, SmartX, 3.134
1622115579.287, lauv-roald, SmartX, 3.134
1622115579.787, lauv-roald, SmartX, 3.134
1622115580.287, lauv-roald, SmartX, 3.134
1622115580.787, lauv-roald, SmartX, 3.135
1622115581.287, lauv-roald, SmartX, 3.134
1622115581.786, lauv-roald, SmartX, 3.134
1622115582.286, lauv-roald, SmartX, 3.134
1622115582.786, lauv-roald, SmartX, 3.134
1622115583.286, lauv-roald, SmartX, 3.134
1622115583.786, lauv-roald, SmartX, 3.134
1622115584.286, lauv-roald, SmartX, 3.134
1622115584.786, lauv-roald, SmartX, 3.134
1622115585.286, lauv-roald, SmartX, 3.134
1622115585.786, lauv-roald, SmartX, 3.134
1622115586.286, lauv-roald, SmartX, 3.133
1622115586.786, lauv-roald, SmartX, 3.132
1622115587.286, lauv-roald, SmartX, 3.131
1622115587.786, lauv-roald, SmartX, 3.131
1622115588.286, lauv-roald, SmartX, 3.131
1622115588.786, lauv-roald, SmartX, 3.132
1622115589.286, lauv-roald, SmartX, 3.133
1622115589.786, lauv-roald, SmartX, 3.134
1622115590.286, lauv-roald, SmartX, 3.134
1622115590.786, lauv-roald, SmartX, 3.134
1622115591.286, lauv-roald, SmartX, 3.135
1622115591.786, lauv-roald, SmartX, 3.135
1622115592.286, lauv-roald, SmartX, 3.135
1622115592.786, lauv-roald, SmartX, 3.135
1622115593.286, lauv-roald, SmartX, 3.135
1622115593.786, lauv-roald, SmartX, 3.135
1622115594.286, lauv-roald, SmartX, 3.136
1622115594.786, lauv-roald, SmartX, 3.136
1622115595.286, lauv-roald, SmartX, 3.136
1622115595.786, lauv-roald, SmartX, 3.136
1622115596.286, lauv-roald, SmartX, 3.136
1622115596.786, lauv-roald, SmartX, 3.135
1622115597.286, lauv-roald, SmartX, 3.135
1622115597.785, lauv-roald, SmartX, 3.135
1622115598.285, lauv-roald, SmartX, 3.135
1622115598.785, lauv-roald, SmartX, 3.135
1622115599.285, lauv-roald, SmartX, 3.135
1622115599.785, lauv-roald, SmartX, 3.135
1622115600.285, lauv-roald, SmartX, 3.135
1622115600.785, lauv-roald, SmartX, 3.135
1622115601.285, lauv-roald, SmartX, 3.135
1622115601.785, lauv-roald, SmartX, 3.136
1622115602.285, lauv-roald, SmartX, 3.135
1622115602.785, lauv-roald, SmartX, 3.135
1622115603.285, lauv-roald, SmartX, 3.135
1622115603.785, lauv-roald, SmartX, 3.135
1622115604.285, lauv-roald, SmartX, 3.135
1622115604.785, lauv-roald, SmartX, 3.135
1622115605.285, lauv-roald, SmartX, 3.136
1622115605.785, lauv-roald, SmartX, 3.135
1622115606.285, lauv-roald, SmartX, 3.135
1622115606.785, lauv-roald, SmartX, 3.135
1622115607.285, lauv-roald, SmartX, 3.135
1622115607.785, lauv-roald, SmartX, 3.136
1622115608.285, lauv-roald, SmartX, 3.136
1622115608.785, lauv-roald, SmartX, 3.136
1622115609.285, lauv-roald, SmartX, 3.135
1622115609.785, lauv-roald, SmartX, 3.135
1622115610.285, lauv-roald, SmartX, 3.134
1622115610.785, lauv-roald, SmartX, 3.134
1622115611.285, lauv-roald, SmartX, 3.134
1622115611.785, lauv-roald, SmartX, 3.135
1622115612.285, lauv-roald, SmartX, 3.135
1622115612.785, lauv-roald, SmartX, 3.135
1622115613.285, lauv-roald, SmartX, 3.135
1622115613.784, lauv-roald, SmartX, 3.135
1622115614.284, lauv-roald, SmartX, 3.135
1622115614.784, lauv-roald, SmartX, 3.135
1622115615.284, lauv-roald, SmartX, 3.135
1622115615.784, lauv-roald, SmartX, 3.135
1622115616.284, lauv-roald, SmartX, 3.135
1622115616.784, lauv-roald, SmartX, 3.135
1622115617.284, lauv-roald, SmartX, 3.134
1622115617.784, lauv-roald, SmartX, 3.134
1622115618.284, lauv-roald, SmartX, 3.134
1622115618.784, lauv-roald, SmartX, 3.134
1622115619.284, lauv-roald, SmartX, 3.134
1622115619.784, lauv-roald, SmartX, 3.135
1622115620.284, lauv-roald, SmartX, 3.135
1622115620.784, lauv-roald, SmartX, 3.134
1622115621.284, lauv-roald, SmartX, 3.134
1622115621.784, lauv-roald, SmartX, 3.134
1622115622.284, lauv-roald, SmartX, 3.134
1622115622.784, lauv-roald, SmartX, 3.134
1622115623.284, lauv-roald, SmartX, 3.135
1622115623.784, lauv-roald, SmartX, 3.135
1622115624.284, lauv-roald, SmartX, 3.135
1622115624.784, lauv-roald, SmartX, 3.135
1622115625.284, lauv-roald, SmartX, 3.135
1622115625.784, lauv-roald, SmartX, 3.135
1622115626.283, lauv-roald, SmartX, 3.135
1622115626.783, lauv-roald, SmartX, 3.135
1622115627.283, lauv-roald, SmartX, 3.135
1622115627.783, lauv-roald, SmartX, 3.135
1622115628.283, lauv-roald, SmartX, 3.134
1622115628.783, lauv-roald, SmartX, 3.134
1622115629.283, lauv-roald, SmartX, 3.134
1622115629.783, lauv-roald, SmartX, 3.135
1622115630.283, lauv-roald, SmartX, 3.135
1622115630.783, lauv-roald, SmartX, 3.135
1622115631.283, lauv-roald, SmartX, 3.135
1622115631.783, lauv-roald, SmartX, 3.135
1622115632.283, lauv-roald, SmartX, 3.135
1622115632.783, lauv-roald, SmartX, 3.136
1622115633.283, lauv-roald, SmartX, 3.136
1622115633.783, lauv-roald, SmartX, 3.136
1622115634.283, lauv-roald, SmartX, 3.136
1622115634.783, lauv-roald, SmartX, 3.136
1622115635.283, lauv-roald, SmartX, 3.136
1622115635.783, lauv-roald, SmartX, 3.136
1622115636.283, lauv-roald, SmartX, 3.135
1622115636.783, lauv-roald, SmartX, 3.134
1622115637.283, lauv-roald, SmartX, 3.135
1622115637.783, lauv-roald, SmartX, 3.135
1622115638.283, lauv-roald, SmartX, 3.135
1622115638.783, lauv-roald, SmartX, 3.136
1622115639.283, lauv-roald, SmartX, 3.137
1622115639.783, lauv-roald, SmartX, 3.136
1622115640.283, lauv-roald, SmartX, 3.136
1622115640.783, lauv-roald, SmartX, 3.137
1622115641.282, lauv-roald, SmartX, 3.137
1622115641.783, lauv-roald, SmartX, 3.137
1622115642.282, lauv-roald, SmartX, 3.137
1622115642.782, lauv-roald, SmartX, 3.139
1622115643.282, lauv-roald, SmartX, 3.140
1622115643.782, lauv-roald, SmartX, 3.140
1622115644.282, lauv-roald, SmartX, 3.139
1622115644.782, lauv-roald, SmartX, 3.138
1622115645.282, lauv-roald, SmartX, 3.137
1622115645.782, lauv-roald, SmartX, 3.137
1622115646.282, lauv-roald, SmartX, 3.137
1622115646.782, lauv-roald, SmartX, 3.136
1622115647.282, lauv-roald, SmartX, 3.136
1622115647.782, lauv-roald, SmartX, 3.137
1622115648.282, lauv-roald, SmartX, 3.138
1622115648.782, lauv-roald, SmartX, 3.138
1622115649.282, lauv-roald, SmartX, 3.138
1622115649.782, lauv-roald, SmartX, 3.138
1622115650.282, lauv-roald, SmartX, 3.138
1622115650.782, lauv-roald, SmartX, 3.138
1622115651.282, lauv-roald, SmartX, 3.138
1622115651.782, lauv-roald, SmartX, 3.140
1622115652.282, lauv-roald, SmartX, 3.138
1622115652.782, lauv-roald, SmartX, 3.136
1622115653.282, lauv-roald, SmartX, 3.136
1622115653.782, lauv-roald, SmartX, 3.136
1622115654.282, lauv-roald, SmartX, 3.136
1622115654.781, lauv-roald, SmartX, 3.136
1622115655.282, lauv-roald, SmartX, 3.136
1622115655.781, lauv-roald, SmartX, 3.136
1622115656.281, lauv-roald, SmartX, 3.137
1622115656.782, lauv-roald, SmartX, 3.136
1622115657.281, lauv-roald, SmartX, 3.136
1622115657.781, lauv-roald, SmartX, 3.135
1622115658.281, lauv-roald, SmartX, 3.135
1622115658.781, lauv-roald, SmartX, 3.136
1622115659.281, lauv-roald, SmartX, 3.138
1622115659.781, lauv-roald, SmartX, 3.139
1622115660.281, lauv-roald, SmartX, 3.139
1622115660.781, lauv-roald, SmartX, 3.139
1622115661.281, lauv-roald, SmartX, 3.140
1622115661.781, lauv-roald, SmartX, 3.140
1622115662.281, lauv-roald, SmartX, 3.140
1622115662.781, lauv-roald, SmartX, 3.140
1622115663.281, lauv-roald, SmartX, 3.140
1622115663.781, lauv-roald, SmartX, 3.141
1622115664.281, lauv-roald, SmartX, 3.141
1622115664.781, lauv-roald, SmartX, 3.141
1622115665.281, lauv-roald, SmartX, 3.141
1622115665.781, lauv-roald, SmartX, 3.144
1622115666.281, lauv-roald, SmartX, 3.145
1622115666.781, lauv-roald, SmartX, 3.147
1622115667.281, lauv-roald, SmartX, 3.149
1622115667.781, lauv-roald, SmartX, 3.150
1622115668.280, lauv-roald, SmartX, 3.151
1622115668.781, lauv-roald, SmartX, 3.150
1622115669.280, lauv-roald, SmartX, 3.146
1622115669.780, lauv-roald, SmartX, 3.145
1622115670.280, lauv-roald, SmartX, 3.143
1622115670.780, lauv-roald, SmartX, 3.143
1622115671.280, lauv-roald, SmartX, 3.143
1622115671.780, lauv-roald, SmartX, 3.145
1622115672.280, lauv-roald, SmartX, 3.144
1622115672.780, lauv-roald, SmartX, 3.144
1622115673.280, lauv-roald, SmartX, 3.143
1622115673.780, lauv-roald, SmartX, 3.142
1622115674.280, lauv-roald, SmartX, 3.142
1622115674.780, lauv-roald, SmartX, 3.141
1622115675.280, lauv-roald, SmartX, 3.141
1622115675.780, lauv-roald, SmartX, 3.142
1622115676.280, lauv-roald, SmartX, 3.142
1622115676.780, lauv-roald, SmartX, 3.142
1622115677.280, lauv-roald, SmartX, 3.142
1622115677.780, lauv-roald, SmartX, 3.142
1622115678.280, lauv-roald, SmartX, 3.142
1622115678.780, lauv-roald, SmartX, 3.143
1622115679.280, lauv-roald, SmartX, 3.142
1622115679.780, lauv-roald, SmartX, 3.142
1622115680.280, lauv-roald, SmartX, 3.142
1622115680.780, lauv-roald, SmartX, 3.141
1622115681.280, lauv-roald, SmartX, 3.140
1622115681.780, lauv-roald, SmartX, 3.136
1622115682.280, lauv-roald, SmartX, 3.135
1622115682.780, lauv-roald, SmartX, 3.135
1622115683.280, lauv-roald, SmartX, 3.135
1622115683.780, lauv-roald, SmartX, 3.137
1622115684.279, lauv-roald, SmartX, 3.137
1622115684.780, lauv-roald, SmartX, 3.137
1622115685.280, lauv-roald, SmartX, 3.138
1622115685.779, lauv-roald, SmartX, 3.140
1622115686.279, lauv-roald, SmartX, 3.140
1622115686.779, lauv-roald, SmartX, 3.141
1622115687.279, lauv-roald, SmartX, 3.139
1622115687.779, lauv-roald, SmartX, 3.138
1622115688.279, lauv-roald, SmartX, 3.137
1622115688.779, lauv-roald, SmartX, 3.136
1622115689.279, lauv-roald, SmartX, 3.136
1622115689.779, lauv-roald, SmartX, 3.137
1622115690.279, lauv-roald, SmartX, 3.138
1622115690.779, lauv-roald, SmartX, 3.138
1622115691.279, lauv-roald, SmartX, 3.137
1622115691.779, lauv-roald, SmartX, 3.134
1622115692.279, lauv-roald, SmartX, 3.133
1622115692.779, lauv-roald, SmartX, 3.133
1622115693.279, lauv-roald, SmartX, 3.134
1622115693.779, lauv-roald, SmartX, 3.135
1622115694.279, lauv-roald, SmartX, 3.136
1622115694.779, lauv-roald, SmartX, 3.136
1622115695.279, lauv-roald, SmartX, 3.136
1622115695.779, lauv-roald, SmartX, 3.136
1622115696.279, lauv-roald, SmartX, 3.137
1622115696.779, lauv-roald, SmartX, 3.138
1622115697.279, lauv-roald, SmartX, 3.136
1622115697.778, lauv-roald, SmartX, 3.136
1622115698.279, lauv-roald, SmartX, 3.135
1622115698.779, lauv-roald, SmartX, 3.135
1622115699.279, lauv-roald, SmartX, 3.136
1622115699.779, lauv-roald, SmartX, 3.136
1622115700.279, lauv-roald, SmartX, 3.137
1622115700.778, lauv-roald, SmartX, 3.139
1622115701.278, lauv-roald, SmartX, 3.140
1622115701.778, lauv-roald, SmartX, 3.139
1622115702.278, lauv-roald, SmartX, 3.138
1622115702.778, lauv-roald, SmartX, 3.136
1622115703.278, lauv-roald, SmartX, 3.136
1622115703.778, lauv-roald, SmartX, 3.136
1622115704.278, lauv-roald, SmartX, 3.136
1622115704.778, lauv-roald, SmartX, 3.136
1622115705.278, lauv-roald, SmartX, 3.137
1622115705.778, lauv-roald, SmartX, 3.140
1622115706.278, lauv-roald, SmartX, 3.141
1622115706.778, lauv-roald, SmartX, 3.141
1622115707.278, lauv-roald, SmartX, 3.141
1622115707.778, lauv-roald, SmartX, 3.141
1622115708.278, lauv-roald, SmartX, 3.141
1622115708.778, lauv-roald, SmartX, 3.141
1622115709.278, lauv-roald, SmartX, 3.141
1622115709.778, lauv-roald, SmartX, 3.141
1622115710.278, lauv-roald, SmartX, 3.141
1622115710.778, lauv-roald, SmartX, 3.142
1622115711.278, lauv-roald, SmartX, 3.142
1622115711.778, lauv-roald, SmartX, 3.142
1622115712.278, lauv-roald, SmartX, 3.142
1622115712.778, lauv-roald, SmartX, 3.142
1622115713.277, lauv-roald, SmartX, 3.142
1622115713.778, lauv-roald, SmartX, 3.142
1622115714.277, lauv-roald, SmartX, 3.142
1622115714.777, lauv-roald, SmartX, 3.142
1622115715.277, lauv-roald, SmartX, 3.142
1622115715.777, lauv-roald, SmartX, 3.141
1622115716.277, lauv-roald, SmartX, 3.142
1622115716.777, lauv-roald, SmartX, 3.142
1622115717.277, lauv-roald, SmartX, 3.141
1622115717.777, lauv-roald, SmartX, 3.141
1622115718.277, lauv-roald, SmartX, 3.141
1622115718.777, lauv-roald, SmartX, 3.141
1622115719.277, lauv-roald, SmartX, 3.141
1622115719.777, lauv-roald, SmartX, 3.141
1622115720.277, lauv-roald, SmartX, 3.141
1622115720.777, lauv-roald, SmartX, 3.142
1622115721.277, lauv-roald, SmartX, 3.142
1622115721.777, lauv-roald, SmartX, 3.141
1622115722.277, lauv-roald, SmartX, 3.142
1622115722.777, lauv-roald, SmartX, 3.142
1622115723.277, lauv-roald, SmartX, 3.141
1622115723.777, lauv-roald, SmartX, 3.141
1622115724.277, lauv-roald, SmartX, 3.142
1622115724.777, lauv-roald, SmartX, 3.142
1622115725.277, lauv-roald, SmartX, 3.142
1622115725.777, lauv-roald, SmartX, 3.142
1622115726.277, lauv-roald, SmartX, 3.142
1622115726.777, lauv-roald, SmartX, 3.142
1622115727.277, lauv-roald, SmartX, 3.142
1622115727.777, lauv-roald, SmartX, 3.142
1622115728.276, lauv-roald, SmartX, 3.142
1622115728.776, lauv-roald, SmartX, 3.142
1622115729.276, lauv-roald, SmartX, 3.142
1622115729.776, lauv-roald, SmartX, 3.142
1622115730.276, lauv-roald, SmartX, 3.141
1622115730.776, lauv-roald, SmartX, 3.141
1622115731.276, lauv-roald, SmartX, 3.140
1622115731.776, lauv-roald, SmartX, 3.140
1622115732.276, lauv-roald, SmartX, 3.136
1622115732.776, lauv-roald, SmartX, 3.136
1622115733.276, lauv-roald, SmartX, 3.136
1622115733.776, lauv-roald, SmartX, 3.137
1622115734.276, lauv-roald, SmartX, 3.136
1622115734.776, lauv-roald, SmartX, 3.136
1622115735.276, lauv-roald, SmartX, 3.136
1622115735.776, lauv-roald, SmartX, 3.136
1622115736.276, lauv-roald, SmartX, 3.136
1622115736.776, lauv-roald, SmartX, 3.137
1622115737.276, lauv-roald, SmartX, 3.137
1622115737.776, lauv-roald, SmartX, 3.137
1622115738.276, lauv-roald, SmartX, 3.137
1622115738.776, lauv-roald, SmartX, 3.138
1622115739.276, lauv-roald, SmartX, 3.138
1622115739.776, lauv-roald, SmartX, 3.139
1622115740.276, lauv-roald, SmartX, 3.138
1622115740.776, lauv-roald, SmartX, 3.138
1622115741.276, lauv-roald, SmartX, 3.139
1622115741.776, lauv-roald, SmartX, 3.139
1622115742.276, lauv-roald, SmartX, 3.139
1622115742.776, lauv-roald, SmartX, 3.139
1622115743.275, lauv-roald, SmartX, 3.138
1622115743.776, lauv-roald, SmartX, 3.138
1622115744.276, lauv-roald, SmartX, 3.139
1622115744.776, lauv-roald, SmartX, 3.139
1622115745.276, lauv-roald, SmartX, 3.137
1622115745.775, lauv-roald, SmartX, 3.137
1622115746.275, lauv-roald, SmartX, 3.136
1622115746.775, lauv-roald, SmartX, 3.137
1622115747.275, lauv-roald, SmartX, 3.138
1622115747.775, lauv-roald, SmartX, 3.139
1622115748.275, lauv-roald, SmartX, 3.138
1622115748.775, lauv-roald, SmartX, 3.139
1622115749.275, lauv-roald, SmartX, 3.138
1622115749.775, lauv-roald, SmartX, 3.138
1622115750.275, lauv-roald, SmartX, 3.138
1622115750.775, lauv-roald, SmartX, 3.138
1622115751.275, lauv-roald, SmartX, 3.139
1622115751.775, lauv-roald, SmartX, 3.139
1622115752.275, lauv-roald, SmartX, 3.139
1622115752.775, lauv-roald, SmartX, 3.140
1622115753.275, lauv-roald, SmartX, 3.141
1622115753.775, lauv-roald, SmartX, 3.141
1622115754.275, lauv-roald, SmartX, 3.141
1622115754.775, lauv-roald, SmartX, 3.141
1622115755.275, lauv-roald, SmartX, 3.142
1622115755.775, lauv-roald, SmartX, 3.142
1622115756.275, lauv-roald, SmartX, 3.142
1622115756.775, lauv-roald, SmartX, 3.142
1622115757.275, lauv-roald, SmartX, 3.143
1622115757.775, lauv-roald, SmartX, 3.143
1622115758.275, lauv-roald, SmartX, 3.143
1622115758.775, lauv-roald, SmartX, 3.144
1622115759.274, lauv-roald, SmartX, 3.143
1622115759.774, lauv-roald, SmartX, 3.143
1622115760.274, lauv-roald, SmartX, 3.144
1622115760.774, lauv-roald, SmartX, 3.144
1622115761.274, lauv-roald, SmartX, 3.144
1622115761.774, lauv-roald, SmartX, 3.144
1622115762.274, lauv-roald, SmartX, 3.144
1622115762.774, lauv-roald, SmartX, 3.144
1622115763.274, lauv-roald, SmartX, 3.143
1622115763.774, lauv-roald, SmartX, 3.144
1622115764.274, lauv-roald, SmartX, 3.143
1622115764.774, lauv-roald, SmartX, 3.144
1622115765.274, lauv-roald, SmartX, 3.144
1622115765.774, lauv-roald, SmartX, 3.144
1622115766.274, lauv-roald, SmartX, 3.145
1622115766.774, lauv-roald, SmartX, 3.145
1622115767.274, lauv-roald, SmartX, 3.145
1622115767.774, lauv-roald, SmartX, 3.145
1622115768.274, lauv-roald, SmartX, 3.145
1622115768.774, lauv-roald, SmartX, 3.146
1622115769.274, lauv-roald, SmartX, 3.146
1622115769.774, lauv-roald, SmartX, 3.146
1622115770.274, lauv-roald, SmartX, 3.146
1622115770.774, lauv-roald, SmartX, 3.145
1622115771.274, lauv-roald, SmartX, 3.145
1622115771.774, lauv-roald, SmartX, 3.145
1622115772.274, lauv-roald, SmartX, 3.145
1622115772.774, lauv-roald, SmartX, 3.145
1622115773.274, lauv-roald, SmartX, 3.145
1622115773.774, lauv-roald, SmartX, 3.145
1622115774.273, lauv-roald, SmartX, 3.145
1622115774.773, lauv-roald, SmartX, 3.146
1622115775.273, lauv-roald, SmartX, 3.146
1622115775.773, lauv-roald, SmartX, 3.145
1622115776.273, lauv-roald, SmartX, 3.145
1622115776.773, lauv-roald, SmartX, 3.146
1622115777.273, lauv-roald, SmartX, 3.145
1622115777.773, lauv-roald, SmartX, 3.144
1622115778.273, lauv-roald, SmartX, 3.144
1622115778.773, lauv-roald, SmartX, 3.145
1622115779.273, lauv-roald, SmartX, 3.145
1622115779.773, lauv-roald, SmartX, 3.145
1622115780.273, lauv-roald, SmartX, 3.145
1622115780.773, lauv-roald, SmartX, 3.145
1622115781.273, lauv-roald, SmartX, 3.144
1622115781.773, lauv-roald, SmartX, 3.145
1622115782.273, lauv-roald, SmartX, 3.145
1622115782.773, lauv-roald, SmartX, 3.146
1622115783.273, lauv-roald, SmartX, 3.146
1622115783.773, lauv-roald, SmartX, 3.145
1622115784.273, lauv-roald, SmartX, 3.145
1622115784.773, lauv-roald, SmartX, 3.145
1622115785.273, lauv-roald, SmartX, 3.145
1622115785.773, lauv-roald, SmartX, 3.145
1622115786.273, lauv-roald, SmartX, 3.145
1622115786.773, lauv-roald, SmartX, 3.145
1622115787.273, lauv-roald, SmartX, 3.145
1622115787.772, lauv-roald, SmartX, 3.145
1622115788.272, lauv-roald, SmartX, 3.145
1622115788.772, lauv-roald, SmartX, 3.145
1622115789.272, lauv-roald, SmartX, 3.145
1622115789.772, lauv-roald, SmartX, 3.145
1622115790.272, lauv-roald, SmartX, 3.145
1622115790.772, lauv-roald, SmartX, 3.146
1622115791.272, lauv-roald, SmartX, 3.146
1622115791.772, lauv-roald, SmartX, 3.147
1622115792.272, lauv-roald, SmartX, 3.146
1622115792.772, lauv-roald, SmartX, 3.146
1622115793.272, lauv-roald, SmartX, 3.145
1622115793.772, lauv-roald, SmartX, 3.146
1622115794.272, lauv-roald, SmartX, 3.146
1622115794.772, lauv-roald, SmartX, 3.147
1622115795.272, lauv-roald, SmartX, 3.146
1622115795.772, lauv-roald, SmartX, 3.146
1622115796.272, lauv-roald, SmartX, 3.147
1622115796.772, lauv-roald, SmartX, 3.147
1622115797.272, lauv-roald, SmartX, 3.146
1622115797.772, lauv-roald, SmartX, 3.147
1622115798.272, lauv-roald, SmartX, 3.146
1622115798.772, lauv-roald, SmartX, 3.146
1622115799.272, lauv-roald, SmartX, 3.147
1622115799.772, lauv-roald, SmartX, 3.147
1622115800.272, lauv-roald, SmartX, 3.147
1622115800.772, lauv-roald, SmartX, 3.147
1622115801.272, lauv-roald, SmartX, 3.147
1622115801.772, lauv-roald, SmartX, 3.147
1622115802.272, lauv-roald, SmartX, 3.147
1622115802.772, lauv-roald, SmartX, 3.147
1622115803.273, lauv-roald, SmartX, 3.147
1622115803.772, lauv-roald, SmartX, 3.147
1622115804.271, lauv-roald, SmartX, 3.147
1622115804.771, lauv-roald, SmartX, 3.147
1622115805.271, lauv-roald, SmartX, 3.147
1622115805.771, lauv-roald, SmartX, 3.147
1622115806.271, lauv-roald, SmartX, 3.147
1622115806.771, lauv-roald, SmartX, 3.147
1622115807.271, lauv-roald, SmartX, 3.148
1622115807.771, lauv-roald, SmartX, 3.148
1622115808.271, lauv-roald, SmartX, 3.147
1622115808.771, lauv-roald, SmartX, 3.148
1622115809.271, lauv-roald, SmartX, 3.148
1622115809.771, lauv-roald, SmartX, 3.148
1622115810.271, lauv-roald, SmartX, 3.148
1622115810.771, lauv-roald, SmartX, 3.148
1622115811.271, lauv-roald, SmartX, 3.148
1622115811.771, lauv-roald, SmartX, 3.148
1622115812.271, lauv-roald, SmartX, 3.148
1622115812.771, lauv-roald, SmartX, 3.148
1622115813.271, lauv-roald, SmartX, 3.148
1622115813.771, lauv-roald, SmartX, 3.148
1622115814.271, lauv-roald, SmartX, 3.148
1622115814.771, lauv-roald, SmartX, 3.148
1622115815.271, lauv-roald, SmartX, 3.147
1622115815.771, lauv-roald, SmartX, 3.148
1622115816.271, lauv-roald, SmartX, 3.148
1622115816.771, lauv-roald, SmartX, 3.148
1622115817.271, lauv-roald, SmartX, 3.148
1622115817.771, lauv-roald, SmartX, 3.148
1622115818.271, lauv-roald, SmartX, 3.149
1622115818.770, lauv-roald, SmartX, 3.149
1622115819.270, lauv-roald, SmartX, 3.149
1622115819.770, lauv-roald, SmartX, 3.150
1622115820.270, lauv-roald, SmartX, 3.149
1622115820.770, lauv-roald, SmartX, 3.149
1622115821.270, lauv-roald, SmartX, 3.149
1622115821.770, lauv-roald, SmartX, 3.149
1622115822.270, lauv-roald, SmartX, 3.149
1622115822.770, lauv-roald, SmartX, 3.150
1622115823.270, lauv-roald, SmartX, 3.151
1622115823.770, lauv-roald, SmartX, 3.151
1622115824.270, lauv-roald, SmartX, 3.151
1622115824.770, lauv-roald, SmartX, 3.151
1622115825.270, lauv-roald, SmartX, 3.151
1622115825.770, lauv-roald, SmartX, 3.151
1622115826.270, lauv-roald, SmartX, 3.151
1622115826.770, lauv-roald, SmartX, 3.151
1622115827.270, lauv-roald, SmartX, 3.151
1622115827.770, lauv-roald, SmartX, 3.151
1622115828.270, lauv-roald, SmartX, 3.151
1622115828.770, lauv-roald, SmartX, 3.151
1622115829.270, lauv-roald, SmartX, 3.151
1622115829.770, lauv-roald, SmartX, 3.151
1622115830.270, lauv-roald, SmartX, 3.151
1622115830.770, lauv-roald, SmartX, 3.151
1622115831.270, lauv-roald, SmartX, 3.151
1622115831.769, lauv-roald, SmartX, 3.151
1622115832.269, lauv-roald, SmartX, 3.150
1622115832.769, lauv-roald, SmartX, 3.150
1622115833.270, lauv-roald, SmartX, 3.151
1622115833.769, lauv-roald, SmartX, 3.151
1622115834.270, lauv-roald, SmartX, 3.150
1622115834.769, lauv-roald, SmartX, 3.150
1622115835.270, lauv-roald, SmartX, 3.150
1622115835.769, lauv-roald, SmartX, 3.150
1622115836.270, lauv-roald, SmartX, 3.151
1622115836.769, lauv-roald, SmartX, 3.151
1622115837.270, lauv-roald, SmartX, 3.151
1622115837.769, lauv-roald, SmartX, 3.151
1622115838.269, lauv-roald, SmartX, 3.151
1622115838.769, lauv-roald, SmartX, 3.152
1622115839.270, lauv-roald, SmartX, 3.152
1622115839.769, lauv-roald, SmartX, 3.152
1622115840.270, lauv-roald, SmartX, 3.151
1622115840.769, lauv-roald, SmartX, 3.152
1622115841.270, lauv-roald, SmartX, 3.152
1622115841.769, lauv-roald, SmartX, 3.152
1622115842.269, lauv-roald, SmartX, 3.151
1622115842.769, lauv-roald, SmartX, 3.151
1622115843.269, lauv-roald, SmartX, 3.151
1622115843.769, lauv-roald, SmartX, 3.151
1622115844.269, lauv-roald, SmartX, 3.151
1622115844.769, lauv-roald, SmartX, 3.152
1622115845.269, lauv-roald, SmartX, 3.151
1622115845.769, lauv-roald, SmartX, 3.152
1622115846.269, lauv-roald, SmartX, 3.152
1622115846.768, lauv-roald, SmartX, 3.152
1622115847.269, lauv-roald, SmartX, 3.152
1622115847.769, lauv-roald, SmartX, 3.152
1622115848.269, lauv-roald, SmartX, 3.152
1622115848.768, lauv-roald, SmartX, 3.152
1622115849.268, lauv-roald, SmartX, 3.152
1622115849.768, lauv-roald, SmartX, 3.152
1622115850.268, lauv-roald, SmartX, 3.152
1622115850.768, lauv-roald, SmartX, 3.152
1622115851.268, lauv-roald, SmartX, 3.153
1622115851.768, lauv-roald, SmartX, 3.152
1622115852.268, lauv-roald, SmartX, 3.153
1622115852.768, lauv-roald, SmartX, 3.153
1622115853.268, lauv-roald, SmartX, 3.152
1622115853.768, lauv-roald, SmartX, 3.153
1622115854.268, lauv-roald, SmartX, 3.153
1622115854.768, lauv-roald, SmartX, 3.153
1622115855.268, lauv-roald, SmartX, 3.152
1622115855.768, lauv-roald, SmartX, 3.153
1622115856.268, lauv-roald, SmartX, 3.153
1622115856.768, lauv-roald, SmartX, 3.153
1622115857.268, lauv-roald, SmartX, 3.153
1622115857.768, lauv-roald, SmartX, 3.153
1622115858.268, lauv-roald, SmartX, 3.153
1622115858.768, lauv-roald, SmartX, 3.153
1622115859.268, lauv-roald, SmartX, 3.153
1622115859.768, lauv-roald, SmartX, 3.153
1622115860.268, lauv-roald, SmartX, 3.153
1622115860.768, lauv-roald, SmartX, 3.153
1622115861.267, lauv-roald, SmartX, 3.153
1622115861.768, lauv-roald, SmartX, 3.154
1622115862.268, lauv-roald, SmartX, 3.153
1622115862.768, lauv-roald, SmartX, 3.154
1622115863.267, lauv-roald, SmartX, 3.154
1622115863.767, lauv-roald, SmartX, 3.154
1622115864.267, lauv-roald, SmartX, 3.153
1622115864.767, lauv-roald, SmartX, 3.153
1622115865.267, lauv-roald, SmartX, 3.153
1622115865.767, lauv-roald, SmartX, 3.153
1622115866.267, lauv-roald, SmartX, 3.153
1622115866.767, lauv-roald, SmartX, 3.153
1622115867.267, lauv-roald, SmartX, 3.153
1622115867.767, lauv-roald, SmartX, 3.154
1622115868.267, lauv-roald, SmartX, 3.154
1622115868.767, lauv-roald, SmartX, 3.154
1622115869.267, lauv-roald, SmartX, 3.154
1622115869.767, lauv-roald, SmartX, 3.154
1622115870.267, lauv-roald, SmartX, 3.154
1622115870.767, lauv-roald, SmartX, 3.154
1622115871.267, lauv-roald, SmartX, 3.154
1622115871.767, lauv-roald, SmartX, 3.154
1622115872.267, lauv-roald, SmartX, 3.154
1622115872.767, lauv-roald, SmartX, 3.154
1622115873.267, lauv-roald, SmartX, 3.154
1622115873.767, lauv-roald, SmartX, 3.154
1622115874.267, lauv-roald, SmartX, 3.154
1622115874.767, lauv-roald, SmartX, 3.155
1622115875.267, lauv-roald, SmartX, 3.155
1622115875.767, lauv-roald, SmartX, 3.155
1622115876.267, lauv-roald, SmartX, 3.155
1622115876.767, lauv-roald, SmartX, 3.155
1622115877.267, lauv-roald, SmartX, 3.154
1622115877.766, lauv-roald, SmartX, 3.155
1622115878.266, lauv-roald, SmartX, 3.154
1622115878.766, lauv-roald, SmartX, 3.154
1622115879.266, lauv-roald, SmartX, 3.154
1622115879.766, lauv-roald, SmartX, 3.155
1622115880.266, lauv-roald, SmartX, 3.155
1622115880.766, lauv-roald, SmartX, 3.155
1622115881.266, lauv-roald, SmartX, 3.155
1622115881.766, lauv-roald, SmartX, 3.155
1622115882.266, lauv-roald, SmartX, 3.155
1622115882.766, lauv-roald, SmartX, 3.155
1622115883.266, lauv-roald, SmartX, 3.155
1622115883.766, lauv-roald, SmartX, 3.155
1622115884.266, lauv-roald, SmartX, 3.155
1622115884.766, lauv-roald, SmartX, 3.155
1622115885.266, lauv-roald, SmartX, 3.155
1622115885.766, lauv-roald, SmartX, 3.155
1622115886.266, lauv-roald, SmartX, 3.155
1622115886.766, lauv-roald, SmartX, 3.155
1622115887.266, lauv-roald, SmartX, 3.155
1622115887.766, lauv-roald, SmartX, 3.156
1622115888.266, lauv-roald, SmartX, 3.155
1622115888.766, lauv-roald, SmartX, 3.156
1622115889.266, lauv-roald, SmartX, 3.155
1622115889.766, lauv-roald, SmartX, 3.155
1622115890.266, lauv-roald, SmartX, 3.155
1622115890.766, lauv-roald, SmartX, 3.156
1622115891.265, lauv-roald, SmartX, 3.155
1622115891.766, lauv-roald, SmartX, 3.156
1622115892.265, lauv-roald, SmartX, 3.155
1622115892.765, lauv-roald, SmartX, 3.155
1622115893.265, lauv-roald, SmartX, 3.155
1622115893.765, lauv-roald, SmartX, 3.155
1622115894.265, lauv-roald, SmartX, 3.155
1622115894.765, lauv-roald, SmartX, 3.155
1622115895.265, lauv-roald, SmartX, 3.155
1622115895.765, lauv-roald, SmartX, 3.155
1622115896.265, lauv-roald, SmartX, 3.155
1622115896.765, lauv-roald, SmartX, 3.155
1622115897.265, lauv-roald, SmartX, 3.155
1622115897.765, lauv-roald, SmartX, 3.156
1622115898.265, lauv-roald, SmartX, 3.156
1622115898.765, lauv-roald, SmartX, 3.156
1622115899.265, lauv-roald, SmartX, 3.156
1622115899.765, lauv-roald, SmartX, 3.156
1622115900.265, lauv-roald, SmartX, 3.155
1622115900.765, lauv-roald, SmartX, 3.156
1622115901.265, lauv-roald, SmartX, 3.156
1622115901.765, lauv-roald, SmartX, 3.155
1622115902.265, lauv-roald, SmartX, 3.155
1622115902.765, lauv-roald, SmartX, 3.155
1622115903.265, lauv-roald, SmartX, 3.155
1622115903.764, lauv-roald, SmartX, 3.155
1622115904.265, lauv-roald, SmartX, 3.155
1622115904.765, lauv-roald, SmartX, 3.156
1622115905.265, lauv-roald, SmartX, 3.155
1622115905.765, lauv-roald, SmartX, 3.156
1622115906.265, lauv-roald, SmartX, 3.156
1622115906.765, lauv-roald, SmartX, 3.156
1622115907.265, lauv-roald, SmartX, 3.156
1622115907.764, lauv-roald, SmartX, 3.156
1622115908.264, lauv-roald, SmartX, 3.156
1622115908.764, lauv-roald, SmartX, 3.156
1622115909.264, lauv-roald, SmartX, 3.156
1622115909.764, lauv-roald, SmartX, 3.156
1622115910.264, lauv-roald, SmartX, 3.156
1622115910.764, lauv-roald, SmartX, 3.157
1622115911.264, lauv-roald, SmartX, 3.156
1622115911.764, lauv-roald, SmartX, 3.156
1622115912.264, lauv-roald, SmartX, 3.157
1622115912.764, lauv-roald, SmartX, 3.157
1622115913.264, lauv-roald, SmartX, 3.157
1622115913.764, lauv-roald, SmartX, 3.157
1622115914.264, lauv-roald, SmartX, 3.157
1622115914.764, lauv-roald, SmartX, 3.158
1622115915.264, lauv-roald, SmartX, 3.159
1622115915.765, lauv-roald, SmartX, 3.161
1622115916.266, lauv-roald, SmartX, 3.161
1622115916.764, lauv-roald, SmartX, 3.160
1622115917.264, lauv-roald, SmartX, 3.158
1622115917.764, lauv-roald, SmartX, 3.158
1622115918.264, lauv-roald, SmartX, 3.158
1622115918.764, lauv-roald, SmartX, 3.157
1622115919.264, lauv-roald, SmartX, 3.157
1622115919.764, lauv-roald, SmartX, 3.157
1622115920.264, lauv-roald, SmartX, 3.157
1622115920.763, lauv-roald, SmartX, 3.157
1622115921.263, lauv-roald, SmartX, 3.157
1622115921.764, lauv-roald, SmartX, 3.158
1622115922.263, lauv-roald, SmartX, 3.158
1622115922.764, lauv-roald, SmartX, 3.160
1622115923.263, lauv-roald, SmartX, 3.160
1622115923.763, lauv-roald, SmartX, 3.160
1622115924.263, lauv-roald, SmartX, 3.160
1622115924.763, lauv-roald, SmartX, 3.160
1622115925.263, lauv-roald, SmartX, 3.160
1622115925.763, lauv-roald, SmartX, 3.161
1622115926.263, lauv-roald, SmartX, 3.162
1622115926.763, lauv-roald, SmartX, 3.163
1622115927.263, lauv-roald, SmartX, 3.163
1622115927.763, lauv-roald, SmartX, 3.163
1622115928.263, lauv-roald, SmartX, 3.163
1622115928.763, lauv-roald, SmartX, 3.164
1622115929.263, lauv-roald, SmartX, 3.163
1622115929.763, lauv-roald, SmartX, 3.163
1622115930.263, lauv-roald, SmartX, 3.162
1622115930.763, lauv-roald, SmartX, 3.162
1622115931.263, lauv-roald, SmartX, 3.162
1622115931.763, lauv-roald, SmartX, 3.163
1622115932.263, lauv-roald, SmartX, 3.163
1622115932.763, lauv-roald, SmartX, 3.163
1622115933.263, lauv-roald, SmartX, 3.163
1622115933.763, lauv-roald, SmartX, 3.163
1622115934.263, lauv-roald, SmartX, 3.162
1622115934.762, lauv-roald, SmartX, 3.163
1622115935.263, lauv-roald, SmartX, 3.163
1622115935.763, lauv-roald, SmartX, 3.163
1622115936.262, lauv-roald, SmartX, 3.162
1622115936.762, lauv-roald, SmartX, 3.163
1622115937.262, lauv-roald, SmartX, 3.162
1622115937.762, lauv-roald, SmartX, 3.162
1622115938.262, lauv-roald, SmartX, 3.162
1622115938.762, lauv-roald, SmartX, 3.162
1622115939.262, lauv-roald, SmartX, 3.163
1622115939.762, lauv-roald, SmartX, 3.163
1622115940.262, lauv-roald, SmartX, 3.163
1622115940.762, lauv-roald, SmartX, 3.163
1622115941.262, lauv-roald, SmartX, 3.163
1622115941.762, lauv-roald, SmartX, 3.163
1622115942.262, lauv-roald, SmartX, 3.163
1622115942.762, lauv-roald, SmartX, 3.163
1622115943.262, lauv-roald, SmartX, 3.164
1622115943.762, lauv-roald, SmartX, 3.164
1622115944.262, lauv-roald, SmartX, 3.164
1622115944.762, lauv-roald, SmartX, 3.165
1622115945.262, lauv-roald, SmartX, 3.164
1622115945.762, lauv-roald, SmartX, 3.165
1622115946.262, lauv-roald, SmartX, 3.164
1622115946.762, lauv-roald, SmartX, 3.165
1622115947.262, lauv-roald, SmartX, 3.165
1622115947.762, lauv-roald, SmartX, 3.165
1622115948.262, lauv-roald, SmartX, 3.165
1622115948.762, lauv-roald, SmartX, 3.165
1622115949.262, lauv-roald, SmartX, 3.165
1622115949.762, lauv-roald, SmartX, 3.166
1622115950.262, lauv-roald, SmartX, 3.165
1622115950.762, lauv-roald, SmartX, 3.166
1622115951.262, lauv-roald, SmartX, 3.166
1622115951.762, lauv-roald, SmartX, 3.166
1622115952.261, lauv-roald, SmartX, 3.165
1622115952.761, lauv-roald, SmartX, 3.166
1622115953.262, lauv-roald, SmartX, 3.166
1622115953.761, lauv-roald, SmartX, 3.167
1622115954.261, lauv-roald, SmartX, 3.167
1622115954.761, lauv-roald, SmartX, 3.167
1622115955.261, lauv-roald, SmartX, 3.167
1622115955.761, lauv-roald, SmartX, 3.168
1622115956.261, lauv-roald, SmartX, 3.168
1622115956.761, lauv-roald, SmartX, 3.168
1622115957.261, lauv-roald, SmartX, 3.168
1622115957.761, lauv-roald, SmartX, 3.169
1622115958.261, lauv-roald, SmartX, 3.169
1622115958.761, lauv-roald, SmartX, 3.168
1622115959.261, lauv-roald, SmartX, 3.167
1622115959.761, lauv-roald, SmartX, 3.168
1622115960.261, lauv-roald, SmartX, 3.168
1622115960.761, lauv-roald, SmartX, 3.169
1622115961.261, lauv-roald, SmartX, 3.169
1622115961.761, lauv-roald, SmartX, 3.169
1622115962.261, lauv-roald, SmartX, 3.168
1622115962.761, lauv-roald, SmartX, 3.167
1622115963.261, lauv-roald, SmartX, 3.167
1622115963.761, lauv-roald, SmartX, 3.167
1622115964.261, lauv-roald, SmartX, 3.167
1622115964.761, lauv-roald, SmartX, 3.167
1622115965.261, lauv-roald, SmartX, 3.167
1622115965.761, lauv-roald, SmartX, 3.167
1622115966.261, lauv-roald, SmartX, 3.167
1622115966.761, lauv-roald, SmartX, 3.168
1622115967.260, lauv-roald, SmartX, 3.168
1622115967.760, lauv-roald, SmartX, 3.168
1622115968.260, lauv-roald, SmartX, 3.168
1622115968.760, lauv-roald, SmartX, 3.167
1622115969.260, lauv-roald, SmartX, 3.167
1622115969.760, lauv-roald, SmartX, 3.167
1622115970.260, lauv-roald, SmartX, 3.168
1622115970.760, lauv-roald, SmartX, 3.168
1622115971.260, lauv-roald, SmartX, 3.169
1622115971.760, lauv-roald, SmartX, 3.169
1622115972.260, lauv-roald, SmartX, 3.168
1622115972.760, lauv-roald, SmartX, 3.167
1622115973.260, lauv-roald, SmartX, 3.166
1622115973.760, lauv-roald, SmartX, 3.167
1622115974.260, lauv-roald, SmartX, 3.167
1622115974.760, lauv-roald, SmartX, 3.166
1622115975.260, lauv-roald, SmartX, 3.168
1622115975.760, lauv-roald, SmartX, 3.168
1622115976.260, lauv-roald, SmartX, 3.168
1622115976.760, lauv-roald, SmartX, 3.169
1622115977.260, lauv-roald, SmartX, 3.170
1622115977.760, lauv-roald, SmartX, 3.169
1622115978.260, lauv-roald, SmartX, 3.168
1622115978.760, lauv-roald, SmartX, 3.167
1622115979.260, lauv-roald, SmartX, 3.167
1622115979.760, lauv-roald, SmartX, 3.168
1622115980.260, lauv-roald, SmartX, 3.169
1622115980.760, lauv-roald, SmartX, 3.170
1622115981.259, lauv-roald, SmartX, 3.169
1622115981.759, lauv-roald, SmartX, 3.170
1622115982.259, lauv-roald, SmartX, 3.170
1622115982.759, lauv-roald, SmartX, 3.170
1622115983.259, lauv-roald, SmartX, 3.170
1622115983.759, lauv-roald, SmartX, 3.171
1622115984.259, lauv-roald, SmartX, 3.171
1622115984.759, lauv-roald, SmartX, 3.171
1622115985.259, lauv-roald, SmartX, 3.171
1622115985.759, lauv-roald, SmartX, 3.172
1622115986.259, lauv-roald, SmartX, 3.171
1622115986.759, lauv-roald, SmartX, 3.172
1622115987.259, lauv-roald, SmartX, 3.171
1622115987.759, lauv-roald, SmartX, 3.172
1622115988.259, lauv-roald, SmartX, 3.172
1622115988.759, lauv-roald, SmartX, 3.172
1622115989.259, lauv-roald, SmartX, 3.172
1622115989.759, lauv-roald, SmartX, 3.173
1622115990.259, lauv-roald, SmartX, 3.173
1622115990.759, lauv-roald, SmartX, 3.174
1622115991.259, lauv-roald, SmartX, 3.173
1622115991.759, lauv-roald, SmartX, 3.172
1622115992.259, lauv-roald, SmartX, 3.172
1622115992.759, lauv-roald, SmartX, 3.173
1622115993.259, lauv-roald, SmartX, 3.173
1622115993.759, lauv-roald, SmartX, 3.173
1622115994.259, lauv-roald, SmartX, 3.173
1622115994.759, lauv-roald, SmartX, 3.173
1622115995.259, lauv-roald, SmartX, 3.173
1622115995.759, lauv-roald, SmartX, 3.173
1622115996.258, lauv-roald, SmartX, 3.173
1622115996.759, lauv-roald, SmartX, 3.173
1622115997.258, lauv-roald, SmartX, 3.173
1622115997.758, lauv-roald, SmartX, 3.172
1622115998.258, lauv-roald, SmartX, 3.172
1622115998.758, lauv-roald, SmartX, 3.171
1622115999.258, lauv-roald, SmartX, 3.171
1622115999.758, lauv-roald, SmartX, 3.172
1622116000.258, lauv-roald, SmartX, 3.171
1622116000.758, lauv-roald, SmartX, 3.172
1622116001.258, lauv-roald, SmartX, 3.171
1622116001.758, lauv-roald, SmartX, 3.172
1622116002.258, lauv-roald, SmartX, 3.172
1622116002.758, lauv-roald, SmartX, 3.172
1622116003.258, lauv-roald, SmartX, 3.171
1622116003.758, lauv-roald, SmartX, 3.172
1622116004.258, lauv-roald, SmartX, 3.171
1622116004.758, lauv-roald, SmartX, 3.172
1622116005.258, lauv-roald, SmartX, 3.173
1622116005.758, lauv-roald, SmartX, 3.173
1622116006.258, lauv-roald, SmartX, 3.172
1622116006.758, lauv-roald, SmartX, 3.172
1622116007.258, lauv-roald, SmartX, 3.172
1622116007.757, lauv-roald, SmartX, 3.173
1622116008.258, lauv-roald, SmartX, 3.173
1622116008.758, lauv-roald, SmartX, 3.174
1622116009.258, lauv-roald, SmartX, 3.174
1622116009.758, lauv-roald, SmartX, 3.174
1622116010.258, lauv-roald, SmartX, 3.174
1622116010.758, lauv-roald, SmartX, 3.174
1622116011.257, lauv-roald, SmartX, 3.175
1622116011.757, lauv-roald, SmartX, 3.175
1622116012.257, lauv-roald, SmartX, 3.174
1622116012.757, lauv-roald, SmartX, 3.176
1622116013.257, lauv-roald, SmartX, 3.176
1622116013.757, lauv-roald, SmartX, 3.177
1622116014.257, lauv-roald, SmartX, 3.176
1622116014.757, lauv-roald, SmartX, 3.176
1622116015.257, lauv-roald, SmartX, 3.177
1622116015.757, lauv-roald, SmartX, 3.177
1622116016.257, lauv-roald, SmartX, 3.175
1622116016.757, lauv-roald, SmartX, 3.175
1622116017.257, lauv-roald, SmartX, 3.175
1622116017.757, lauv-roald, SmartX, 3.176
1622116018.257, lauv-roald, SmartX, 3.176
1622116018.757, lauv-roald, SmartX, 3.176
1622116019.257, lauv-roald, SmartX, 3.177
1622116019.757, lauv-roald, SmartX, 3.177
1622116020.257, lauv-roald, SmartX, 3.176
1622116020.757, lauv-roald, SmartX, 3.176
1622116021.257, lauv-roald, SmartX, 3.176
1622116021.757, lauv-roald, SmartX, 3.176
1622116022.257, lauv-roald, SmartX, 3.176
1622116022.757, lauv-roald, SmartX, 3.176
1622116023.257, lauv-roald, SmartX, 3.177
1622116023.757, lauv-roald, SmartX, 3.177
1622116024.257, lauv-roald, SmartX, 3.177
1622116024.756, lauv-roald, SmartX, 3.177
1622116025.257, lauv-roald, SmartX, 3.177
1622116025.756, lauv-roald, SmartX, 3.177
1622116026.256, lauv-roald, SmartX, 3.177
1622116026.756, lauv-roald, SmartX, 3.177
1622116027.256, lauv-roald, SmartX, 3.177
1622116027.756, lauv-roald, SmartX, 3.177
1622116028.256, lauv-roald, SmartX, 3.176
1622116028.756, lauv-roald, SmartX, 3.176
1622116029.256, lauv-roald, SmartX, 3.177
1622116029.756, lauv-roald, SmartX, 3.175
1622116030.256, lauv-roald, SmartX, 3.176
1622116030.756, lauv-roald, SmartX, 3.176
1622116031.256, lauv-roald, SmartX, 3.175
1622116031.756, lauv-roald, SmartX, 3.176
1622116032.256, lauv-roald, SmartX, 3.174
1622116032.756, lauv-roald, SmartX, 3.173
1622116033.256, lauv-roald, SmartX, 3.167
1622116033.756, lauv-roald, SmartX, 3.162
1622116034.256, lauv-roald, SmartX, 3.152
1622116034.756, lauv-roald, SmartX, 3.146
1622116035.256, lauv-roald, SmartX, 3.142
1622116035.756, lauv-roald, SmartX, 3.139
1622116036.256, lauv-roald, SmartX, 3.136
1622116036.756, lauv-roald, SmartX, 3.133
1622116037.256, lauv-roald, SmartX, 3.125
1622116037.756, lauv-roald, SmartX, 3.122
1622116038.255, lauv-roald, SmartX, 3.112
1622116038.755, lauv-roald, SmartX, 3.102
1622116039.255, lauv-roald, SmartX, 3.093
1622116039.755, lauv-roald, SmartX, 3.084
1622116040.255, lauv-roald, SmartX, 3.079
1622116040.755, lauv-roald, SmartX, 3.079
1622116041.255, lauv-roald, SmartX, 3.068
1622116041.755, lauv-roald, SmartX, 3.025
1622116042.255, lauv-roald, SmartX, 2.995
1622116042.755, lauv-roald, SmartX, 2.969
1622116043.255, lauv-roald, SmartX, 2.957
1622116043.755, lauv-roald, SmartX, 2.950
1622116044.255, lauv-roald, SmartX, 2.949
1622116044.755, lauv-roald, SmartX, 2.942
1622116045.255, lauv-roald, SmartX, 2.932
1622116045.755, lauv-roald, SmartX, 2.914
1622116046.255, lauv-roald, SmartX, 2.895
1622116046.755, lauv-roald, SmartX, 2.878
1622116047.255, lauv-roald, SmartX, 2.861
1622116047.755, lauv-roald, SmartX, 2.842
1622116048.255, lauv-roald, SmartX, 2.826
1622116048.755, lauv-roald, SmartX, 2.822
1622116049.255, lauv-roald, SmartX, 2.819
1622116049.755, lauv-roald, SmartX, 2.799
1622116050.255, lauv-roald, SmartX, 2.757
1622116050.755, lauv-roald, SmartX, 2.754
1622116051.255, lauv-roald, SmartX, 2.749
1622116051.755, lauv-roald, SmartX, 2.744
1622116052.255, lauv-roald, SmartX, 2.738
1622116052.755, lauv-roald, SmartX, 2.743
1622116053.255, lauv-roald, SmartX, 2.748
1622116053.755, lauv-roald, SmartX, 2.747
1622116054.255, lauv-roald, SmartX, 2.745
1622116054.755, lauv-roald, SmartX, 2.741
1622116055.255, lauv-roald, SmartX, 2.740
1622116055.755, lauv-roald, SmartX, 2.739
1622116056.255, lauv-roald, SmartX, 2.735
1622116056.754, lauv-roald, SmartX, 2.735
1622116057.254, lauv-roald, SmartX, 2.734
1622116057.754, lauv-roald, SmartX, 2.735
1622116058.254, lauv-roald, SmartX, 2.736
1622116058.754, lauv-roald, SmartX, 2.737
1622116059.254, lauv-roald, SmartX, 2.738
1622116059.754, lauv-roald, SmartX, 2.753
1622116060.254, lauv-roald, SmartX, 2.770
1622116060.754, lauv-roald, SmartX, 2.785
1622116061.254, lauv-roald, SmartX, 2.792
1622116061.754, lauv-roald, SmartX, 2.782
1622116062.254, lauv-roald, SmartX, 2.790
1622116062.754, lauv-roald, SmartX, 2.796
1622116063.254, lauv-roald, SmartX, 2.815
1622116063.754, lauv-roald, SmartX, 2.819
1622116064.254, lauv-roald, SmartX, 2.799
1622116064.754, lauv-roald, SmartX, 2.794
1622116065.254, lauv-roald, SmartX, 2.818
1622116065.754, lauv-roald, SmartX, 2.833
1622116066.254, lauv-roald, SmartX, 2.843
1622116066.754, lauv-roald, SmartX, 2.854
1622116067.254, lauv-roald, SmartX, 2.858
1622116067.754, lauv-roald, SmartX, 2.861
1622116068.254, lauv-roald, SmartX, 2.859
1622116068.754, lauv-roald, SmartX, 2.856
1622116069.253, lauv-roald, SmartX, 2.860
1622116069.754, lauv-roald, SmartX, 2.862
1622116070.253, lauv-roald, SmartX, 2.865
1622116070.753, lauv-roald, SmartX, 2.868
1622116071.253, lauv-roald, SmartX, 2.872
1622116071.753, lauv-roald, SmartX, 2.875
1622116072.253, lauv-roald, SmartX, 2.881
1622116072.753, lauv-roald, SmartX, 2.884
1622116073.253, lauv-roald, SmartX, 2.880
1622116073.753, lauv-roald, SmartX, 2.874
1622116074.253, lauv-roald, SmartX, 2.872
1622116074.753, lauv-roald, SmartX, 2.880
1622116075.253, lauv-roald, SmartX, 2.888
1622116075.753, lauv-roald, SmartX, 2.891
1622116076.253, lauv-roald, SmartX, 2.890
1622116076.753, lauv-roald, SmartX, 2.887
1622116077.253, lauv-roald, SmartX, 2.881
1622116077.753, lauv-roald, SmartX, 2.875
1622116078.253, lauv-roald, SmartX, 2.871
1622116078.753, lauv-roald, SmartX, 2.866
1622116079.253, lauv-roald, SmartX, 2.865
1622116079.753, lauv-roald, SmartX, 2.865
1622116080.253, lauv-roald, SmartX, 2.865
1622116080.753, lauv-roald, SmartX, 2.862
1622116081.253, lauv-roald, SmartX, 2.862
1622116081.753, lauv-roald, SmartX, 2.864
1622116082.253, lauv-roald, SmartX, 2.862
1622116082.752, lauv-roald, SmartX, 2.861
1622116083.253, lauv-roald, SmartX, 2.851
1622116083.753, lauv-roald, SmartX, 2.842
1622116084.252, lauv-roald, SmartX, 2.846
1622116084.752, lauv-roald, SmartX, 2.849
1622116085.252, lauv-roald, SmartX, 2.845
1622116085.752, lauv-roald, SmartX, 2.846
1622116086.252, lauv-roald, SmartX, 2.843
1622116086.752, lauv-roald, SmartX, 2.844
1622116087.252, lauv-roald, SmartX, 2.842
1622116087.752, lauv-roald, SmartX, 2.846
1622116088.252, lauv-roald, SmartX, 2.852
1622116088.752, lauv-roald, SmartX, 2.855
1622116089.252, lauv-roald, SmartX, 2.859
1622116089.752, lauv-roald, SmartX, 2.865
1622116090.252, lauv-roald, SmartX, 2.868
1622116090.752, lauv-roald, SmartX, 2.862
1622116091.252, lauv-roald, SmartX, 2.857
1622116091.752, lauv-roald, SmartX, 2.849
1622116092.252, lauv-roald, SmartX, 2.835
1622116092.752, lauv-roald, SmartX, 2.828
1622116093.252, lauv-roald, SmartX, 2.826
1622116093.752, lauv-roald, SmartX, 2.823
1622116094.252, lauv-roald, SmartX, 2.792
1622116094.752, lauv-roald, SmartX, 2.795
1622116095.252, lauv-roald, SmartX, 2.820
1622116095.752, lauv-roald, SmartX, 2.840
1622116096.252, lauv-roald, SmartX, 2.849
1622116096.752, lauv-roald, SmartX, 2.852
1622116097.252, lauv-roald, SmartX, 2.852
1622116097.752, lauv-roald, SmartX, 2.851
1622116098.252, lauv-roald, SmartX, 2.848
1622116098.752, lauv-roald, SmartX, 2.846
1622116099.252, lauv-roald, SmartX, 2.845
1622116099.752, lauv-roald, SmartX, 2.846
1622116100.251, lauv-roald, SmartX, 2.849
1622116100.751, lauv-roald, SmartX, 2.848
1622116101.251, lauv-roald, SmartX, 2.851
1622116101.751, lauv-roald, SmartX, 2.854
1622116102.251, lauv-roald, SmartX, 2.853
1622116102.751, lauv-roald, SmartX, 2.849
1622116103.251, lauv-roald, SmartX, 2.846
1622116103.751, lauv-roald, SmartX, 2.840
1622116104.251, lauv-roald, SmartX, 2.836
1622116104.751, lauv-roald, SmartX, 2.782
1622116105.251, lauv-roald, SmartX, 2.750
1622116105.751, lauv-roald, SmartX, 2.728
1622116106.251, lauv-roald, SmartX, 2.753
1622116106.751, lauv-roald, SmartX, 2.793
1622116107.251, lauv-roald, SmartX, 2.820
1622116107.751, lauv-roald, SmartX, 2.837
1622116108.251, lauv-roald, SmartX, 2.844
1622116108.751, lauv-roald, SmartX, 2.843
1622116109.251, lauv-roald, SmartX, 2.773
1622116109.751, lauv-roald, SmartX, 2.715
1622116110.251, lauv-roald, SmartX, 2.696
1622116110.751, lauv-roald, SmartX, 2.696
1622116111.251, lauv-roald, SmartX, 2.713
1622116111.751, lauv-roald, SmartX, 2.745
1622116112.251, lauv-roald, SmartX, 2.809
1622116112.751, lauv-roald, SmartX, 2.835
1622116113.251, lauv-roald, SmartX, 2.825
1622116113.751, lauv-roald, SmartX, 2.796
1622116114.251, lauv-roald, SmartX, 2.756
1622116114.751, lauv-roald, SmartX, 2.723
1622116115.251, lauv-roald, SmartX, 2.736
1622116115.750, lauv-roald, SmartX, 2.768
1622116116.250, lauv-roald, SmartX, 2.813
1622116116.750, lauv-roald, SmartX, 2.831
1622116117.250, lauv-roald, SmartX, 2.836
1622116117.750, lauv-roald, SmartX, 2.838
1622116118.250, lauv-roald, SmartX, 2.836
1622116118.750, lauv-roald, SmartX, 2.830
1622116119.250, lauv-roald, SmartX, 2.826
1622116119.750, lauv-roald, SmartX, 2.812
1622116120.250, lauv-roald, SmartX, 2.805
1622116120.750, lauv-roald, SmartX, 2.781
1622116121.250, lauv-roald, SmartX, 2.738
1622116121.750, lauv-roald, SmartX, 2.732
1622116122.250, lauv-roald, SmartX, 2.727
1622116122.750, lauv-roald, SmartX, 2.740
1622116123.250, lauv-roald, SmartX, 2.841
1622116123.750, lauv-roald, SmartX, 2.886
1622116124.250, lauv-roald, SmartX, 2.863
1622116124.750, lauv-roald, SmartX, 2.788
1622116125.250, lauv-roald, SmartX, 2.729
1622116125.750, lauv-roald, SmartX, 2.649
1622116126.250, lauv-roald, SmartX, 2.637
1622116126.750, lauv-roald, SmartX, 2.660
1622116127.250, lauv-roald, SmartX, 2.720
1622116127.750, lauv-roald, SmartX, 2.762
1622116128.250, lauv-roald, SmartX, 2.804
1622116128.750, lauv-roald, SmartX, 2.776
1622116129.250, lauv-roald, SmartX, 2.725
1622116129.750, lauv-roald, SmartX, 2.677
1622116130.250, lauv-roald, SmartX, 2.651
1622116130.750, lauv-roald, SmartX, 2.645
1622116131.250, lauv-roald, SmartX, 2.658
1622116131.750, lauv-roald, SmartX, 2.671
1622116132.249, lauv-roald, SmartX, 2.741
1622116132.749, lauv-roald, SmartX, 2.793
1622116133.249, lauv-roald, SmartX, 2.820
1622116133.749, lauv-roald, SmartX, 2.773
1622116134.249, lauv-roald, SmartX, 2.711
1622116134.749, lauv-roald, SmartX, 2.675
1622116135.249, lauv-roald, SmartX, 2.688
1622116135.749, lauv-roald, SmartX, 2.726
1622116136.249, lauv-roald, SmartX, 2.796
1622116136.749, lauv-roald, SmartX, 2.845
1622116137.249, lauv-roald, SmartX, 2.886
1622116137.749, lauv-roald, SmartX, 2.900
1622116138.249, lauv-roald, SmartX, 2.893
1622116138.749, lauv-roald, SmartX, 2.870
1622116139.249, lauv-roald, SmartX, 2.830
1622116139.749, lauv-roald, SmartX, 2.817
1622116140.249, lauv-roald, SmartX, 2.834
1622116140.749, lauv-roald, SmartX, 2.910
1622116141.249, lauv-roald, SmartX, 2.960
1622116141.749, lauv-roald, SmartX, 2.987
1622116142.249, lauv-roald, SmartX, 3.011
1622116142.749, lauv-roald, SmartX, 3.024
1622116143.249, lauv-roald, SmartX, 3.029
1622116143.748, lauv-roald, SmartX, 3.020
1622116144.248, lauv-roald, SmartX, 3.010
1622116144.748, lauv-roald, SmartX, 3.008
1622116145.248, lauv-roald, SmartX, 3.005
1622116145.748, lauv-roald, SmartX, 3.003
1622116146.248, lauv-roald, SmartX, 3.009
1622116146.748, lauv-roald, SmartX, 3.020
1622116147.248, lauv-roald, SmartX, 3.025
1622116147.748, lauv-roald, SmartX, 3.032
1622116148.248, lauv-roald, SmartX, 3.032
1622116148.748, lauv-roald, SmartX, 3.032
1622116149.248, lauv-roald, SmartX, 3.034
1622116149.748, lauv-roald, SmartX, 3.037
1622116150.248, lauv-roald, SmartX, 3.040
1622116150.748, lauv-roald, SmartX, 3.040
1622116151.248, lauv-roald, SmartX, 3.040
1622116151.748, lauv-roald, SmartX, 3.040
1622116152.248, lauv-roald, SmartX, 3.043
1622116152.748, lauv-roald, SmartX, 3.043
1622116153.248, lauv-roald, SmartX, 3.042
1622116153.748, lauv-roald, SmartX, 3.043
1622116154.248, lauv-roald, SmartX, 3.042
1622116154.748, lauv-roald, SmartX, 3.042
1622116155.247, lauv-roald, SmartX, 3.042
1622116155.748, lauv-roald, SmartX, 3.038
1622116156.248, lauv-roald, SmartX, 3.037
1622116156.748, lauv-roald, SmartX, 3.037
1622116157.248, lauv-roald, SmartX, 3.038
1622116157.747, lauv-roald, SmartX, 3.030
1622116158.248, lauv-roald, SmartX, 3.031
1622116158.748, lauv-roald, SmartX, 3.029
1622116159.248, lauv-roald, SmartX, 2.954
1622116159.747, lauv-roald, SmartX, 2.951
1622116160.247, lauv-roald, SmartX, 2.927
1622116160.747, lauv-roald, SmartX, 2.909
1622116161.247, lauv-roald, SmartX, 2.916
1622116161.747, lauv-roald, SmartX, 2.905
1622116162.247, lauv-roald, SmartX, 2.904
1622116162.747, lauv-roald, SmartX, 2.906
1622116163.247, lauv-roald, SmartX, 2.887
1622116163.747, lauv-roald, SmartX, 2.895
1622116164.247, lauv-roald, SmartX, 2.871
1622116164.747, lauv-roald, SmartX, 2.851
1622116165.247, lauv-roald, SmartX, 2.858
1622116165.747, lauv-roald, SmartX, 2.840
1622116166.247, lauv-roald, SmartX, 2.836
1622116166.747, lauv-roald, SmartX, 2.822
1622116167.247, lauv-roald, SmartX, 2.811
1622116167.747, lauv-roald, SmartX, 2.799
1622116168.247, lauv-roald, SmartX, 2.793
1622116168.747, lauv-roald, SmartX, 2.790
1622116169.247, lauv-roald, SmartX, 2.786
1622116169.747, lauv-roald, SmartX, 2.780
1622116170.247, lauv-roald, SmartX, 2.776
1622116170.747, lauv-roald, SmartX, 2.774
1622116171.247, lauv-roald, SmartX, 2.762
1622116171.747, lauv-roald, SmartX, 2.762
1622116172.247, lauv-roald, SmartX, 2.748
1622116172.747, lauv-roald, SmartX, 2.758
1622116173.247, lauv-roald, SmartX, 2.740
1622116173.747, lauv-roald, SmartX, 2.727
1622116174.247, lauv-roald, SmartX, 2.728
1622116174.746, lauv-roald, SmartX, 2.721
1622116175.247, lauv-roald, SmartX, 2.720
1622116175.746, lauv-roald, SmartX, 2.719
1622116176.246, lauv-roald, SmartX, 2.718
1622116176.747, lauv-roald, SmartX, 2.692
1622116177.246, lauv-roald, SmartX, 2.704
1622116177.746, lauv-roald, SmartX, 2.691
1622116178.246, lauv-roald, SmartX, 2.694
1622116178.746, lauv-roald, SmartX, 2.683
1622116179.246, lauv-roald, SmartX, 2.692
1622116179.746, lauv-roald, SmartX, 2.693
1622116180.246, lauv-roald, SmartX, 2.690
1622116180.746, lauv-roald, SmartX, 2.687
1622116181.246, lauv-roald, SmartX, 2.682
1622116181.746, lauv-roald, SmartX, 2.688
1622116182.246, lauv-roald, SmartX, 2.683
1622116182.746, lauv-roald, SmartX, 2.676
1622116183.246, lauv-roald, SmartX, 2.687
1622116183.746, lauv-roald, SmartX, 2.680
1622116184.246, lauv-roald, SmartX, 2.677
1622116184.746, lauv-roald, SmartX, 2.675
1622116185.246, lauv-roald, SmartX, 2.665
1622116185.746, lauv-roald, SmartX, 2.666
1622116186.246, lauv-roald, SmartX, 2.668
1622116186.746, lauv-roald, SmartX, 2.664
1622116187.246, lauv-roald, SmartX, 2.665
1622116187.746, lauv-roald, SmartX, 2.665
1622116188.246, lauv-roald, SmartX, 2.668
1622116188.745, lauv-roald, SmartX, 2.666
1622116189.246, lauv-roald, SmartX, 2.668
1622116189.746, lauv-roald, SmartX, 2.669
1622116190.246, lauv-roald, SmartX, 2.669
1622116190.745, lauv-roald, SmartX, 2.672
1622116191.246, lauv-roald, SmartX, 2.674
1622116191.745, lauv-roald, SmartX, 2.673
1622116192.245, lauv-roald, SmartX, 2.673
1622116192.745, lauv-roald, SmartX, 2.674
1622116193.245, lauv-roald, SmartX, 2.672
1622116193.745, lauv-roald, SmartX, 2.672
1622116194.245, lauv-roald, SmartX, 2.671
1622116194.745, lauv-roald, SmartX, 2.674
1622116195.245, lauv-roald, SmartX, 2.675
1622116195.745, lauv-roald, SmartX, 2.673
1622116196.245, lauv-roald, SmartX, 2.679
1622116196.745, lauv-roald, SmartX, 2.688
1622116197.245, lauv-roald, SmartX, 2.700
1622116197.745, lauv-roald, SmartX, 2.705
1622116198.245, lauv-roald, SmartX, 2.715
1622116198.745, lauv-roald, SmartX, 2.731
1622116199.245, lauv-roald, SmartX, 2.768
1622116199.745, lauv-roald, SmartX, 2.830
1622116200.245, lauv-roald, SmartX, 2.860
1622116200.745, lauv-roald, SmartX, 2.904
1622116201.245, lauv-roald, SmartX, 2.918
1622116201.745, lauv-roald, SmartX, 2.922
1622116202.245, lauv-roald, SmartX, 2.873
1622116202.745, lauv-roald, SmartX, 2.847
1622116203.245, lauv-roald, SmartX, 2.818
1622116203.745, lauv-roald, SmartX, 2.826
1622116204.245, lauv-roald, SmartX, 2.840
1622116204.744, lauv-roald, SmartX, 2.864
1622116205.245, lauv-roald, SmartX, 2.893
1622116205.744, lauv-roald, SmartX, 2.900
1622116206.244, lauv-roald, SmartX, 2.869
1622116206.744, lauv-roald, SmartX, 2.821
1622116207.244, lauv-roald, SmartX, 2.769
1622116207.744, lauv-roald, SmartX, 2.738
1622116208.244, lauv-roald, SmartX, 2.726
1622116208.744, lauv-roald, SmartX, 2.729
1622116209.244, lauv-roald, SmartX, 2.734
1622116209.744, lauv-roald, SmartX, 2.731
1622116210.244, lauv-roald, SmartX, 2.727
1622116210.744, lauv-roald, SmartX, 2.725
1622116211.244, lauv-roald, SmartX, 2.727
1622116211.744, lauv-roald, SmartX, 2.708
1622116212.244, lauv-roald, SmartX, 2.705
1622116212.744, lauv-roald, SmartX, 2.710
1622116213.244, lauv-roald, SmartX, 2.711
1622116213.744, lauv-roald, SmartX, 2.716
1622116214.244, lauv-roald, SmartX, 2.732
1622116214.744, lauv-roald, SmartX, 2.727
1622116215.244, lauv-roald, SmartX, 2.720
1622116215.744, lauv-roald, SmartX, 2.718
1622116216.244, lauv-roald, SmartX, 2.714
1622116216.744, lauv-roald, SmartX, 2.723
1622116217.244, lauv-roald, SmartX, 2.722
1622116217.743, lauv-roald, SmartX, 2.720
1622116218.244, lauv-roald, SmartX, 2.720
1622116218.744, lauv-roald, SmartX, 2.719
1622116219.244, lauv-roald, SmartX, 2.716
1622116219.743, lauv-roald, SmartX, 2.717
1622116220.243, lauv-roald, SmartX, 2.716
1622116220.743, lauv-roald, SmartX, 2.720
1622116221.243, lauv-roald, SmartX, 2.712
1622116221.743, lauv-roald, SmartX, 2.716
1622116222.243, lauv-roald, SmartX, 2.720
1622116222.743, lauv-roald, SmartX, 2.719
1622116223.243, lauv-roald, SmartX, 2.718
1622116223.743, lauv-roald, SmartX, 2.716
1622116224.243, lauv-roald, SmartX, 2.715
1622116224.743, lauv-roald, SmartX, 2.716
1622116225.243, lauv-roald, SmartX, 2.709
1622116225.743, lauv-roald, SmartX, 2.711
1622116226.243, lauv-roald, SmartX, 2.710
1622116226.743, lauv-roald, SmartX, 2.710
1622116227.243, lauv-roald, SmartX, 2.710
1622116227.743, lauv-roald, SmartX, 2.710
1622116228.243, lauv-roald, SmartX, 2.710
1622116228.743, lauv-roald, SmartX, 2.710
1622116229.243, lauv-roald, SmartX, 2.709
1622116229.743, lauv-roald, SmartX, 2.710
1622116230.243, lauv-roald, SmartX, 2.711
1622116230.743, lauv-roald, SmartX, 2.711
1622116231.243, lauv-roald, SmartX, 2.710
1622116231.743, lauv-roald, SmartX, 2.709
1622116232.243, lauv-roald, SmartX, 2.710
1622116232.743, lauv-roald, SmartX, 2.712
1622116233.242, lauv-roald, SmartX, 2.712
1622116233.743, lauv-roald, SmartX, 2.714
1622116234.243, lauv-roald, SmartX, 2.711
1622116234.743, lauv-roald, SmartX, 2.709
1622116235.242, lauv-roald, SmartX, 2.709
1622116235.743, lauv-roald, SmartX, 2.711
1622116236.242, lauv-roald, SmartX, 2.710
1622116236.742, lauv-roald, SmartX, 2.710
1622116237.242, lauv-roald, SmartX, 2.711
1622116237.742, lauv-roald, SmartX, 2.711
1622116238.242, lauv-roald, SmartX, 2.711
1622116238.742, lauv-roald, SmartX, 2.711
1622116239.242, lauv-roald, SmartX, 2.710
1622116239.742, lauv-roald, SmartX, 2.713
1622116240.242, lauv-roald, SmartX, 2.713
1622116240.742, lauv-roald, SmartX, 2.712
1622116241.242, lauv-roald, SmartX, 2.711
1622116241.742, lauv-roald, SmartX, 2.710
1622116242.242, lauv-roald, SmartX, 2.711
1622116242.742, lauv-roald, SmartX, 2.709
1622116243.242, lauv-roald, SmartX, 2.708
1622116243.742, lauv-roald, SmartX, 2.707
1622116244.242, lauv-roald, SmartX, 2.707
1622116244.742, lauv-roald, SmartX, 2.707
1622116245.242, lauv-roald, SmartX, 2.705
1622116245.742, lauv-roald, SmartX, 2.705
1622116246.242, lauv-roald, SmartX, 2.703
1622116246.742, lauv-roald, SmartX, 2.698
1622116247.242, lauv-roald, SmartX, 2.699
1622116247.742, lauv-roald, SmartX, 2.682
1622116248.242, lauv-roald, SmartX, 2.660
1622116248.742, lauv-roald, SmartX, 2.655
1622116249.242, lauv-roald, SmartX, 2.624
1622116249.742, lauv-roald, SmartX, 2.630
1622116250.242, lauv-roald, SmartX, 2.638
1622116250.741, lauv-roald, SmartX, 2.619
1622116251.241, lauv-roald, SmartX, 2.624
1622116251.741, lauv-roald, SmartX, 2.625
1622116252.241, lauv-roald, SmartX, 2.630
1622116252.741, lauv-roald, SmartX, 2.624
1622116253.241, lauv-roald, SmartX, 2.620
1622116253.741, lauv-roald, SmartX, 2.621
1622116254.241, lauv-roald, SmartX, 2.622
1622116254.741, lauv-roald, SmartX, 2.619
1622116255.241, lauv-roald, SmartX, 2.617
1622116255.741, lauv-roald, SmartX, 2.611
1622116256.241, lauv-roald, SmartX, 2.611
1622116256.741, lauv-roald, SmartX, 2.608
1622116257.241, lauv-roald, SmartX, 2.603
1622116257.741, lauv-roald, SmartX, 2.597
1622116258.241, lauv-roald, SmartX, 2.593
1622116258.741, lauv-roald, SmartX, 2.589
1622116259.241, lauv-roald, SmartX, 2.585
1622116259.741, lauv-roald, SmartX, 2.586
1622116260.241, lauv-roald, SmartX, 2.585
1622116260.741, lauv-roald, SmartX, 2.583
1622116261.241, lauv-roald, SmartX, 2.582
1622116261.740, lauv-roald, SmartX, 2.581
1622116262.241, lauv-roald, SmartX, 2.576
1622116262.741, lauv-roald, SmartX, 2.573
1622116263.241, lauv-roald, SmartX, 2.575
1622116263.740, lauv-roald, SmartX, 2.575
1622116264.240, lauv-roald, SmartX, 2.573
1622116264.740, lauv-roald, SmartX, 2.571
1622116265.241, lauv-roald, SmartX, 2.572
1622116265.740, lauv-roald, SmartX, 2.574
1622116266.240, lauv-roald, SmartX, 2.573
1622116266.740, lauv-roald, SmartX, 2.569
1622116267.240, lauv-roald, SmartX, 2.573
1622116267.740, lauv-roald, SmartX, 2.575
1622116268.240, lauv-roald, SmartX, 2.576
1622116412.730, lauv-roald, SmartX, 2.503
1622116413.230, lauv-roald, SmartX, 2.498
1622116413.730, lauv-roald, SmartX, 2.494
1622116414.231, lauv-roald, SmartX, 2.499
1622116414.730, lauv-roald, SmartX, 2.499
1622116415.230, lauv-roald, SmartX, 2.496
1622116415.730, lauv-roald, SmartX, 2.494
1622116416.230, lauv-roald, SmartX, 2.495
1622116416.730, lauv-roald, SmartX, 2.497
1622116417.230, lauv-roald, SmartX, 2.494
1622116417.730, lauv-roald, SmartX, 2.495
1622116418.230, lauv-roald, SmartX, 2.496
1622116418.730, lauv-roald, SmartX, 2.497
1622116419.230, lauv-roald, SmartX, 2.498
1622116419.730, lauv-roald, SmartX, 2.503
1622116420.230, lauv-roald, SmartX, 2.506
1622116420.730, lauv-roald, SmartX, 2.510
1622116421.230, lauv-roald, SmartX, 2.511
1622116421.730, lauv-roald, SmartX, 2.512
1622116422.230, lauv-roald, SmartX, 2.520
1622116422.730, lauv-roald, SmartX, 2.524
1622116423.230, lauv-roald, SmartX, 2.534
1622116423.730, lauv-roald, SmartX, 2.549
1622116424.230, lauv-roald, SmartX, 2.566
1622116424.730, lauv-roald, SmartX, 2.576
1622116425.229, lauv-roald, SmartX, 2.571
1622116425.729, lauv-roald, SmartX, 2.571
1622116426.229, lauv-roald, SmartX, 2.561
1622116426.730, lauv-roald, SmartX, 2.531
1622116427.230, lauv-roald, SmartX, 2.518
1622116427.730, lauv-roald, SmartX, 2.531
1622116428.229, lauv-roald, SmartX, 2.571
1622116428.729, lauv-roald, SmartX, 2.594
1622116429.229, lauv-roald, SmartX, 2.610
1622116429.729, lauv-roald, SmartX, 2.646
1622116430.229, lauv-roald, SmartX, 2.671
1622116430.729, lauv-roald, SmartX, 2.686
1622116431.229, lauv-roald, SmartX, 2.719
1622116431.729, lauv-roald, SmartX, 2.776
1622116432.229, lauv-roald, SmartX, 2.733
1622116432.729, lauv-roald, SmartX, 2.712
1622116433.229, lauv-roald, SmartX, 2.732
1622116433.729, lauv-roald, SmartX, 2.744
1622116434.229, lauv-roald, SmartX, 2.734
1622116434.729, lauv-roald, SmartX, 2.662
1622116435.229, lauv-roald, SmartX, 2.651
1622116435.729, lauv-roald, SmartX, 2.656
1622116436.229, lauv-roald, SmartX, 2.649
1622116436.729, lauv-roald, SmartX, 2.655
1622116437.229, lauv-roald, SmartX, 2.682
1622116437.729, lauv-roald, SmartX, 2.691
1622116438.229, lauv-roald, SmartX, 2.697
1622116438.729, lauv-roald, SmartX, 2.710
1622116439.229, lauv-roald, SmartX, 2.722
1622116439.729, lauv-roald, SmartX, 2.731
1622116440.228, lauv-roald, SmartX, 2.735
1622116440.729, lauv-roald, SmartX, 2.739
1622116441.229, lauv-roald, SmartX, 2.749
1622116441.729, lauv-roald, SmartX, 2.761
1622116442.229, lauv-roald, SmartX, 2.782
1622116442.729, lauv-roald, SmartX, 2.780
1622116443.229, lauv-roald, SmartX, 2.787
1622116443.729, lauv-roald, SmartX, 2.793
1622116444.229, lauv-roald, SmartX, 2.779
1622116444.728, lauv-roald, SmartX, 2.773
1622116445.228, lauv-roald, SmartX, 2.781
1622116445.728, lauv-roald, SmartX, 2.810
1622116446.228, lauv-roald, SmartX, 2.788
1622116446.728, lauv-roald, SmartX, 2.807
1622116447.228, lauv-roald, SmartX, 2.822
1622116447.728, lauv-roald, SmartX, 2.837
1622116448.228, lauv-roald, SmartX, 2.829
1622116448.728, lauv-roald, SmartX, 2.822
1622116449.228, lauv-roald, SmartX, 2.812
1622116449.728, lauv-roald, SmartX, 2.794
1622116450.228, lauv-roald, SmartX, 2.786
1622116450.728, lauv-roald, SmartX, 2.806
1622116451.228, lauv-roald, SmartX, 2.827
1622116451.728, lauv-roald, SmartX, 2.836
1622116452.228, lauv-roald, SmartX, 2.837
1622116452.728, lauv-roald, SmartX, 2.786
1622116453.228, lauv-roald, SmartX, 2.778
1622116453.728, lauv-roald, SmartX, 2.761
1622116454.228, lauv-roald, SmartX, 2.783
1622116454.728, lauv-roald, SmartX, 2.794
1622116455.228, lauv-roald, SmartX, 2.796
1622116455.727, lauv-roald, SmartX, 2.789
1622116456.227, lauv-roald, SmartX, 2.781
1622116456.727, lauv-roald, SmartX, 2.761
1622116457.228, lauv-roald, SmartX, 2.737
1622116457.728, lauv-roald, SmartX, 2.704
1622116458.227, lauv-roald, SmartX, 2.697
1622116458.727, lauv-roald, SmartX, 2.666
1622116459.227, lauv-roald, SmartX, 2.685
1622116459.727, lauv-roald, SmartX, 2.706
1622116460.227, lauv-roald, SmartX, 2.711
1622116460.727, lauv-roald, SmartX, 2.709
1622116461.227, lauv-roald, SmartX, 2.707
1622116461.727, lauv-roald, SmartX, 2.705
1622116462.227, lauv-roald, SmartX, 2.694
1622116462.727, lauv-roald, SmartX, 2.681
1622116463.227, lauv-roald, SmartX, 2.668
1622116463.727, lauv-roald, SmartX, 2.655
1622116464.227, lauv-roald, SmartX, 2.651
1622116464.727, lauv-roald, SmartX, 2.650
1622116465.227, lauv-roald, SmartX, 2.644
1622116465.727, lauv-roald, SmartX, 2.645
1622116466.227, lauv-roald, SmartX, 2.656
1622116466.727, lauv-roald, SmartX, 2.725
1622116467.227, lauv-roald, SmartX, 2.787
1622116467.727, lauv-roald, SmartX, 2.771
1622116468.227, lauv-roald, SmartX, 2.733
1622116468.727, lauv-roald, SmartX, 2.712
1622116469.226, lauv-roald, SmartX, 2.695
1622116469.727, lauv-roald, SmartX, 2.660
1622116470.227, lauv-roald, SmartX, 2.653
1622116470.726, lauv-roald, SmartX, 2.652
1622116471.226, lauv-roald, SmartX, 2.627
1622116471.726, lauv-roald, SmartX, 2.590
1622116472.226, lauv-roald, SmartX, 2.610
1622116472.726, lauv-roald, SmartX, 2.640
1622116473.226, lauv-roald, SmartX, 2.684
1622116473.726, lauv-roald, SmartX, 2.731
1622116474.226, lauv-roald, SmartX, 2.746
1622116474.726, lauv-roald, SmartX, 2.763
1622116475.226, lauv-roald, SmartX, 2.776
1622116475.726, lauv-roald, SmartX, 2.767
1622116476.226, lauv-roald, SmartX, 2.762
1622116476.726, lauv-roald, SmartX, 2.750
1622116477.226, lauv-roald, SmartX, 2.745
1622116477.726, lauv-roald, SmartX, 2.793
1622116478.226, lauv-roald, SmartX, 2.814
1622116478.726, lauv-roald, SmartX, 2.863
1622116479.226, lauv-roald, SmartX, 2.871
1622116479.726, lauv-roald, SmartX, 2.878
1622116480.226, lauv-roald, SmartX, 2.880
1622116480.726, lauv-roald, SmartX, 2.880
1622116481.226, lauv-roald, SmartX, 2.882
1622116481.726, lauv-roald, SmartX, 2.888
1622116482.226, lauv-roald, SmartX, 2.893
1622116482.726, lauv-roald, SmartX, 2.894
1622116483.226, lauv-roald, SmartX, 2.892
1622116483.725, lauv-roald, SmartX, 2.893
1622116484.226, lauv-roald, SmartX, 2.894
1622116484.725, lauv-roald, SmartX, 2.894
1622116485.225, lauv-roald, SmartX, 2.887
1622116485.726, lauv-roald, SmartX, 2.882
1622116486.225, lauv-roald, SmartX, 2.879
1622116486.725, lauv-roald, SmartX, 2.878
1622116487.225, lauv-roald, SmartX, 2.879
1622116487.725, lauv-roald, SmartX, 2.884
1622116488.225, lauv-roald, SmartX, 2.890
1622116488.725, lauv-roald, SmartX, 2.892
1622116489.225, lauv-roald, SmartX, 2.893
1622116489.725, lauv-roald, SmartX, 2.889
1622116490.225, lauv-roald, SmartX, 2.887
1622116490.725, lauv-roald, SmartX, 2.885
1622116491.225, lauv-roald, SmartX, 2.887
1622116491.725, lauv-roald, SmartX, 2.894
1622116492.225, lauv-roald, SmartX, 2.898
1622116492.725, lauv-roald, SmartX, 2.896
1622116493.225, lauv-roald, SmartX, 2.895
1622116493.725, lauv-roald, SmartX, 2.889
1622116494.225, lauv-roald, SmartX, 2.888
1622116494.725, lauv-roald, SmartX, 2.883
1622116495.225, lauv-roald, SmartX, 2.888
1622116495.725, lauv-roald, SmartX, 2.895
1622116496.225, lauv-roald, SmartX, 2.898
1622116496.725, lauv-roald, SmartX, 2.901
1622116497.224, lauv-roald, SmartX, 2.906
1622116497.725, lauv-roald, SmartX, 2.911
1622116498.224, lauv-roald, SmartX, 2.914
1622116498.724, lauv-roald, SmartX, 2.909
1622116499.225, lauv-roald, SmartX, 2.899
1622116499.724, lauv-roald, SmartX, 2.890
1622116500.224, lauv-roald, SmartX, 2.887
1622116500.724, lauv-roald, SmartX, 2.891
1622116501.224, lauv-roald, SmartX, 2.894
1622116501.724, lauv-roald, SmartX, 2.901
1622116502.224, lauv-roald, SmartX, 2.907
1622116502.724, lauv-roald, SmartX, 2.911
1622116503.224, lauv-roald, SmartX, 2.910
1622116503.724, lauv-roald, SmartX, 2.901
1622116504.224, lauv-roald, SmartX, 2.897
1622116504.724, lauv-roald, SmartX, 2.895
1622116505.224, lauv-roald, SmartX, 2.898
1622116505.724, lauv-roald, SmartX, 2.902
1622116506.224, lauv-roald, SmartX, 2.907
1622116506.724, lauv-roald, SmartX, 2.907
1622116507.224, lauv-roald, SmartX, 2.898
1622116507.724, lauv-roald, SmartX, 2.905
1622116508.224, lauv-roald, SmartX, 2.912
1622116508.724, lauv-roald, SmartX, 2.920
1622116509.224, lauv-roald, SmartX, 2.912
1622116509.724, lauv-roald, SmartX, 2.901
1622116510.224, lauv-roald, SmartX, 2.891
1622116510.724, lauv-roald, SmartX, 2.896
1622116511.223, lauv-roald, SmartX, 2.908
1622116511.724, lauv-roald, SmartX, 2.921
1622116512.224, lauv-roald, SmartX, 2.922
1622116512.724, lauv-roald, SmartX, 2.925
1622116513.224, lauv-roald, SmartX, 2.928
1622116513.724, lauv-roald, SmartX, 2.925
1622116514.223, lauv-roald, SmartX, 2.915
1622116514.724, lauv-roald, SmartX, 2.895
1622116515.224, lauv-roald, SmartX, 2.886
1622116515.723, lauv-roald, SmartX, 2.889
1622116516.223, lauv-roald, SmartX, 2.902
1622116516.723, lauv-roald, SmartX, 2.909
1622116517.223, lauv-roald, SmartX, 2.922
1622116517.724, lauv-roald, SmartX, 2.926
1622116518.223, lauv-roald, SmartX, 2.927
1622116518.723, lauv-roald, SmartX, 2.911
1622116519.223, lauv-roald, SmartX, 2.890
1622116519.723, lauv-roald, SmartX, 2.890
1622116520.223, lauv-roald, SmartX, 2.890
1622116520.723, lauv-roald, SmartX, 2.886
1622116521.223, lauv-roald, SmartX, 2.886
1622116521.723, lauv-roald, SmartX, 2.895
1622116522.223, lauv-roald, SmartX, 2.895
1622116522.723, lauv-roald, SmartX, 2.892
1622116523.223, lauv-roald, SmartX, 2.884
1622116523.723, lauv-roald, SmartX, 2.887
1622116524.223, lauv-roald, SmartX, 2.889
1622116524.723, lauv-roald, SmartX, 2.898
1622116525.223, lauv-roald, SmartX, 2.905
1622116525.723, lauv-roald, SmartX, 2.911
1622116526.223, lauv-roald, SmartX, 2.911
1622116526.723, lauv-roald, SmartX, 2.911
1622116527.223, lauv-roald, SmartX, 2.912
1622116527.723, lauv-roald, SmartX, 2.922
1622116528.223, lauv-roald, SmartX, 2.921
1622116528.723, lauv-roald, SmartX, 2.922
1622116529.223, lauv-roald, SmartX, 2.921
1622116529.723, lauv-roald, SmartX, 2.919
1622116530.222, lauv-roald, SmartX, 2.921
1622116530.722, lauv-roald, SmartX, 2.920
1622116531.222, lauv-roald, SmartX, 2.903
1622116531.722, lauv-roald, SmartX, 2.892
1622116532.222, lauv-roald, SmartX, 2.880
1622116532.722, lauv-roald, SmartX, 2.888
1622116533.222, lauv-roald, SmartX, 2.889
1622116533.722, lauv-roald, SmartX, 2.889
1622116534.222, lauv-roald, SmartX, 2.887
1622116534.722, lauv-roald, SmartX, 2.886
1622116535.222, lauv-roald, SmartX, 2.891
1622116535.722, lauv-roald, SmartX, 2.898
1622116536.222, lauv-roald, SmartX, 2.897
1622116536.722, lauv-roald, SmartX, 2.899
1622116537.222, lauv-roald, SmartX, 2.898
1622116537.722, lauv-roald, SmartX, 2.901
1622116538.222, lauv-roald, SmartX, 2.912
1622116538.722, lauv-roald, SmartX, 2.921
1622116539.222, lauv-roald, SmartX, 2.918
1622116539.722, lauv-roald, SmartX, 2.912
1622116540.222, lauv-roald, SmartX, 2.890
1622116540.722, lauv-roald, SmartX, 2.856
1622116541.222, lauv-roald, SmartX, 2.841
1622116541.722, lauv-roald, SmartX, 2.852
1622116542.222, lauv-roald, SmartX, 2.872
1622116542.722, lauv-roald, SmartX, 2.859
1622116543.222, lauv-roald, SmartX, 2.842
1622116543.722, lauv-roald, SmartX, 2.828
1622116544.221, lauv-roald, SmartX, 2.819
1622116544.721, lauv-roald, SmartX, 2.820
1622116545.222, lauv-roald, SmartX, 2.828
1622116545.721, lauv-roald, SmartX, 2.878
1622116546.221, lauv-roald, SmartX, 2.887
1622116546.721, lauv-roald, SmartX, 2.893
1622116547.221, lauv-roald, SmartX, 2.894
1622116547.721, lauv-roald, SmartX, 2.894
1622116548.221, lauv-roald, SmartX, 2.898
1622116548.721, lauv-roald, SmartX, 2.900
1622116549.221, lauv-roald, SmartX, 2.904
1622116549.721, lauv-roald, SmartX, 2.911
1622116550.221, lauv-roald, SmartX, 2.914
1622116550.721, lauv-roald, SmartX, 2.901
1622116551.221, lauv-roald, SmartX, 2.888
1622116551.721, lauv-roald, SmartX, 2.883
1622116552.221, lauv-roald, SmartX, 2.884
1622116552.721, lauv-roald, SmartX, 2.890
1622116553.221, lauv-roald, SmartX, 2.904
1622116553.721, lauv-roald, SmartX, 2.911
1622116554.221, lauv-roald, SmartX, 2.907
1622116554.721, lauv-roald, SmartX, 2.896
1622116555.221, lauv-roald, SmartX, 2.885
1622116555.721, lauv-roald, SmartX, 2.886
1622116556.221, lauv-roald, SmartX, 2.894
1622116556.721, lauv-roald, SmartX, 2.911
1622116557.220, lauv-roald, SmartX, 2.923
1622116557.720, lauv-roald, SmartX, 2.920
1622116558.220, lauv-roald, SmartX, 2.909
1622116558.720, lauv-roald, SmartX, 2.900
1622116559.220, lauv-roald, SmartX, 2.876
1622116559.721, lauv-roald, SmartX, 2.867
1622116560.220, lauv-roald, SmartX, 2.882
1622116560.720, lauv-roald, SmartX, 2.893
1622116561.220, lauv-roald, SmartX, 2.895
1622116561.720, lauv-roald, SmartX, 2.901
1622116562.220, lauv-roald, SmartX, 2.909
1622116562.720, lauv-roald, SmartX, 2.910
1622116563.220, lauv-roald, SmartX, 2.911
1622116563.720, lauv-roald, SmartX, 2.911
1622116564.220, lauv-roald, SmartX, 2.909
1622116564.720, lauv-roald, SmartX, 2.890
1622116565.220, lauv-roald, SmartX, 2.878
1622116565.720, lauv-roald, SmartX, 2.875
1622116566.220, lauv-roald, SmartX, 2.866
1622116566.720, lauv-roald, SmartX, 2.857
1622116567.220, lauv-roald, SmartX, 2.869
1622116567.720, lauv-roald, SmartX, 2.879
1622116568.220, lauv-roald, SmartX, 2.883
1622116568.720, lauv-roald, SmartX, 2.878
1622116569.220, lauv-roald, SmartX, 2.875
1622116569.720, lauv-roald, SmartX, 2.872
1622116570.220, lauv-roald, SmartX, 2.865
1622116570.720, lauv-roald, SmartX, 2.855
1622116571.220, lauv-roald, SmartX, 2.844
1622116571.720, lauv-roald, SmartX, 2.836
1622116572.220, lauv-roald, SmartX, 2.844
1622116572.720, lauv-roald, SmartX, 2.855
1622116573.220, lauv-roald, SmartX, 2.880
1622116573.720, lauv-roald, SmartX, 2.897
1622116574.219, lauv-roald, SmartX, 2.902
1622116574.719, lauv-roald, SmartX, 2.907
1622116575.219, lauv-roald, SmartX, 2.918
1622116575.719, lauv-roald, SmartX, 2.928
1622116576.219, lauv-roald, SmartX, 2.928
1622116576.719, lauv-roald, SmartX, 2.919
1622116577.219, lauv-roald, SmartX, 2.900
1622116577.719, lauv-roald, SmartX, 2.877
1622116578.219, lauv-roald, SmartX, 2.852
1622116578.719, lauv-roald, SmartX, 2.848
1622116579.219, lauv-roald, SmartX, 2.849
1622116579.719, lauv-roald, SmartX, 2.838
1622116580.219, lauv-roald, SmartX, 2.835
1622116580.719, lauv-roald, SmartX, 2.849
1622116581.219, lauv-roald, SmartX, 2.887
1622116581.719, lauv-roald, SmartX, 2.901
1622116582.219, lauv-roald, SmartX, 2.909
1622116582.719, lauv-roald, SmartX, 2.904
1622116583.219, lauv-roald, SmartX, 2.897
1622116583.719, lauv-roald, SmartX, 2.892
1622116584.219, lauv-roald, SmartX, 2.880
1622116584.719, lauv-roald, SmartX, 2.851
1622116585.219, lauv-roald, SmartX, 2.822
1622116585.719, lauv-roald, SmartX, 2.827
1622116586.219, lauv-roald, SmartX, 2.853
1622116586.719, lauv-roald, SmartX, 2.874
1622116587.218, lauv-roald, SmartX, 2.887
1622116587.719, lauv-roald, SmartX, 2.889
1622116588.218, lauv-roald, SmartX, 2.861
1622116588.718, lauv-roald, SmartX, 2.838
1622116589.218, lauv-roald, SmartX, 2.834
1622116589.718, lauv-roald, SmartX, 2.826
1622116590.218, lauv-roald, SmartX, 2.810
1622116590.718, lauv-roald, SmartX, 2.806
1622116591.218, lauv-roald, SmartX, 2.807
1622116591.718, lauv-roald, SmartX, 2.813
1622116592.218, lauv-roald, SmartX, 2.820
1622116592.718, lauv-roald, SmartX, 2.833
1622116593.218, lauv-roald, SmartX, 2.838
1622116593.718, lauv-roald, SmartX, 2.839
1622116594.218, lauv-roald, SmartX, 2.841
1622116594.718, lauv-roald, SmartX, 2.844
1622116595.218, lauv-roald, SmartX, 2.850
1622116595.718, lauv-roald, SmartX, 2.867
1622116596.218, lauv-roald, SmartX, 2.874
1622116596.718, lauv-roald, SmartX, 2.869
1622116597.218, lauv-roald, SmartX, 2.865
1622116597.718, lauv-roald, SmartX, 2.862
1622116598.218, lauv-roald, SmartX, 2.864
1622116598.718, lauv-roald, SmartX, 2.865
1622116599.218, lauv-roald, SmartX, 2.871
1622116599.718, lauv-roald, SmartX, 2.878
1622116600.218, lauv-roald, SmartX, 2.874
1622116600.718, lauv-roald, SmartX, 2.863
1622116601.218, lauv-roald, SmartX, 2.838
1622116601.718, lauv-roald, SmartX, 2.710
1622116602.218, lauv-roald, SmartX, 2.746
1622116602.718, lauv-roald, SmartX, 2.772
1622116603.217, lauv-roald, SmartX, 2.818
1622116603.718, lauv-roald, SmartX, 2.845
1622116604.218, lauv-roald, SmartX, 2.868
1622116604.717, lauv-roald, SmartX, 2.873
1622116605.217, lauv-roald, SmartX, 2.841
1622116605.717, lauv-roald, SmartX, 2.824
1622116606.217, lauv-roald, SmartX, 2.813
1622116606.717, lauv-roald, SmartX, 2.813
1622116607.217, lauv-roald, SmartX, 2.822
1622116607.717, lauv-roald, SmartX, 2.863
1622116608.217, lauv-roald, SmartX, 2.889
1622116608.717, lauv-roald, SmartX, 2.887
1622116609.217, lauv-roald, SmartX, 2.867
1622116609.717, lauv-roald, SmartX, 2.855
1622116610.217, lauv-roald, SmartX, 2.856
1622116610.717, lauv-roald, SmartX, 2.859
1622116611.217, lauv-roald, SmartX, 2.857
1622116611.717, lauv-roald, SmartX, 2.851
1622116612.217, lauv-roald, SmartX, 2.837
1622116612.717, lauv-roald, SmartX, 2.832
1622116613.217, lauv-roald, SmartX, 2.825
1622116613.717, lauv-roald, SmartX, 2.822
1622116614.217, lauv-roald, SmartX, 2.825
1622116614.717, lauv-roald, SmartX, 2.839
1622116615.217, lauv-roald, SmartX, 2.845
1622116615.717, lauv-roald, SmartX, 2.836
1622116616.217, lauv-roald, SmartX, 2.833
1622116616.717, lauv-roald, SmartX, 2.664
1622116617.217, lauv-roald, SmartX, 2.677
1622116617.717, lauv-roald, SmartX, 2.714
1622116618.217, lauv-roald, SmartX, 2.755
1622116618.716, lauv-roald, SmartX, 2.796
1622116619.216, lauv-roald, SmartX, 2.812
1622116619.716, lauv-roald, SmartX, 2.819
1622116620.216, lauv-roald, SmartX, 2.820
1622116620.716, lauv-roald, SmartX, 2.807
1622116621.216, lauv-roald, SmartX, 2.803
1622116621.716, lauv-roald, SmartX, 2.776
1622116622.216, lauv-roald, SmartX, 2.763
1622116622.716, lauv-roald, SmartX, 2.768
1622116623.216, lauv-roald, SmartX, 2.778
1622116623.716, lauv-roald, SmartX, 2.794
1622116624.216, lauv-roald, SmartX, 2.817
1622116624.716, lauv-roald, SmartX, 2.827
1622116625.216, lauv-roald, SmartX, 2.835
1622116625.716, lauv-roald, SmartX, 2.840
1622116626.216, lauv-roald, SmartX, 2.824
1622116626.716, lauv-roald, SmartX, 2.821
1622116627.216, lauv-roald, SmartX, 2.823
1622116627.716, lauv-roald, SmartX, 2.823
1622116628.216, lauv-roald, SmartX, 2.829
1622116628.716, lauv-roald, SmartX, 2.820
1622116629.216, lauv-roald, SmartX, 2.835
1622116629.716, lauv-roald, SmartX, 2.843
1622116630.216, lauv-roald, SmartX, 2.845
1622116630.716, lauv-roald, SmartX, 2.837
1622116631.215, lauv-roald, SmartX, 2.791
1622116631.716, lauv-roald, SmartX, 2.678
1622116632.215, lauv-roald, SmartX, 2.649
1622116632.716, lauv-roald, SmartX, 2.724
1622116633.215, lauv-roald, SmartX, 2.758
1622116633.715, lauv-roald, SmartX, 2.786
1622116634.216, lauv-roald, SmartX, 2.774
1622116634.715, lauv-roald, SmartX, 2.697
1622116635.215, lauv-roald, SmartX, 2.543
1622116635.715, lauv-roald, SmartX, 2.568
1622116636.215, lauv-roald, SmartX, 2.597
1622116636.715, lauv-roald, SmartX, 2.715
1622116637.215, lauv-roald, SmartX, 2.769
1622116637.715, lauv-roald, SmartX, 2.774
1622116638.215, lauv-roald, SmartX, 2.782
1622116638.715, lauv-roald, SmartX, 2.801
1622116639.215, lauv-roald, SmartX, 2.803
1622116639.715, lauv-roald, SmartX, 2.804
1622116640.215, lauv-roald, SmartX, 2.808
1622116640.715, lauv-roald, SmartX, 2.816
1622116641.215, lauv-roald, SmartX, 2.823
1622116641.715, lauv-roald, SmartX, 2.781
1622116642.215, lauv-roald, SmartX, 2.711
1622116642.715, lauv-roald, SmartX, 2.787
1622116643.215, lauv-roald, SmartX, 2.818
1622116643.715, lauv-roald, SmartX, 2.838
1622116644.215, lauv-roald, SmartX, 2.833
1622116644.715, lauv-roald, SmartX, 2.830
1622116645.215, lauv-roald, SmartX, 2.821
1622116645.714, lauv-roald, SmartX, 2.805
1622116646.215, lauv-roald, SmartX, 2.732
1622116646.715, lauv-roald, SmartX, 2.585
1622116647.215, lauv-roald, SmartX, 2.320
1622116647.715, lauv-roald, SmartX, 2.264
1622116648.215, lauv-roald, SmartX, 2.498
1622116648.715, lauv-roald, SmartX, 2.579
1622116649.214, lauv-roald, SmartX, 2.470
1622116649.715, lauv-roald, SmartX, 2.514
1622116650.214, lauv-roald, SmartX, 2.560
1622116650.714, lauv-roald, SmartX, 2.544
1622116651.214, lauv-roald, SmartX, 2.415
1622116651.714, lauv-roald, SmartX, 2.347
1622116652.214, lauv-roald, SmartX, 2.262
1622116652.714, lauv-roald, SmartX, 2.245
1622116653.214, lauv-roald, SmartX, 2.212
1622116653.714, lauv-roald, SmartX, 2.238
1622116654.214, lauv-roald, SmartX, 2.272
1622116654.714, lauv-roald, SmartX, 2.157
1622116655.214, lauv-roald, SmartX, 2.076
1622116655.714, lauv-roald, SmartX, 2.016
1622116656.214, lauv-roald, SmartX, 2.054
1622116656.714, lauv-roald, SmartX, 2.055
1622116657.214, lauv-roald, SmartX, 2.151
1622116657.714, lauv-roald, SmartX, 2.299
1622116658.214, lauv-roald, SmartX, 2.438
1622116658.714, lauv-roald, SmartX, 2.544
1622116659.214, lauv-roald, SmartX, 2.521
1622116659.714, lauv-roald, SmartX, 2.420
1622116660.214, lauv-roald, SmartX, 2.338
1622116660.714, lauv-roald, SmartX, 2.282
1622116661.214, lauv-roald, SmartX, 2.324
1622116661.714, lauv-roald, SmartX, 2.469
1622116662.213, lauv-roald, SmartX, 2.570
1622116662.714, lauv-roald, SmartX, 2.557
1622116663.213, lauv-roald, SmartX, 2.511
1622116663.713, lauv-roald, SmartX, 2.463
1622116664.214, lauv-roald, SmartX, 2.446
1622116664.713, lauv-roald, SmartX, 2.406
1622116665.214, lauv-roald, SmartX, 2.343
1622116665.713, lauv-roald, SmartX, 2.315
1622116666.213, lauv-roald, SmartX, 2.381
1622116666.713, lauv-roald, SmartX, 2.451
1622116667.213, lauv-roald, SmartX, 2.507
1622116667.713, lauv-roald, SmartX, 2.543
1622116668.213, lauv-roald, SmartX, 2.538
1622116668.714, lauv-roald, SmartX, 2.470
1622116669.213, lauv-roald, SmartX, 2.373
1622116669.713, lauv-roald, SmartX, 2.292
1622116670.213, lauv-roald, SmartX, 2.309
1622116670.713, lauv-roald, SmartX, 2.360
1622116671.213, lauv-roald, SmartX, 2.435
1622116671.713, lauv-roald, SmartX, 2.557
1622116672.213, lauv-roald, SmartX, 2.620
1622116672.713, lauv-roald, SmartX, 2.594
1622116673.213, lauv-roald, SmartX, 2.563
1622116673.713, lauv-roald, SmartX, 2.516
1622116674.213, lauv-roald, SmartX, 2.497
1622116674.713, lauv-roald, SmartX, 2.521
1622116675.213, lauv-roald, SmartX, 2.605
1622116675.713, lauv-roald, SmartX, 2.705
1622116676.213, lauv-roald, SmartX, 2.746
1622116676.713, lauv-roald, SmartX, 2.723
1622116677.212, lauv-roald, SmartX, 2.647
1622116677.713, lauv-roald, SmartX, 2.424
1622116678.213, lauv-roald, SmartX, 2.359
1622116678.712, lauv-roald, SmartX, 2.401
1622116679.213, lauv-roald, SmartX, 2.470
1622116679.712, lauv-roald, SmartX, 2.588
1622116680.212, lauv-roald, SmartX, 2.634
1622116680.712, lauv-roald, SmartX, 2.607
1622116681.212, lauv-roald, SmartX, 2.585
1622116681.712, lauv-roald, SmartX, 2.579
1622116682.213, lauv-roald, SmartX, 2.520
1622116682.712, lauv-roald, SmartX, 2.364
1622116683.212, lauv-roald, SmartX, 2.350
1622116683.712, lauv-roald, SmartX, 2.416
1622116684.212, lauv-roald, SmartX, 2.498
1622116684.712, lauv-roald, SmartX, 2.574
1622116685.212, lauv-roald, SmartX, 2.629
1622116685.712, lauv-roald, SmartX, 2.720
1622116686.212, lauv-roald, SmartX, 2.745
1622116686.712, lauv-roald, SmartX, 2.729
1622116687.212, lauv-roald, SmartX, 2.612
1622116687.712, lauv-roald, SmartX, 2.547
1622116688.212, lauv-roald, SmartX, 2.483
1622116688.712, lauv-roald, SmartX, 2.471
1622116689.212, lauv-roald, SmartX, 2.626
1622116689.712, lauv-roald, SmartX, 2.589
1622116690.212, lauv-roald, SmartX, 2.437
1622116690.712, lauv-roald, SmartX, 2.345
1622116691.212, lauv-roald, SmartX, 2.333
1622116691.712, lauv-roald, SmartX, 2.322
1622116692.212, lauv-roald, SmartX, 2.395
1622116692.712, lauv-roald, SmartX, 2.544
1622116693.212, lauv-roald, SmartX, 2.643
1622116693.712, lauv-roald, SmartX, 2.669
1622116694.212, lauv-roald, SmartX, 2.682
1622116694.711, lauv-roald, SmartX, 2.658
1622116695.211, lauv-roald, SmartX, 2.654
1622116695.711, lauv-roald, SmartX, 2.638
1622116696.211, lauv-roald, SmartX, 2.613
1622116696.711, lauv-roald, SmartX, 2.614
1622116697.211, lauv-roald, SmartX, 2.657
1622116697.711, lauv-roald, SmartX, 2.720
1622116698.211, lauv-roald, SmartX, 2.763
1622116698.711, lauv-roald, SmartX, 2.776
1622116699.211, lauv-roald, SmartX, 2.677
1622116699.711, lauv-roald, SmartX, 2.541
1622116700.211, lauv-roald, SmartX, 2.431
1622116700.711, lauv-roald, SmartX, 2.478
1622116701.211, lauv-roald, SmartX, 2.561
1622116701.711, lauv-roald, SmartX, 2.568
1622116702.211, lauv-roald, SmartX, 2.569
1622116702.711, lauv-roald, SmartX, 2.610
1622116703.211, lauv-roald, SmartX, 2.702
1622116703.711, lauv-roald, SmartX, 2.771
1622116704.211, lauv-roald, SmartX, 2.782
1622116704.711, lauv-roald, SmartX, 2.710
1622116705.211, lauv-roald, SmartX, 2.542
1622116705.711, lauv-roald, SmartX, 2.401
1622116706.211, lauv-roald, SmartX, 2.373
1622116706.711, lauv-roald, SmartX, 2.527
1622116707.210, lauv-roald, SmartX, 2.610
1622116707.710, lauv-roald, SmartX, 2.714
1622116708.211, lauv-roald, SmartX, 2.739
1622116708.710, lauv-roald, SmartX, 2.700
1622116709.211, lauv-roald, SmartX, 2.628
1622116709.710, lauv-roald, SmartX, 2.602
1622116710.210, lauv-roald, SmartX, 2.571
1622116710.710, lauv-roald, SmartX, 2.511
1622116711.210, lauv-roald, SmartX, 2.507
1622116711.710, lauv-roald, SmartX, 2.527
1622116712.210, lauv-roald, SmartX, 2.552
1622116712.710, lauv-roald, SmartX, 2.549
1622116713.210, lauv-roald, SmartX, 2.553
1622116713.710, lauv-roald, SmartX, 2.557
1622116714.210, lauv-roald, SmartX, 2.551
1622116714.710, lauv-roald, SmartX, 2.546
1622116715.210, lauv-roald, SmartX, 2.551
1622116715.710, lauv-roald, SmartX, 2.566
1622116716.210, lauv-roald, SmartX, 2.586
1622116716.710, lauv-roald, SmartX, 2.634
1622116717.210, lauv-roald, SmartX, 2.641
1622116717.710, lauv-roald, SmartX, 2.599
1622116718.210, lauv-roald, SmartX, 2.493
1622116718.710, lauv-roald, SmartX, 2.494
1622116719.210, lauv-roald, SmartX, 2.539
1622116719.710, lauv-roald, SmartX, 2.553
1622116720.210, lauv-roald, SmartX, 2.588
1622116720.710, lauv-roald, SmartX, 2.593
1622116721.210, lauv-roald, SmartX, 2.577
1622116721.710, lauv-roald, SmartX, 2.517
1622116722.210, lauv-roald, SmartX, 2.420
1622116722.710, lauv-roald, SmartX, 2.428
1622116723.210, lauv-roald, SmartX, 2.486
1622116723.710, lauv-roald, SmartX, 2.561
1622116724.209, lauv-roald, SmartX, 2.595
1622116724.709, lauv-roald, SmartX, 2.666
1622116725.209, lauv-roald, SmartX, 2.674
1622116725.709, lauv-roald, SmartX, 2.661
1622116726.209, lauv-roald, SmartX, 2.622
1622116726.709, lauv-roald, SmartX, 2.594
1622116727.209, lauv-roald, SmartX, 2.575
1622116727.709, lauv-roald, SmartX, 2.586
1622116728.209, lauv-roald, SmartX, 2.625
1622116728.709, lauv-roald, SmartX, 2.621
1622116729.209, lauv-roald, SmartX, 2.621
1622116729.709, lauv-roald, SmartX, 2.622
1622116730.209, lauv-roald, SmartX, 2.618
1622116730.709, lauv-roald, SmartX, 2.611
1622116731.209, lauv-roald, SmartX, 2.602
1622116731.709, lauv-roald, SmartX, 2.563
1622116732.209, lauv-roald, SmartX, 2.482
1622116732.709, lauv-roald, SmartX, 2.454
1622116733.209, lauv-roald, SmartX, 2.462
1622116733.709, lauv-roald, SmartX, 2.491
1622116734.209, lauv-roald, SmartX, 2.526
1622116734.709, lauv-roald, SmartX, 2.570
1622116735.209, lauv-roald, SmartX, 2.644
1622116735.709, lauv-roald, SmartX, 2.686
1622116736.208, lauv-roald, SmartX, 2.691
1622116736.709, lauv-roald, SmartX, 2.663
1622116737.208, lauv-roald, SmartX, 2.607
1622116737.708, lauv-roald, SmartX, 2.541
1622116738.209, lauv-roald, SmartX, 2.573
1622116738.708, lauv-roald, SmartX, 2.642
1622116739.209, lauv-roald, SmartX, 2.721
1622116739.708, lauv-roald, SmartX, 2.741
1622116740.208, lauv-roald, SmartX, 2.758
1622116740.708, lauv-roald, SmartX, 2.758
1622116741.208, lauv-roald, SmartX, 2.761
1622116741.708, lauv-roald, SmartX, 2.761
1622116742.208, lauv-roald, SmartX, 2.728
1622116742.708, lauv-roald, SmartX, 2.681
1622116743.209, lauv-roald, SmartX, 2.651
1622116743.708, lauv-roald, SmartX, 2.617
1622116744.208, lauv-roald, SmartX, 2.606
1622116744.708, lauv-roald, SmartX, 2.607
1622116745.208, lauv-roald, SmartX, 2.626
1622116745.708, lauv-roald, SmartX, 2.697
1622116746.208, lauv-roald, SmartX, 2.704
1622116746.708, lauv-roald, SmartX, 2.658
1622116747.208, lauv-roald, SmartX, 2.531
1622116747.708, lauv-roald, SmartX, 2.493
1622116748.208, lauv-roald, SmartX, 2.546
1622116748.708, lauv-roald, SmartX, 2.588
1622116749.208, lauv-roald, SmartX, 2.636
1622116749.708, lauv-roald, SmartX, 2.620
1622116750.207, lauv-roald, SmartX, 2.605
1622116750.708, lauv-roald, SmartX, 2.588
1622116751.208, lauv-roald, SmartX, 2.587
1622116751.707, lauv-roald, SmartX, 2.590
1622116752.207, lauv-roald, SmartX, 2.605
1622116752.708, lauv-roald, SmartX, 2.685
1622116753.208, lauv-roald, SmartX, 2.722
1622116753.708, lauv-roald, SmartX, 2.695
1622116754.207, lauv-roald, SmartX, 2.677
1622116754.707, lauv-roald, SmartX, 2.669
1622116755.207, lauv-roald, SmartX, 2.646
1622116755.707, lauv-roald, SmartX, 2.640
1622116756.207, lauv-roald, SmartX, 2.636
1622116756.707, lauv-roald, SmartX, 2.645
1622116757.207, lauv-roald, SmartX, 2.641
1622116757.707, lauv-roald, SmartX, 2.642
1622116758.207, lauv-roald, SmartX, 2.661
1622116758.707, lauv-roald, SmartX, 2.668
1622116759.208, lauv-roald, SmartX, 2.694
1622116759.707, lauv-roald, SmartX, 2.711
1622116760.207, lauv-roald, SmartX, 2.718
1622116760.707, lauv-roald, SmartX, 2.716
1622116761.207, lauv-roald, SmartX, 2.707
1622116761.707, lauv-roald, SmartX, 2.691
1622116762.207, lauv-roald, SmartX, 2.649
1622116762.707, lauv-roald, SmartX, 2.465
1622116763.207, lauv-roald, SmartX, 2.401
1622116763.707, lauv-roald, SmartX, 2.435
1622116764.207, lauv-roald, SmartX, 2.529
1622116764.707, lauv-roald, SmartX, 2.594
1622116765.207, lauv-roald, SmartX, 2.663
1622116765.707, lauv-roald, SmartX, 2.705
1622116766.206, lauv-roald, SmartX, 2.705
1622116766.707, lauv-roald, SmartX, 2.680
1622116767.207, lauv-roald, SmartX, 2.599
1622116767.706, lauv-roald, SmartX, 2.635
1622116768.206, lauv-roald, SmartX, 2.670
1622116768.706, lauv-roald, SmartX, 2.691
1622116769.206, lauv-roald, SmartX, 2.685
1622116769.706, lauv-roald, SmartX, 2.683
1622116770.206, lauv-roald, SmartX, 2.695
1622116770.706, lauv-roald, SmartX, 2.702
1622116771.206, lauv-roald, SmartX, 2.720
1622116771.706, lauv-roald, SmartX, 2.744
1622116772.206, lauv-roald, SmartX, 2.741
1622116772.706, lauv-roald, SmartX, 2.707
1622116773.207, lauv-roald, SmartX, 2.679
1622116773.706, lauv-roald, SmartX, 2.718
1622116774.206, lauv-roald, SmartX, 2.747
1622116774.706, lauv-roald, SmartX, 2.791
1622116775.206, lauv-roald, SmartX, 2.811
1622116775.706, lauv-roald, SmartX, 2.821
1622116776.206, lauv-roald, SmartX, 2.823
1622116776.706, lauv-roald, SmartX, 2.812
1622116777.206, lauv-roald, SmartX, 2.812
1622116777.706, lauv-roald, SmartX, 2.820
1622116778.206, lauv-roald, SmartX, 2.825
1622116778.705, lauv-roald, SmartX, 2.821
1622116779.206, lauv-roald, SmartX, 2.826
1622116779.705, lauv-roald, SmartX, 2.827
1622116780.205, lauv-roald, SmartX, 2.840
1622116780.705, lauv-roald, SmartX, 2.857
1622116781.205, lauv-roald, SmartX, 2.864
1622116781.705, lauv-roald, SmartX, 2.879
1622116782.205, lauv-roald, SmartX, 2.879
1622116782.706, lauv-roald, SmartX, 2.876
1622116783.205, lauv-roald, SmartX, 2.859
1622116783.705, lauv-roald, SmartX, 2.833
1622116784.205, lauv-roald, SmartX, 2.827
1622116784.705, lauv-roald, SmartX, 2.852
1622116785.205, lauv-roald, SmartX, 2.882
1622116785.705, lauv-roald, SmartX, 2.883
1622116786.205, lauv-roald, SmartX, 2.881
1622116786.705, lauv-roald, SmartX, 2.771
1622116787.205, lauv-roald, SmartX, 2.728
1622116787.705, lauv-roald, SmartX, 2.662
1622116788.206, lauv-roald, SmartX, 2.617
1622116788.705, lauv-roald, SmartX, 2.701
1622116789.205, lauv-roald, SmartX, 2.748
1622116789.705, lauv-roald, SmartX, 2.783
1622116790.205, lauv-roald, SmartX, 2.830
1622116790.705, lauv-roald, SmartX, 2.844
1622116791.205, lauv-roald, SmartX, 2.847
1622116791.705, lauv-roald, SmartX, 2.836
1622116792.205, lauv-roald, SmartX, 2.829
1622116792.705, lauv-roald, SmartX, 2.839
1622116793.205, lauv-roald, SmartX, 2.846
1622116793.705, lauv-roald, SmartX, 2.834
1622116794.205, lauv-roald, SmartX, 2.731
1622116794.705, lauv-roald, SmartX, 2.671
1622116795.205, lauv-roald, SmartX, 2.633
1622116795.705, lauv-roald, SmartX, 2.613
1622116796.204, lauv-roald, SmartX, 2.604
1622116796.704, lauv-roald, SmartX, 2.600
1622116797.205, lauv-roald, SmartX, 2.613
1622116797.704, lauv-roald, SmartX, 2.593
1622116798.204, lauv-roald, SmartX, 2.576
1622116798.704, lauv-roald, SmartX, 2.542
1622116799.204, lauv-roald, SmartX, 2.526
1622116799.704, lauv-roald, SmartX, 2.537
1622116800.204, lauv-roald, SmartX, 2.564
1622116800.704, lauv-roald, SmartX, 2.589
1622116801.204, lauv-roald, SmartX, 2.565
1622116801.704, lauv-roald, SmartX, 2.551
1622116802.204, lauv-roald, SmartX, 2.552
1622116802.704, lauv-roald, SmartX, 2.544
1622116803.204, lauv-roald, SmartX, 2.540
1622116803.704, lauv-roald, SmartX, 2.535
1622116804.204, lauv-roald, SmartX, 2.529
1622116804.704, lauv-roald, SmartX, 2.515
1622116805.204, lauv-roald, SmartX, 2.523
1622116805.704, lauv-roald, SmartX, 2.535
1622116806.204, lauv-roald, SmartX, 2.600
1622116806.704, lauv-roald, SmartX, 2.639
1622116807.204, lauv-roald, SmartX, 2.663
1622116807.704, lauv-roald, SmartX, 2.722
1622116808.204, lauv-roald, SmartX, 2.731
1622116808.704, lauv-roald, SmartX, 2.713
1622116809.204, lauv-roald, SmartX, 2.695
1622116809.704, lauv-roald, SmartX, 2.688
1622116810.204, lauv-roald, SmartX, 2.670
1622116810.703, lauv-roald, SmartX, 2.628
1622116811.203, lauv-roald, SmartX, 2.605
1622116811.704, lauv-roald, SmartX, 2.615
1622116812.203, lauv-roald, SmartX, 2.634
1622116812.703, lauv-roald, SmartX, 2.704
1622116813.203, lauv-roald, SmartX, 2.743
1622116813.703, lauv-roald, SmartX, 2.696
1622116814.203, lauv-roald, SmartX, 2.653
1622116814.703, lauv-roald, SmartX, 2.615
1622116815.203, lauv-roald, SmartX, 2.601
1622116815.703, lauv-roald, SmartX, 2.593
1622116816.203, lauv-roald, SmartX, 2.569
1622116816.703, lauv-roald, SmartX, 2.469
1622116817.203, lauv-roald, SmartX, 2.448
1622116817.703, lauv-roald, SmartX, 2.378
1622116818.203, lauv-roald, SmartX, 2.431
1622116818.703, lauv-roald, SmartX, 2.483
1622116819.203, lauv-roald, SmartX, 2.543
1622116819.703, lauv-roald, SmartX, 2.592
1622116820.203, lauv-roald, SmartX, 2.605
1622116820.703, lauv-roald, SmartX, 2.574
1622116821.203, lauv-roald, SmartX, 2.518
1622116821.703, lauv-roald, SmartX, 2.515
1622116822.203, lauv-roald, SmartX, 2.490
1622116822.703, lauv-roald, SmartX, 2.410
1622116823.203, lauv-roald, SmartX, 2.446
1622116823.703, lauv-roald, SmartX, 2.479
1622116824.203, lauv-roald, SmartX, 2.482
1622116824.702, lauv-roald, SmartX, 2.472
1622116825.203, lauv-roald, SmartX, 2.476
1622116825.702, lauv-roald, SmartX, 2.477
1622116826.203, lauv-roald, SmartX, 2.497
1622116826.703, lauv-roald, SmartX, 2.549
1622116827.202, lauv-roald, SmartX, 2.534
1622116827.703, lauv-roald, SmartX, 2.440
1622116828.203, lauv-roald, SmartX, 2.369
1622116828.702, lauv-roald, SmartX, 2.323
1622116829.202, lauv-roald, SmartX, 2.337
1622116829.702, lauv-roald, SmartX, 2.416
1622116830.202, lauv-roald, SmartX, 2.593
1622116830.702, lauv-roald, SmartX, 2.635
1622116831.202, lauv-roald, SmartX, 2.613
1622116831.702, lauv-roald, SmartX, 2.551
1622116832.202, lauv-roald, SmartX, 2.434
1622116832.702, lauv-roald, SmartX, 2.331
1622116833.202, lauv-roald, SmartX, 2.320
1622116833.702, lauv-roald, SmartX, 2.371
1622116834.202, lauv-roald, SmartX, 2.482
1622116834.702, lauv-roald, SmartX, 2.517
1622116835.202, lauv-roald, SmartX, 2.521
1622116835.703, lauv-roald, SmartX, 2.449
1622116836.202, lauv-roald, SmartX, 2.341
1622116836.702, lauv-roald, SmartX, 2.256
1622116837.202, lauv-roald, SmartX, 2.159
1622116837.702, lauv-roald, SmartX, 2.119
1622116838.202, lauv-roald, SmartX, 2.081
1622116838.702, lauv-roald, SmartX, 2.063
1622116839.202, lauv-roald, SmartX, 2.050
1622116839.702, lauv-roald, SmartX, 2.047
1622116840.202, lauv-roald, SmartX, 2.057
1622116840.702, lauv-roald, SmartX, 2.148
1622116841.202, lauv-roald, SmartX, 2.415
1622116841.701, lauv-roald, SmartX, 2.485
1622116842.201, lauv-roald, SmartX, 2.514
1622116842.701, lauv-roald, SmartX, 2.338
1622116843.201, lauv-roald, SmartX, 2.215
1622116843.701, lauv-roald, SmartX, 2.061
1622116844.201, lauv-roald, SmartX, 2.049
1622116844.701, lauv-roald, SmartX, 2.052
1622116845.201, lauv-roald, SmartX, 2.084
1622116845.701, lauv-roald, SmartX, 2.159
1622116846.201, lauv-roald, SmartX, 2.287
1622116846.701, lauv-roald, SmartX, 2.340
1622116847.201, lauv-roald, SmartX, 2.270
1622116847.701, lauv-roald, SmartX, 2.156
1622116848.201, lauv-roald, SmartX, 2.060
1622116848.701, lauv-roald, SmartX, 2.048
1622116849.201, lauv-roald, SmartX, 2.048
1622116849.701, lauv-roald, SmartX, 2.058
1622116850.201, lauv-roald, SmartX, 2.074
1622116850.701, lauv-roald, SmartX, 2.089
1622116851.201, lauv-roald, SmartX, 2.158
1622116851.701, lauv-roald, SmartX, 2.230
1622116852.201, lauv-roald, SmartX, 2.212
1622116852.701, lauv-roald, SmartX, 2.174
1622116853.201, lauv-roald, SmartX, 2.129
1622116853.702, lauv-roald, SmartX, 2.125
1622116854.201, lauv-roald, SmartX, 2.128
1622116854.701, lauv-roald, SmartX, 2.124
1622116855.201, lauv-roald, SmartX, 2.111
1622116855.700, lauv-roald, SmartX, 2.109
1622116856.201, lauv-roald, SmartX, 2.114
1622116856.701, lauv-roald, SmartX, 2.109
1622116857.201, lauv-roald, SmartX, 2.093
1622116857.701, lauv-roald, SmartX, 2.075
1622116858.200, lauv-roald, SmartX, 2.072
1622116858.700, lauv-roald, SmartX, 2.075
1622116859.200, lauv-roald, SmartX, 2.090
1622116859.700, lauv-roald, SmartX, 2.108
1622116860.200, lauv-roald, SmartX, 2.102
1622116860.700, lauv-roald, SmartX, 2.089
1622116861.200, lauv-roald, SmartX, 2.052
1622116861.700, lauv-roald, SmartX, 2.042
1622116862.200, lauv-roald, SmartX, 2.032
1622116862.700, lauv-roald, SmartX, 2.059
1622116863.200, lauv-roald, SmartX, 2.074
1622116863.700, lauv-roald, SmartX, 2.124
1622116864.200, lauv-roald, SmartX, 2.113
1622116864.700, lauv-roald, SmartX, 2.040
1622116865.200, lauv-roald, SmartX, 1.946
1622116865.700, lauv-roald, SmartX, 1.914
1622116866.200, lauv-roald, SmartX, 1.936
1622116866.700, lauv-roald, SmartX, 1.998
1622116867.200, lauv-roald, SmartX, 2.197
1622116867.700, lauv-roald, SmartX, 2.232
1622116868.200, lauv-roald, SmartX, 2.159
1622116868.700, lauv-roald, SmartX, 2.033
1622116869.200, lauv-roald, SmartX, 1.962
1622116869.700, lauv-roald, SmartX, 1.863
1622116870.199, lauv-roald, SmartX, 1.842
1622116870.700, lauv-roald, SmartX, 1.862
1622116871.200, lauv-roald, SmartX, 1.941
1622116871.700, lauv-roald, SmartX, 2.062
1622116872.200, lauv-roald, SmartX, 2.054
1622116872.699, lauv-roald, SmartX, 2.013
1622116873.199, lauv-roald, SmartX, 1.924
1622116873.699, lauv-roald, SmartX, 1.849
1622116874.199, lauv-roald, SmartX, 1.776
1622116874.699, lauv-roald, SmartX, 1.738
1622116875.199, lauv-roald, SmartX, 1.715
1622116875.699, lauv-roald, SmartX, 1.712
1622116876.199, lauv-roald, SmartX, 1.740
1622116876.699, lauv-roald, SmartX, 1.822
1622116877.199, lauv-roald, SmartX, 1.961
1622116877.699, lauv-roald, SmartX, 1.997
1622116878.199, lauv-roald, SmartX, 1.923
1622116878.699, lauv-roald, SmartX, 1.852
1622116879.198, lauv-roald, SmartX, 1.778
1622116879.699, lauv-roald, SmartX, 1.692
1622116880.198, lauv-roald, SmartX, 1.639
1622116880.698, lauv-roald, SmartX, 1.667
1622116881.198, lauv-roald, SmartX, 1.764
1622116881.698, lauv-roald, SmartX, 1.808
1622116882.198, lauv-roald, SmartX, 1.803
1622116882.698, lauv-roald, SmartX, 1.778
1622116883.198, lauv-roald, SmartX, 1.707
1622116883.698, lauv-roald, SmartX, 1.641
1622116884.198, lauv-roald, SmartX, 1.616
1622116884.698, lauv-roald, SmartX, 1.605
1622116885.198, lauv-roald, SmartX, 1.645
1622116885.698, lauv-roald, SmartX, 1.790
1622116886.198, lauv-roald, SmartX, 1.909
1622116886.699, lauv-roald, SmartX, 2.075
1622116887.198, lauv-roald, SmartX, 2.137
1622116887.698, lauv-roald, SmartX, 2.120
1622116888.198, lauv-roald, SmartX, 1.958
1622116888.698, lauv-roald, SmartX, 1.725
1622116889.198, lauv-roald, SmartX, 1.676
1622116889.698, lauv-roald, SmartX, 1.619
1622116890.198, lauv-roald, SmartX, 1.587
1622116890.698, lauv-roald, SmartX, 1.584
1622116891.198, lauv-roald, SmartX, 1.622
1622116891.697, lauv-roald, SmartX, 1.686
1622116892.198, lauv-roald, SmartX, 1.793
1622116892.698, lauv-roald, SmartX, 1.974
1622116893.198, lauv-roald, SmartX, 2.012
1622116893.698, lauv-roald, SmartX, 1.953
1622116894.198, lauv-roald, SmartX, 1.989
1622116894.698, lauv-roald, SmartX, 1.990
1622116895.198, lauv-roald, SmartX, 2.075
1622116895.698, lauv-roald, SmartX, 1.999
1622116896.198, lauv-roald, SmartX, 1.922
1622116896.698, lauv-roald, SmartX, 1.913
1622116897.198, lauv-roald, SmartX, 1.833
1622116897.697, lauv-roald, SmartX, 1.788
1622116898.197, lauv-roald, SmartX, 1.758
1622116898.697, lauv-roald, SmartX, 1.799
1622116899.197, lauv-roald, SmartX, 1.830
1622116899.697, lauv-roald, SmartX, 1.808
1622116900.199, lauv-roald, SmartX, 1.706
1622116900.697, lauv-roald, SmartX, 1.650
1622116901.197, lauv-roald, SmartX, 1.611
1622116901.697, lauv-roald, SmartX, 1.545
1622116902.197, lauv-roald, SmartX, 1.509
1622116902.697, lauv-roald, SmartX, 1.499
1622116903.197, lauv-roald, SmartX, 1.501
1622116903.697, lauv-roald, SmartX, 1.490
1622116904.197, lauv-roald, SmartX, 1.486
1622116904.697, lauv-roald, SmartX, 1.466
1622116905.197, lauv-roald, SmartX, 1.443
1622116905.697, lauv-roald, SmartX, 1.390
1622116906.197, lauv-roald, SmartX, 1.440
1622116906.697, lauv-roald, SmartX, 1.546
1622116907.197, lauv-roald, SmartX, 1.668
1622116907.697, lauv-roald, SmartX, 1.789
1622116908.196, lauv-roald, SmartX, 1.781
1622116908.696, lauv-roald, SmartX, 1.671
1622116909.197, lauv-roald, SmartX, 1.592
1622116909.697, lauv-roald, SmartX, 1.524
1622116910.196, lauv-roald, SmartX, 1.449
1622116910.696, lauv-roald, SmartX, 1.410
1622116911.196, lauv-roald, SmartX, 1.446
1622116911.696, lauv-roald, SmartX, 1.556
1622116912.196, lauv-roald, SmartX, 1.618
1622116912.696, lauv-roald, SmartX, 1.613
1622116913.196, lauv-roald, SmartX, 1.560
1622116913.696, lauv-roald, SmartX, 1.437
1622116914.196, lauv-roald, SmartX, 1.059
1622116914.696, lauv-roald, SmartX, 0.955
1622116915.196, lauv-roald, SmartX, 0.793
1622116915.696, lauv-roald, SmartX, 0.804
1622116916.196, lauv-roald, SmartX, 0.964
1622116916.696, lauv-roald, SmartX, 1.062
1622116917.196, lauv-roald, SmartX, 1.150
1622116917.696, lauv-roald, SmartX, 1.153
1622116918.196, lauv-roald, SmartX, 1.107
1622116918.695, lauv-roald, SmartX, 0.970
1622116919.196, lauv-roald, SmartX, 0.784
1622116919.696, lauv-roald, SmartX, 0.669
1622116920.196, lauv-roald, SmartX, 0.645
1622116920.696, lauv-roald, SmartX, 0.736
1622116921.196, lauv-roald, SmartX, 0.859
1622116921.696, lauv-roald, SmartX, 0.829
1622116922.196, lauv-roald, SmartX, 0.806
1622116922.696, lauv-roald, SmartX, 0.821
1622116923.196, lauv-roald, SmartX, 0.793
1622116923.696, lauv-roald, SmartX, 0.813
1622116924.196, lauv-roald, SmartX, 0.847
1622116924.696, lauv-roald, SmartX, 0.882
1622116925.195, lauv-roald, SmartX, 0.929
1622116925.695, lauv-roald, SmartX, 1.021
1622116926.196, lauv-roald, SmartX, 1.149
1622116926.695, lauv-roald, SmartX, 1.425
1622116927.195, lauv-roald, SmartX, 1.572
1622116927.696, lauv-roald, SmartX, 1.916
1622116928.196, lauv-roald, SmartX, 2.102
1622116928.696, lauv-roald, SmartX, 2.262
1622116929.195, lauv-roald, SmartX, 2.579
1622116929.695, lauv-roald, SmartX, 2.649
1622116930.195, lauv-roald, SmartX, 2.800
1622116930.695, lauv-roald, SmartX, 2.917
1622116931.195, lauv-roald, SmartX, 2.981
1622116931.695, lauv-roald, SmartX, 3.032
1622116932.195, lauv-roald, SmartX, 3.056
1622116932.695, lauv-roald, SmartX, 3.068
1622116933.195, lauv-roald, SmartX, 3.076
1622116933.695, lauv-roald, SmartX, 3.086
1622116934.195, lauv-roald, SmartX, 3.092
1622116934.695, lauv-roald, SmartX, 3.095
1622116935.195, lauv-roald, SmartX, 3.097
1622116935.695, lauv-roald, SmartX, 3.099
1622116936.195, lauv-roald, SmartX, 3.100
1622116936.695, lauv-roald, SmartX, 3.101
1622116937.195, lauv-roald, SmartX, 3.103
1622116937.695, lauv-roald, SmartX, 3.104
1622116938.195, lauv-roald, SmartX, 3.105
1622116938.695, lauv-roald, SmartX, 3.107
1622116939.195, lauv-roald, SmartX, 3.108
1622116939.695, lauv-roald, SmartX, 3.109
1622116940.195, lauv-roald, SmartX, 3.110
1622116940.695, lauv-roald, SmartX, 3.110
1622116941.195, lauv-roald, SmartX, 3.110
1622116941.695, lauv-roald, SmartX, 3.112
1622116942.195, lauv-roald, SmartX, 3.113
1622116942.694, lauv-roald, SmartX, 3.115
1622116943.195, lauv-roald, SmartX, 3.119
1622116943.694, lauv-roald, SmartX, 3.121
1622116944.195, lauv-roald, SmartX, 3.123
1622116944.694, lauv-roald, SmartX, 3.125
1622116945.194, lauv-roald, SmartX, 3.127
1622116945.694, lauv-roald, SmartX, 3.130
1622116946.194, lauv-roald, SmartX, 3.132
1622116946.694, lauv-roald, SmartX, 3.134
1622116947.194, lauv-roald, SmartX, 3.138
1622116947.694, lauv-roald, SmartX, 3.141
1622116948.194, lauv-roald, SmartX, 3.146
1622116948.694, lauv-roald, SmartX, 3.150
1622116949.194, lauv-roald, SmartX, 3.152
1622116949.694, lauv-roald, SmartX, 3.154
1622116950.194, lauv-roald, SmartX, 3.157
1622116950.694, lauv-roald, SmartX, 3.159
1622116951.194, lauv-roald, SmartX, 3.165
1622116951.694, lauv-roald, SmartX, 3.181
1622116952.194, lauv-roald, SmartX, 3.192
1622116952.694, lauv-roald, SmartX, 3.200
1622116953.194, lauv-roald, SmartX, 3.212
1622116953.694, lauv-roald, SmartX, 3.217
1622116954.194, lauv-roald, SmartX, 3.221
1622116954.694, lauv-roald, SmartX, 3.225
1622116955.194, lauv-roald, SmartX, 3.229
1622116955.694, lauv-roald, SmartX, 3.232
1622116956.194, lauv-roald, SmartX, 3.233
1622116956.694, lauv-roald, SmartX, 3.234
1622116957.194, lauv-roald, SmartX, 3.237
1622116957.694, lauv-roald, SmartX, 3.238
1622116958.194, lauv-roald, SmartX, 3.239
1622116958.694, lauv-roald, SmartX, 3.239
1622116959.193, lauv-roald, SmartX, 3.239
1622116959.693, lauv-roald, SmartX, 3.240
1622116960.193, lauv-roald, SmartX, 3.241
1622116960.693, lauv-roald, SmartX, 3.241
1622116961.193, lauv-roald, SmartX, 3.243
1622116961.693, lauv-roald, SmartX, 3.244
1622116962.193, lauv-roald, SmartX, 3.246
1622116962.693, lauv-roald, SmartX, 3.246
1622116963.193, lauv-roald, SmartX, 3.247
1622116963.693, lauv-roald, SmartX, 3.249
1622116964.193, lauv-roald, SmartX, 3.250
1622116964.693, lauv-roald, SmartX, 3.252
1622116965.193, lauv-roald, SmartX, 3.255
1622116965.693, lauv-roald, SmartX, 3.262
1622116966.193, lauv-roald, SmartX, 3.271
1622116966.693, lauv-roald, SmartX, 3.275
1622116967.193, lauv-roald, SmartX, 3.279
1622116967.693, lauv-roald, SmartX, 3.282
1622116968.193, lauv-roald, SmartX, 3.284
1622116968.693, lauv-roald, SmartX, 3.286
1622116969.193, lauv-roald, SmartX, 3.287
1622116969.693, lauv-roald, SmartX, 3.288
1622116970.193, lauv-roald, SmartX, 3.288
1622116970.693, lauv-roald, SmartX, 3.288
1622116971.193, lauv-roald, SmartX, 3.289
1622116971.693, lauv-roald, SmartX, 3.289
1622116972.193, lauv-roald, SmartX, 3.289
1622116972.693, lauv-roald, SmartX, 3.290
1622116973.193, lauv-roald, SmartX, 3.291
1622116973.693, lauv-roald, SmartX, 3.292
1622116974.193, lauv-roald, SmartX, 3.294
1622116974.692, lauv-roald, SmartX, 3.296
1622116975.192, lauv-roald, SmartX, 3.300
1622116975.692, lauv-roald, SmartX, 3.305
1622116976.192, lauv-roald, SmartX, 3.308
1622116976.692, lauv-roald, SmartX, 3.312
1622116977.192, lauv-roald, SmartX, 3.314
1622116977.692, lauv-roald, SmartX, 3.316
1622116978.192, lauv-roald, SmartX, 3.318
1622116978.692, lauv-roald, SmartX, 3.321
1622116979.192, lauv-roald, SmartX, 3.323
1622116979.692, lauv-roald, SmartX, 3.324
1622116980.192, lauv-roald, SmartX, 3.326
1622116980.692, lauv-roald, SmartX, 3.328
1622116981.192, lauv-roald, SmartX, 3.330
1622116981.692, lauv-roald, SmartX, 3.331
1622116982.192, lauv-roald, SmartX, 3.332
1622116982.692, lauv-roald, SmartX, 3.333
1622116983.192, lauv-roald, SmartX, 3.334
1622116983.692, lauv-roald, SmartX, 3.334
1622116984.192, lauv-roald, SmartX, 3.335
1622116984.692, lauv-roald, SmartX, 3.335
1622116985.192, lauv-roald, SmartX, 3.336
1622116985.692, lauv-roald, SmartX, 3.337
1622116986.192, lauv-roald, SmartX, 3.338
1622116986.692, lauv-roald, SmartX, 3.339
1622116987.191, lauv-roald, SmartX, 3.340
1622116987.691, lauv-roald, SmartX, 3.341
1622116988.191, lauv-roald, SmartX, 3.341
1622116988.691, lauv-roald, SmartX, 3.340
1622116989.191, lauv-roald, SmartX, 3.341
1622116989.691, lauv-roald, SmartX, 3.341
1622116990.191, lauv-roald, SmartX, 3.342
1622116990.691, lauv-roald, SmartX, 3.342
1622116991.191, lauv-roald, SmartX, 3.342
1622116991.691, lauv-roald, SmartX, 3.342
1622116992.191, lauv-roald, SmartX, 3.342
1622116992.691, lauv-roald, SmartX, 3.342
1622116993.191, lauv-roald, SmartX, 3.342
1622116993.691, lauv-roald, SmartX, 3.342
1622116994.191, lauv-roald, SmartX, 3.342
1622116994.691, lauv-roald, SmartX, 3.342
1622116995.191, lauv-roald, SmartX, 3.342
1622116995.691, lauv-roald, SmartX, 3.343
1622116996.191, lauv-roald, SmartX, 3.343
1622116996.691, lauv-roald, SmartX, 3.343
1622116997.191, lauv-roald, SmartX, 3.343
1622116997.691, lauv-roald, SmartX, 3.343
1622116998.191, lauv-roald, SmartX, 3.342
1622116998.691, lauv-roald, SmartX, 3.343
1622116999.191, lauv-roald, SmartX, 3.343
1622116999.691, lauv-roald, SmartX, 3.343
1622117000.191, lauv-roald, SmartX, 3.343
1622117000.691, lauv-roald, SmartX, 3.343
1622117001.191, lauv-roald, SmartX, 3.343
1622117001.691, lauv-roald, SmartX, 3.343
1622117002.192, lauv-roald, SmartX, 3.343
1622117002.692, lauv-roald, SmartX, 3.343
1622117003.191, lauv-roald, SmartX, 3.343
1622117003.690, lauv-roald, SmartX, 3.343
1622117004.190, lauv-roald, SmartX, 3.343
1622117004.690, lauv-roald, SmartX, 3.343
1622117005.190, lauv-roald, SmartX, 3.343
1622117005.690, lauv-roald, SmartX, 3.342
1622117006.190, lauv-roald, SmartX, 3.342
1622117006.690, lauv-roald, SmartX, 3.342
1622117007.190, lauv-roald, SmartX, 3.342
1622117007.690, lauv-roald, SmartX, 3.341
1622117008.190, lauv-roald, SmartX, 3.341
1622117008.690, lauv-roald, SmartX, 3.341
1622117009.190, lauv-roald, SmartX, 3.341
1622117009.690, lauv-roald, SmartX, 3.340
1622117010.190, lauv-roald, SmartX, 3.340
1622117010.690, lauv-roald, SmartX, 3.340
1622117011.190, lauv-roald, SmartX, 3.340
1622117011.690, lauv-roald, SmartX, 3.341
1622117012.190, lauv-roald, SmartX, 3.341
1622117012.690, lauv-roald, SmartX, 3.341
1622117013.190, lauv-roald, SmartX, 3.341
1622117013.690, lauv-roald, SmartX, 3.340
1622117014.190, lauv-roald, SmartX, 3.341
1622117014.690, lauv-roald, SmartX, 3.340
1622117015.190, lauv-roald, SmartX, 3.340
1622117015.690, lauv-roald, SmartX, 3.339
1622117016.190, lauv-roald, SmartX, 3.337
1622117016.690, lauv-roald, SmartX, 3.336
1622117017.190, lauv-roald, SmartX, 3.335
1622117017.690, lauv-roald, SmartX, 3.335
1622117018.190, lauv-roald, SmartX, 3.335
1622117018.689, lauv-roald, SmartX, 3.335
1622117019.189, lauv-roald, SmartX, 3.334
1622117019.689, lauv-roald, SmartX, 3.334
1622117020.189, lauv-roald, SmartX, 3.335
1622117020.689, lauv-roald, SmartX, 3.335
1622117021.189, lauv-roald, SmartX, 3.335
1622117021.689, lauv-roald, SmartX, 3.334
1622117022.189, lauv-roald, SmartX, 3.334
1622117022.689, lauv-roald, SmartX, 3.334
1622117023.189, lauv-roald, SmartX, 3.333
1622117023.689, lauv-roald, SmartX, 3.330
1622117024.189, lauv-roald, SmartX, 3.330
1622117024.689, lauv-roald, SmartX, 3.329
1622117025.189, lauv-roald, SmartX, 3.329
1622117025.689, lauv-roald, SmartX, 3.329
1622117026.189, lauv-roald, SmartX, 3.329
1622117026.689, lauv-roald, SmartX, 3.330
1622117027.189, lauv-roald, SmartX, 3.330
1622117027.689, lauv-roald, SmartX, 3.329
1622117028.189, lauv-roald, SmartX, 3.327
1622117028.689, lauv-roald, SmartX, 3.326
1622117029.189, lauv-roald, SmartX, 3.325
1622117029.689, lauv-roald, SmartX, 3.323
1622117030.189, lauv-roald, SmartX, 3.316
1622117030.689, lauv-roald, SmartX, 3.309
1622117031.189, lauv-roald, SmartX, 3.310
1622117031.689, lauv-roald, SmartX, 3.312
1622117032.188, lauv-roald, SmartX, 3.311
1622117032.688, lauv-roald, SmartX, 3.310
1622117033.188, lauv-roald, SmartX, 3.310
1622117033.688, lauv-roald, SmartX, 3.309
1622117034.188, lauv-roald, SmartX, 3.307
1622117034.688, lauv-roald, SmartX, 3.308
1622117035.188, lauv-roald, SmartX, 3.306
1622117035.688, lauv-roald, SmartX, 3.305
1622117036.188, lauv-roald, SmartX, 3.301
1622117036.688, lauv-roald, SmartX, 3.293
1622117037.188, lauv-roald, SmartX, 3.289
1622117037.688, lauv-roald, SmartX, 3.288
1622117038.188, lauv-roald, SmartX, 3.290
1622117038.688, lauv-roald, SmartX, 3.290
1622117039.188, lauv-roald, SmartX, 3.290
1622117039.688, lauv-roald, SmartX, 3.290
1622117040.188, lauv-roald, SmartX, 3.289
1622117040.688, lauv-roald, SmartX, 3.288
1622117041.188, lauv-roald, SmartX, 3.286
1622117041.688, lauv-roald, SmartX, 3.286
1622117042.188, lauv-roald, SmartX, 3.285
1622117042.688, lauv-roald, SmartX, 3.283
1622117043.188, lauv-roald, SmartX, 3.278
1622117043.688, lauv-roald, SmartX, 3.272
1622117044.188, lauv-roald, SmartX, 3.267
1622117044.688, lauv-roald, SmartX, 3.265
1622117045.188, lauv-roald, SmartX, 3.266
1622117045.688, lauv-roald, SmartX, 3.270
1622117046.188, lauv-roald, SmartX, 3.269
1622117046.688, lauv-roald, SmartX, 3.269
1622117047.187, lauv-roald, SmartX, 3.269
1622117047.687, lauv-roald, SmartX, 3.267
1622117048.187, lauv-roald, SmartX, 3.266
1622117048.687, lauv-roald, SmartX, 3.264
1622117049.187, lauv-roald, SmartX, 3.261
1622117049.687, lauv-roald, SmartX, 3.257
1622117050.187, lauv-roald, SmartX, 3.257
1622117050.687, lauv-roald, SmartX, 3.253
1622117051.187, lauv-roald, SmartX, 3.250
1622117051.687, lauv-roald, SmartX, 3.246
1622117052.187, lauv-roald, SmartX, 3.238
1622117052.687, lauv-roald, SmartX, 3.230
1622117053.187, lauv-roald, SmartX, 3.225
1622117053.687, lauv-roald, SmartX, 3.224
1622117054.187, lauv-roald, SmartX, 3.225
1622117054.687, lauv-roald, SmartX, 3.226
1622117055.187, lauv-roald, SmartX, 3.225
1622117055.687, lauv-roald, SmartX, 3.223
1622117056.187, lauv-roald, SmartX, 3.220
1622117056.687, lauv-roald, SmartX, 3.216
1622117057.187, lauv-roald, SmartX, 3.216
1622117057.687, lauv-roald, SmartX, 3.215
1622117058.187, lauv-roald, SmartX, 3.217
1622117058.687, lauv-roald, SmartX, 3.212
1622117059.186, lauv-roald, SmartX, 3.204
1622117059.686, lauv-roald, SmartX, 3.196
1622117060.186, lauv-roald, SmartX, 3.196
1622117060.686, lauv-roald, SmartX, 3.203
1622117061.186, lauv-roald, SmartX, 3.209
1622117061.686, lauv-roald, SmartX, 3.206
1622117062.186, lauv-roald, SmartX, 3.203
1622117062.686, lauv-roald, SmartX, 3.201
1622117063.186, lauv-roald, SmartX, 3.201
1622117063.686, lauv-roald, SmartX, 3.204
1622117064.186, lauv-roald, SmartX, 3.204
1622117064.686, lauv-roald, SmartX, 3.199
1622117065.186, lauv-roald, SmartX, 3.196
1622117065.686, lauv-roald, SmartX, 3.195
1622117066.186, lauv-roald, SmartX, 3.197
1622117066.686, lauv-roald, SmartX, 3.199
1622117067.186, lauv-roald, SmartX, 3.199
1622117067.686, lauv-roald, SmartX, 3.198
1622117068.186, lauv-roald, SmartX, 3.195
1622117068.686, lauv-roald, SmartX, 3.192
1622117069.186, lauv-roald, SmartX, 3.193
1622117069.686, lauv-roald, SmartX, 3.198
1622117070.186, lauv-roald, SmartX, 3.199
1622117070.686, lauv-roald, SmartX, 3.196
1622117071.186, lauv-roald, SmartX, 3.187
1622117071.686, lauv-roald, SmartX, 3.184
1622117072.186, lauv-roald, SmartX, 3.183
1622117072.686, lauv-roald, SmartX, 3.185
1622117073.186, lauv-roald, SmartX, 3.187
1622117073.686, lauv-roald, SmartX, 3.184
1622117074.186, lauv-roald, SmartX, 3.175
1622117074.686, lauv-roald, SmartX, 3.167
1622117075.186, lauv-roald, SmartX, 3.171
1622117075.686, lauv-roald, SmartX, 3.170
1622117076.185, lauv-roald, SmartX, 3.170
1622117076.685, lauv-roald, SmartX, 3.168
1622117077.185, lauv-roald, SmartX, 3.159
1622117077.685, lauv-roald, SmartX, 3.149
1622117078.185, lauv-roald, SmartX, 3.145
1622117078.685, lauv-roald, SmartX, 3.148
1622117079.185, lauv-roald, SmartX, 3.147
1622117079.685, lauv-roald, SmartX, 3.137
1622117080.185, lauv-roald, SmartX, 3.107
1622117080.685, lauv-roald, SmartX, 3.100
1622117081.185, lauv-roald, SmartX, 3.129
1622117081.685, lauv-roald, SmartX, 3.122
1622117082.185, lauv-roald, SmartX, 3.105
1622117082.685, lauv-roald, SmartX, 3.025
1622117083.185, lauv-roald, SmartX, 2.887
1622117083.685, lauv-roald, SmartX, 2.993
1622117084.185, lauv-roald, SmartX, 2.983
1622117084.685, lauv-roald, SmartX, 2.759
1622117085.185, lauv-roald, SmartX, 2.548
1622117085.685, lauv-roald, SmartX, 2.567
1622117086.185, lauv-roald, SmartX, 2.707
1622117086.685, lauv-roald, SmartX, 2.605
1622117087.185, lauv-roald, SmartX, 2.429
1622117087.685, lauv-roald, SmartX, 2.646
1622117088.185, lauv-roald, SmartX, 2.522
1622117088.684, lauv-roald, SmartX, 1.666
1622117089.184, lauv-roald, SmartX, 1.687
1622117089.684, lauv-roald, SmartX, 1.641
1622117090.184, lauv-roald, SmartX, 1.588
1622117090.684, lauv-roald, SmartX, 1.524
1622117091.184, lauv-roald, SmartX, 1.456
1622117091.684, lauv-roald, SmartX, 1.310
1622117092.184, lauv-roald, SmartX, 1.367
1622117092.684, lauv-roald, SmartX, 1.497
1622117093.184, lauv-roald, SmartX, 1.311
1622117093.684, lauv-roald, SmartX, 1.144
1622117094.184, lauv-roald, SmartX, 1.167
1622117094.684, lauv-roald, SmartX, 1.159
1622117095.184, lauv-roald, SmartX, 1.236
1622117095.684, lauv-roald, SmartX, 1.162
1622117096.184, lauv-roald, SmartX, 1.146
1622117096.684, lauv-roald, SmartX, 1.196
1622117097.184, lauv-roald, SmartX, 1.087
1622117097.684, lauv-roald, SmartX, 1.013
1622117098.184, lauv-roald, SmartX, 1.027
1622117098.684, lauv-roald, SmartX, 1.007
1622117099.184, lauv-roald, SmartX, 1.086
1622117099.683, lauv-roald, SmartX, 0.967
1622117100.183, lauv-roald, SmartX, 0.925
1622117100.683, lauv-roald, SmartX, 0.928
1622117101.183, lauv-roald, SmartX, 0.938
1622117101.683, lauv-roald, SmartX, 0.987
1622117102.183, lauv-roald, SmartX, 0.944
1622117102.683, lauv-roald, SmartX, 0.986
1622117103.183, lauv-roald, SmartX, 0.915
1622117103.683, lauv-roald, SmartX, 1.006
1622117104.183, lauv-roald, SmartX, 0.899
1622117104.683, lauv-roald, SmartX, 0.880
1622117105.183, lauv-roald, SmartX, 0.863
1622117105.683, lauv-roald, SmartX, 0.862
1622117106.183, lauv-roald, SmartX, 0.862
1622117106.683, lauv-roald, SmartX, 0.854
1622117107.183, lauv-roald, SmartX, 0.834
1622117107.683, lauv-roald, SmartX, 0.795
1622117108.183, lauv-roald, SmartX, 0.838
1622117108.684, lauv-roald, SmartX, 0.785
1622117109.183, lauv-roald, SmartX, 0.764
1622117109.683, lauv-roald, SmartX, 0.771
1622117110.183, lauv-roald, SmartX, 0.781
1622117110.683, lauv-roald, SmartX, 0.774
1622117111.183, lauv-roald, SmartX, 0.730
1622117111.683, lauv-roald, SmartX, 0.712
1622117112.183, lauv-roald, SmartX, 0.706
1622117112.683, lauv-roald, SmartX, 0.717
1622117113.183, lauv-roald, SmartX, 0.703
1622117113.683, lauv-roald, SmartX, 0.712
1622117114.183, lauv-roald, SmartX, 0.755
1622117114.683, lauv-roald, SmartX, 0.737
1622117115.183, lauv-roald, SmartX, 0.725
1622117115.683, lauv-roald, SmartX, 0.759
1622117116.182, lauv-roald, SmartX, 0.754
1622117116.683, lauv-roald, SmartX, 0.749
1622117117.183, lauv-roald, SmartX, 0.766
1622117117.682, lauv-roald, SmartX, 0.783
1622117118.183, lauv-roald, SmartX, 0.823
1622117118.682, lauv-roald, SmartX, 0.813
1622117119.182, lauv-roald, SmartX, 0.815
1622117119.682, lauv-roald, SmartX, 0.803
1622117120.182, lauv-roald, SmartX, 0.824
1622117120.682, lauv-roald, SmartX, 0.825
1622117121.182, lauv-roald, SmartX, 0.839
1622117121.682, lauv-roald, SmartX, 0.860
1622117122.182, lauv-roald, SmartX, 0.835
1622117122.682, lauv-roald, SmartX, 0.859
1622117123.182, lauv-roald, SmartX, 0.846
1622117123.682, lauv-roald, SmartX, 0.850
1622117124.182, lauv-roald, SmartX, 0.844
1622117124.682, lauv-roald, SmartX, 0.840
1622117125.182, lauv-roald, SmartX, 0.839
1622117125.682, lauv-roald, SmartX, 0.831
1622117126.182, lauv-roald, SmartX, 0.820
1622117126.682, lauv-roald, SmartX, 0.811
1622117127.182, lauv-roald, SmartX, 0.792
1622117127.682, lauv-roald, SmartX, 0.806
1622117128.181, lauv-roald, SmartX, 0.806
1622117128.682, lauv-roald, SmartX, 0.803
1622117129.181, lauv-roald, SmartX, 0.803
1622117129.682, lauv-roald, SmartX, 0.796
1622117130.181, lauv-roald, SmartX, 0.810
1622117130.681, lauv-roald, SmartX, 0.808
1622117131.181, lauv-roald, SmartX, 0.802
1622117131.682, lauv-roald, SmartX, 0.829
1622117132.182, lauv-roald, SmartX, 0.834
1622117132.681, lauv-roald, SmartX, 0.804
1622117133.181, lauv-roald, SmartX, 0.816
1622117133.681, lauv-roald, SmartX, 0.840
1622117134.181, lauv-roald, SmartX, 0.822
1622117134.681, lauv-roald, SmartX, 0.824
1622117135.181, lauv-roald, SmartX, 0.833
1622117135.681, lauv-roald, SmartX, 0.833
1622117136.181, lauv-roald, SmartX, 0.813
1622117136.681, lauv-roald, SmartX, 0.822
1622117137.181, lauv-roald, SmartX, 0.846
1622117137.681, lauv-roald, SmartX, 0.821
1622117138.181, lauv-roald, SmartX, 0.835
1622117138.681, lauv-roald, SmartX, 0.865
1622117139.181, lauv-roald, SmartX, 0.878
1622117139.681, lauv-roald, SmartX, 0.857
1622117140.181, lauv-roald, SmartX, 0.837
1622117140.681, lauv-roald, SmartX, 0.855
1622117141.181, lauv-roald, SmartX, 0.887
1622117141.681, lauv-roald, SmartX, 0.867
1622117142.181, lauv-roald, SmartX, 0.882
1622117142.681, lauv-roald, SmartX, 0.868
1622117143.181, lauv-roald, SmartX, 0.882
1622117143.681, lauv-roald, SmartX, 0.883
1622117144.180, lauv-roald, SmartX, 0.911
1622117144.680, lauv-roald, SmartX, 0.917
1622117145.180, lauv-roald, SmartX, 0.958
1622117145.680, lauv-roald, SmartX, 0.982
1622117146.180, lauv-roald, SmartX, 0.944
1622117146.680, lauv-roald, SmartX, 0.923
1622117147.180, lauv-roald, SmartX, 0.954
1622117147.680, lauv-roald, SmartX, 0.994
1622117148.180, lauv-roald, SmartX, 0.964
1622117148.680, lauv-roald, SmartX, 0.986
1622117149.180, lauv-roald, SmartX, 1.007
1622117149.680, lauv-roald, SmartX, 1.031
1622117150.180, lauv-roald, SmartX, 1.053
1622117150.680, lauv-roald, SmartX, 1.018
1622117151.180, lauv-roald, SmartX, 1.038
1622117151.680, lauv-roald, SmartX, 1.041
1622117152.180, lauv-roald, SmartX, 1.034
1622117152.680, lauv-roald, SmartX, 1.030
1622117153.180, lauv-roald, SmartX, 1.032
1622117153.680, lauv-roald, SmartX, 1.037
1622117154.180, lauv-roald, SmartX, 1.028
1622117154.680, lauv-roald, SmartX, 1.040
1622117155.180, lauv-roald, SmartX, 1.032
1622117155.680, lauv-roald, SmartX, 0.984
1622117156.179, lauv-roald, SmartX, 0.980
1622117156.680, lauv-roald, SmartX, 0.988
1622117157.179, lauv-roald, SmartX, 0.986
1622117157.679, lauv-roald, SmartX, 0.994
1622117158.179, lauv-roald, SmartX, 0.992
1622117158.679, lauv-roald, SmartX, 1.001
1622117159.180, lauv-roald, SmartX, 1.016
1622117159.679, lauv-roald, SmartX, 1.009
1622117160.179, lauv-roald, SmartX, 1.007
1622117160.679, lauv-roald, SmartX, 0.994
1622117161.179, lauv-roald, SmartX, 0.993
1622117161.679, lauv-roald, SmartX, 1.033
1622117162.179, lauv-roald, SmartX, 1.032
1622117162.679, lauv-roald, SmartX, 1.033
1622117163.179, lauv-roald, SmartX, 1.074
1622117163.679, lauv-roald, SmartX, 1.090
1622117164.179, lauv-roald, SmartX, 1.066
1622117164.679, lauv-roald, SmartX, 1.045
1622117165.179, lauv-roald, SmartX, 1.036
1622117165.679, lauv-roald, SmartX, 1.074
1622117166.179, lauv-roald, SmartX, 1.090
1622117166.679, lauv-roald, SmartX, 1.047
1622117167.179, lauv-roald, SmartX, 1.061
1622117167.679, lauv-roald, SmartX, 1.069
1622117168.179, lauv-roald, SmartX, 1.057
1622117168.679, lauv-roald, SmartX, 1.070
1622117169.179, lauv-roald, SmartX, 1.102
1622117169.679, lauv-roald, SmartX, 1.122
1622117170.179, lauv-roald, SmartX, 1.102
1622117170.679, lauv-roald, SmartX, 1.097
1622117171.179, lauv-roald, SmartX, 1.115
1622117171.679, lauv-roald, SmartX, 1.110
1622117172.179, lauv-roald, SmartX, 1.113
1622117172.679, lauv-roald, SmartX, 1.124
1622117173.179, lauv-roald, SmartX, 1.115
1622117173.678, lauv-roald, SmartX, 1.106
1622117174.179, lauv-roald, SmartX, 1.111
1622117174.678, lauv-roald, SmartX, 1.100
1622117175.178, lauv-roald, SmartX, 1.102
1622117175.678, lauv-roald, SmartX, 1.121
1622117176.178, lauv-roald, SmartX, 1.135
1622117176.678, lauv-roald, SmartX, 1.120
1622117177.178, lauv-roald, SmartX, 1.121
1622117177.678, lauv-roald, SmartX, 1.110
1622117178.178, lauv-roald, SmartX, 1.125
1622117178.678, lauv-roald, SmartX, 1.133
1622117179.178, lauv-roald, SmartX, 1.145
1622117179.678, lauv-roald, SmartX, 1.125
1622117180.178, lauv-roald, SmartX, 1.117
1622117180.678, lauv-roald, SmartX, 1.128
1622117181.178, lauv-roald, SmartX, 1.125
1622117181.678, lauv-roald, SmartX, 1.123
1622117182.178, lauv-roald, SmartX, 1.112
1622117182.678, lauv-roald, SmartX, 1.122
1622117183.178, lauv-roald, SmartX, 1.130
1622117183.678, lauv-roald, SmartX, 1.128
1622117184.178, lauv-roald, SmartX, 1.117
1622117184.678, lauv-roald, SmartX, 1.119
1622117185.178, lauv-roald, SmartX, 1.143
1622117185.678, lauv-roald, SmartX, 1.142
1622117186.178, lauv-roald, SmartX, 1.133
1622117186.678, lauv-roald, SmartX, 1.131
1622117187.178, lauv-roald, SmartX, 1.134
1622117187.678, lauv-roald, SmartX, 1.156
1622117188.178, lauv-roald, SmartX, 1.160
1622117188.678, lauv-roald, SmartX, 1.151
1622117189.178, lauv-roald, SmartX, 1.178
1622117189.678, lauv-roald, SmartX, 1.176
1622117190.178, lauv-roald, SmartX, 1.156
1622117190.678, lauv-roald, SmartX, 1.165
1622117191.178, lauv-roald, SmartX, 1.167
1622117191.678, lauv-roald, SmartX, 1.179
1622117192.177, lauv-roald, SmartX, 1.175
1622117192.677, lauv-roald, SmartX, 1.173
1622117193.177, lauv-roald, SmartX, 1.173
1622117193.677, lauv-roald, SmartX, 1.162
1622117194.177, lauv-roald, SmartX, 1.161
1622117194.677, lauv-roald, SmartX, 1.160
1622117195.177, lauv-roald, SmartX, 1.165
1622117195.677, lauv-roald, SmartX, 1.161
1622117196.177, lauv-roald, SmartX, 1.158
1622117196.677, lauv-roald, SmartX, 1.164
1622117197.177, lauv-roald, SmartX, 1.166
1622117197.677, lauv-roald, SmartX, 1.193
1622117198.177, lauv-roald, SmartX, 1.180
1622117198.677, lauv-roald, SmartX, 1.182
1622117199.177, lauv-roald, SmartX, 1.180
1622117199.677, lauv-roald, SmartX, 1.181
1622117200.177, lauv-roald, SmartX, 1.192
1622117200.677, lauv-roald, SmartX, 1.189
1622117201.177, lauv-roald, SmartX, 1.189
1622117201.677, lauv-roald, SmartX, 1.186
1622117202.176, lauv-roald, SmartX, 1.170
1622117202.677, lauv-roald, SmartX, 1.183
1622117203.177, lauv-roald, SmartX, 1.184
1622117203.677, lauv-roald, SmartX, 1.181
1622117204.177, lauv-roald, SmartX, 1.181
1622117204.677, lauv-roald, SmartX, 1.178
1622117205.177, lauv-roald, SmartX, 1.185
1622117205.676, lauv-roald, SmartX, 1.180
1622117206.177, lauv-roald, SmartX, 1.198
1622117206.676, lauv-roald, SmartX, 1.207
1622117207.176, lauv-roald, SmartX, 1.201
1622117207.676, lauv-roald, SmartX, 1.189
1622117208.176, lauv-roald, SmartX, 1.191
1622117208.676, lauv-roald, SmartX, 1.184
1622117209.176, lauv-roald, SmartX, 1.195
1622117209.676, lauv-roald, SmartX, 1.193
1622117210.176, lauv-roald, SmartX, 1.183
1622117210.676, lauv-roald, SmartX, 1.183
1622117211.176, lauv-roald, SmartX, 1.181
1622117211.676, lauv-roald, SmartX, 1.185
1622117212.176, lauv-roald, SmartX, 1.174
1622117212.676, lauv-roald, SmartX, 1.174
1622117213.176, lauv-roald, SmartX, 1.181
1622117213.676, lauv-roald, SmartX, 1.189
1622117214.176, lauv-roald, SmartX, 1.156
1622117214.676, lauv-roald, SmartX, 1.163
1622117215.176, lauv-roald, SmartX, 1.092
1622117215.676, lauv-roald, SmartX, 1.117
1622117216.176, lauv-roald, SmartX, 1.156
1622117216.676, lauv-roald, SmartX, 1.129
1622117217.176, lauv-roald, SmartX, 1.154
1622117217.676, lauv-roald, SmartX, 1.202
1622117218.176, lauv-roald, SmartX, 1.249
1622117218.676, lauv-roald, SmartX, 1.324
1622117219.176, lauv-roald, SmartX, 1.388
1622117219.675, lauv-roald, SmartX, 1.439
1622117220.175, lauv-roald, SmartX, 1.441
1622117220.675, lauv-roald, SmartX, 1.360
1622117221.175, lauv-roald, SmartX, 1.345
1622117221.675, lauv-roald, SmartX, 1.362
1622117222.175, lauv-roald, SmartX, 1.409
1622117222.675, lauv-roald, SmartX, 1.432
1622117223.175, lauv-roald, SmartX, 1.368
1622117223.675, lauv-roald, SmartX, 1.338
1622117224.175, lauv-roald, SmartX, 1.354
1622117224.675, lauv-roald, SmartX, 1.404
1622117225.175, lauv-roald, SmartX, 1.416
1622117225.675, lauv-roald, SmartX, 1.355
1622117226.175, lauv-roald, SmartX, 1.260
1622117226.675, lauv-roald, SmartX, 1.076
1622117227.175, lauv-roald, SmartX, 0.983
1622117227.675, lauv-roald, SmartX, 0.993
1622117228.175, lauv-roald, SmartX, 1.042
1622117228.675, lauv-roald, SmartX, 1.156
1622117229.175, lauv-roald, SmartX, 1.310
1622117229.675, lauv-roald, SmartX, 1.374
1622117230.175, lauv-roald, SmartX, 1.308
1622117230.675, lauv-roald, SmartX, 1.189
1622117231.175, lauv-roald, SmartX, 1.132
1622117231.675, lauv-roald, SmartX, 1.137
1622117232.174, lauv-roald, SmartX, 1.240
1622117232.675, lauv-roald, SmartX, 1.581
1622117233.174, lauv-roald, SmartX, 1.765
1622117233.675, lauv-roald, SmartX, 1.758
1622117234.174, lauv-roald, SmartX, 1.687
1622117234.675, lauv-roald, SmartX, 1.458
1622117235.174, lauv-roald, SmartX, 1.333
1622117235.674, lauv-roald, SmartX, 1.168
1622117236.174, lauv-roald, SmartX, 1.086
1622117236.674, lauv-roald, SmartX, 1.127
1622117237.174, lauv-roald, SmartX, 1.248
1622117237.674, lauv-roald, SmartX, 1.521
1622117238.174, lauv-roald, SmartX, 1.634
1622117238.674, lauv-roald, SmartX, 1.710
1622117239.174, lauv-roald, SmartX, 1.718
1622117239.674, lauv-roald, SmartX, 1.650
1622117240.174, lauv-roald, SmartX, 1.533
1622117240.674, lauv-roald, SmartX, 1.448
1622117241.174, lauv-roald, SmartX, 1.266
1622117241.674, lauv-roald, SmartX, 1.262
1622117242.174, lauv-roald, SmartX, 1.331
1622117242.674, lauv-roald, SmartX, 1.505
1622117243.174, lauv-roald, SmartX, 1.626
1622117243.674, lauv-roald, SmartX, 1.703
1622117244.174, lauv-roald, SmartX, 1.709
1622117244.673, lauv-roald, SmartX, 1.608
1622117245.174, lauv-roald, SmartX, 1.414
1622117245.674, lauv-roald, SmartX, 1.266
1622117246.174, lauv-roald, SmartX, 1.144
1622117246.674, lauv-roald, SmartX, 1.117
1622117247.174, lauv-roald, SmartX, 1.092
1622117247.674, lauv-roald, SmartX, 1.138
1622117248.173, lauv-roald, SmartX, 1.269
1622117248.674, lauv-roald, SmartX, 1.554
1622117249.174, lauv-roald, SmartX, 1.631
1622117249.673, lauv-roald, SmartX, 1.533
1622117250.173, lauv-roald, SmartX, 1.293
1622117250.673, lauv-roald, SmartX, 1.203
1622117251.173, lauv-roald, SmartX, 1.110
1622117251.673, lauv-roald, SmartX, 1.071
1622117252.173, lauv-roald, SmartX, 1.097
1622117252.673, lauv-roald, SmartX, 1.220
1622117253.173, lauv-roald, SmartX, 1.278
1622117253.673, lauv-roald, SmartX, 1.270
1622117254.173, lauv-roald, SmartX, 1.199
1622117254.673, lauv-roald, SmartX, 1.144
1622117255.173, lauv-roald, SmartX, 1.135
1622117255.673, lauv-roald, SmartX, 1.120
1622117256.173, lauv-roald, SmartX, 1.165
1622117256.673, lauv-roald, SmartX, 1.179
1622117257.173, lauv-roald, SmartX, 1.177
1622117257.673, lauv-roald, SmartX, 1.219
1622117258.173, lauv-roald, SmartX, 1.276
1622117258.673, lauv-roald, SmartX, 1.286
1622117259.173, lauv-roald, SmartX, 1.247
1622117259.673, lauv-roald, SmartX, 1.194
1622117260.173, lauv-roald, SmartX, 1.134
1622117260.673, lauv-roald, SmartX, 1.135
1622117261.173, lauv-roald, SmartX, 1.214
1622117261.673, lauv-roald, SmartX, 1.403
1622117262.173, lauv-roald, SmartX, 1.533
1622117262.673, lauv-roald, SmartX, 1.545
1622117263.173, lauv-roald, SmartX, 1.474
1622117263.672, lauv-roald, SmartX, 1.366
1622117264.172, lauv-roald, SmartX, 1.225
1622117264.672, lauv-roald, SmartX, 1.125
1622117265.172, lauv-roald, SmartX, 1.115
1622117265.672, lauv-roald, SmartX, 1.156
1622117266.172, lauv-roald, SmartX, 1.229
1622117266.672, lauv-roald, SmartX, 1.374
1622117267.172, lauv-roald, SmartX, 1.431
1622117267.672, lauv-roald, SmartX, 1.397
1622117268.172, lauv-roald, SmartX, 1.287
1622117268.672, lauv-roald, SmartX, 1.183
1622117269.172, lauv-roald, SmartX, 1.173
1622117269.672, lauv-roald, SmartX, 1.200
1622117270.172, lauv-roald, SmartX, 1.193
1622117270.672, lauv-roald, SmartX, 1.141
1622117271.172, lauv-roald, SmartX, 0.968
1622117271.672, lauv-roald, SmartX, 0.949
1622117272.172, lauv-roald, SmartX, 0.939
1622117272.671, lauv-roald, SmartX, 1.009
1622117273.172, lauv-roald, SmartX, 1.138
1622117273.672, lauv-roald, SmartX, 1.222
1622117274.172, lauv-roald, SmartX, 1.233
1622117274.672, lauv-roald, SmartX, 1.163
1622117275.172, lauv-roald, SmartX, 1.110
1622117275.672, lauv-roald, SmartX, 1.057
1622117276.172, lauv-roald, SmartX, 1.074
1622117276.673, lauv-roald, SmartX, 1.159
1622117277.172, lauv-roald, SmartX, 1.239
1622117277.671, lauv-roald, SmartX, 1.360
1622117278.172, lauv-roald, SmartX, 1.503
1622117278.672, lauv-roald, SmartX, 1.548
1622117279.171, lauv-roald, SmartX, 1.409
1622117279.671, lauv-roald, SmartX, 1.204
1622117280.171, lauv-roald, SmartX, 1.139
1622117280.671, lauv-roald, SmartX, 1.097
1622117281.171, lauv-roald, SmartX, 1.098
1622117281.671, lauv-roald, SmartX, 1.108
1622117282.171, lauv-roald, SmartX, 1.235
1622117282.671, lauv-roald, SmartX, 1.325
1622117283.171, lauv-roald, SmartX, 1.396
1622117283.671, lauv-roald, SmartX, 1.387
1622117284.171, lauv-roald, SmartX, 1.291
1622117284.671, lauv-roald, SmartX, 1.122
1622117285.171, lauv-roald, SmartX, 1.039
1622117285.671, lauv-roald, SmartX, 1.056
1622117286.171, lauv-roald, SmartX, 1.175
1622117286.671, lauv-roald, SmartX, 1.246
1622117287.171, lauv-roald, SmartX, 1.336
1622117287.671, lauv-roald, SmartX, 1.337
1622117288.171, lauv-roald, SmartX, 1.113
1622117288.671, lauv-roald, SmartX, 1.042
1622117289.171, lauv-roald, SmartX, 1.028
1622117289.671, lauv-roald, SmartX, 1.067
1622117290.171, lauv-roald, SmartX, 1.141
1622117290.671, lauv-roald, SmartX, 1.089
1622117291.171, lauv-roald, SmartX, 1.015
1622117291.671, lauv-roald, SmartX, 1.011
1622117292.170, lauv-roald, SmartX, 1.004
1622117292.670, lauv-roald, SmartX, 1.049
1622117293.170, lauv-roald, SmartX, 1.107
1622117293.671, lauv-roald, SmartX, 1.200
1622117294.170, lauv-roald, SmartX, 1.292
1622117294.670, lauv-roald, SmartX, 1.341
1622117295.170, lauv-roald, SmartX, 1.324
1622117295.670, lauv-roald, SmartX, 1.243
1622117296.170, lauv-roald, SmartX, 1.200
1622117296.670, lauv-roald, SmartX, 1.168
1622117297.170, lauv-roald, SmartX, 1.147
1622117297.670, lauv-roald, SmartX, 1.155
1622117298.170, lauv-roald, SmartX, 1.171
1622117298.670, lauv-roald, SmartX, 1.209
1622117299.170, lauv-roald, SmartX, 1.307
1622117299.670, lauv-roald, SmartX, 1.275
1622117300.170, lauv-roald, SmartX, 1.112
1622117300.670, lauv-roald, SmartX, 1.034
1622117301.170, lauv-roald, SmartX, 1.013
1622117301.670, lauv-roald, SmartX, 0.991
1622117302.170, lauv-roald, SmartX, 1.095
1622117302.670, lauv-roald, SmartX, 1.182
1622117303.170, lauv-roald, SmartX, 1.188
1622117303.670, lauv-roald, SmartX, 1.222
1622117304.170, lauv-roald, SmartX, 1.253
1622117304.670, lauv-roald, SmartX, 1.293
1622117305.170, lauv-roald, SmartX, 1.265
1622117305.670, lauv-roald, SmartX, 1.178
1622117306.170, lauv-roald, SmartX, 1.179
1622117306.670, lauv-roald, SmartX, 1.161
1622117307.169, lauv-roald, SmartX, 1.111
1622117307.669, lauv-roald, SmartX, 1.087
1622117308.169, lauv-roald, SmartX, 1.050
1622117308.669, lauv-roald, SmartX, 1.050
1622117309.169, lauv-roald, SmartX, 1.055
1622117309.669, lauv-roald, SmartX, 1.099
1622117310.169, lauv-roald, SmartX, 1.187
1622117310.669, lauv-roald, SmartX, 1.254
1622117311.169, lauv-roald, SmartX, 1.276
1622117311.669, lauv-roald, SmartX, 1.291
1622117312.169, lauv-roald, SmartX, 1.243
1622117312.669, lauv-roald, SmartX, 1.241
1622117313.169, lauv-roald, SmartX, 1.297
1622117313.669, lauv-roald, SmartX, 1.314
1622117314.169, lauv-roald, SmartX, 1.213
1622117314.669, lauv-roald, SmartX, 1.027
1622117315.169, lauv-roald, SmartX, 0.834
1622117315.669, lauv-roald, SmartX, 0.802
1622117316.169, lauv-roald, SmartX, 0.882
1622117316.669, lauv-roald, SmartX, 1.041
1622117317.169, lauv-roald, SmartX, 1.135
1622117317.669, lauv-roald, SmartX, 1.175
1622117318.169, lauv-roald, SmartX, 1.154
1622117318.669, lauv-roald, SmartX, 1.041
1622117319.169, lauv-roald, SmartX, 0.755
1622117319.669, lauv-roald, SmartX, 0.620
1622117320.169, lauv-roald, SmartX, 0.558
1622117320.669, lauv-roald, SmartX, 0.578
1622117321.169, lauv-roald, SmartX, 0.627
1622117321.669, lauv-roald, SmartX, 0.677
1622117322.168, lauv-roald, SmartX, 0.750
1622117322.668, lauv-roald, SmartX, 0.968
1622117323.168, lauv-roald, SmartX, 1.023
1622117323.668, lauv-roald, SmartX, 1.051
1622117324.168, lauv-roald, SmartX, 1.000
1622117324.668, lauv-roald, SmartX, 0.985
1622117325.168, lauv-roald, SmartX, 1.054
1622117325.668, lauv-roald, SmartX, 1.222
1622117326.168, lauv-roald, SmartX, 1.275
1622117326.668, lauv-roald, SmartX, 1.236
1622117327.168, lauv-roald, SmartX, 1.084
1622117327.668, lauv-roald, SmartX, 0.924
1622117328.168, lauv-roald, SmartX, 0.802
1622117328.668, lauv-roald, SmartX, 0.748
1622117329.168, lauv-roald, SmartX, 0.952
1622117329.668, lauv-roald, SmartX, 1.016
1622117330.168, lauv-roald, SmartX, 1.033
1622117330.668, lauv-roald, SmartX, 1.002
1622117331.168, lauv-roald, SmartX, 0.886
1622117331.668, lauv-roald, SmartX, 0.813
1622117332.168, lauv-roald, SmartX, 0.799
1622117332.668, lauv-roald, SmartX, 0.877
1622117333.168, lauv-roald, SmartX, 0.952
1622117333.668, lauv-roald, SmartX, 0.959
1622117334.168, lauv-roald, SmartX, 0.922
1622117334.668, lauv-roald, SmartX, 0.831
1622117335.168, lauv-roald, SmartX, 0.790
1622117335.668, lauv-roald, SmartX, 0.760
1622117336.168, lauv-roald, SmartX, 0.864
1622117336.667, lauv-roald, SmartX, 0.980
1622117337.167, lauv-roald, SmartX, 1.170
1622117337.668, lauv-roald, SmartX, 1.518
1622117338.167, lauv-roald, SmartX, 1.639
1622117338.668, lauv-roald, SmartX, 1.839
1622117339.168, lauv-roald, SmartX, 2.054
1622117339.668, lauv-roald, SmartX, 2.208
1622117340.168, lauv-roald, SmartX, 2.398
1622117340.668, lauv-roald, SmartX, 2.574
1622117341.168, lauv-roald, SmartX, 2.735
1622117341.668, lauv-roald, SmartX, 2.843
1622117342.168, lauv-roald, SmartX, 2.932
1622117342.668, lauv-roald, SmartX, 2.995
1622117343.167, lauv-roald, SmartX, 3.039
1622117343.667, lauv-roald, SmartX, 3.060
1622117344.167, lauv-roald, SmartX, 3.075
1622117344.667, lauv-roald, SmartX, 3.084
1622117345.167, lauv-roald, SmartX, 3.091
1622117345.667, lauv-roald, SmartX, 3.096
1622117346.167, lauv-roald, SmartX, 3.100
1622117346.667, lauv-roald, SmartX, 3.105
1622117347.167, lauv-roald, SmartX, 3.108
1622117347.667, lauv-roald, SmartX, 3.109
1622117348.167, lauv-roald, SmartX, 3.109
1622117348.667, lauv-roald, SmartX, 3.109
1622117349.167, lauv-roald, SmartX, 3.110
1622117349.667, lauv-roald, SmartX, 3.110
1622117350.167, lauv-roald, SmartX, 3.110
1622117350.667, lauv-roald, SmartX, 3.114
1622117351.167, lauv-roald, SmartX, 3.120
1622117351.667, lauv-roald, SmartX, 3.124
1622117352.167, lauv-roald, SmartX, 3.127
1622117352.667, lauv-roald, SmartX, 3.130
1622117353.167, lauv-roald, SmartX, 3.132
1622117353.667, lauv-roald, SmartX, 3.134
1622117354.167, lauv-roald, SmartX, 3.135
1622117354.667, lauv-roald, SmartX, 3.136
1622117355.167, lauv-roald, SmartX, 3.137
1622117355.667, lauv-roald, SmartX, 3.140
1622117356.167, lauv-roald, SmartX, 3.144
1622117356.667, lauv-roald, SmartX, 3.146
1622117357.167, lauv-roald, SmartX, 3.149
1622117357.667, lauv-roald, SmartX, 3.151
1622117358.167, lauv-roald, SmartX, 3.154
1622117358.666, lauv-roald, SmartX, 3.159
1622117359.166, lauv-roald, SmartX, 3.177
1622117359.666, lauv-roald, SmartX, 3.197
1622117360.166, lauv-roald, SmartX, 3.206
1622117360.666, lauv-roald, SmartX, 3.214
1622117361.166, lauv-roald, SmartX, 3.221
1622117361.666, lauv-roald, SmartX, 3.226
1622117362.166, lauv-roald, SmartX, 3.232
1622117362.666, lauv-roald, SmartX, 3.235
1622117363.166, lauv-roald, SmartX, 3.237
1622117363.666, lauv-roald, SmartX, 3.240
1622117364.166, lauv-roald, SmartX, 3.241
1622117364.666, lauv-roald, SmartX, 3.242
1622117365.166, lauv-roald, SmartX, 3.242
1622117365.666, lauv-roald, SmartX, 3.243
1622117366.166, lauv-roald, SmartX, 3.243
1622117366.666, lauv-roald, SmartX, 3.244
1622117367.166, lauv-roald, SmartX, 3.245
1622117367.666, lauv-roald, SmartX, 3.246
1622117368.166, lauv-roald, SmartX, 3.246
1622117368.666, lauv-roald, SmartX, 3.247
1622117369.166, lauv-roald, SmartX, 3.248
1622117369.666, lauv-roald, SmartX, 3.250
1622117370.166, lauv-roald, SmartX, 3.252
1622117370.666, lauv-roald, SmartX, 3.254
1622117371.166, lauv-roald, SmartX, 3.254
1622117371.665, lauv-roald, SmartX, 3.255
1622117372.166, lauv-roald, SmartX, 3.255
1622117372.666, lauv-roald, SmartX, 3.257
1622117373.165, lauv-roald, SmartX, 3.260
1622117373.666, lauv-roald, SmartX, 3.266
1622117374.165, lauv-roald, SmartX, 3.269
1622117374.665, lauv-roald, SmartX, 3.272
1622117375.165, lauv-roald, SmartX, 3.274
1622117375.665, lauv-roald, SmartX, 3.276
1622117376.165, lauv-roald, SmartX, 3.277
1622117376.665, lauv-roald, SmartX, 3.278
1622117377.165, lauv-roald, SmartX, 3.281
1622117377.665, lauv-roald, SmartX, 3.282
1622117378.165, lauv-roald, SmartX, 3.284
1622117378.665, lauv-roald, SmartX, 3.285
1622117379.165, lauv-roald, SmartX, 3.286
1622117379.665, lauv-roald, SmartX, 3.287
1622117380.165, lauv-roald, SmartX, 3.288
1622117380.665, lauv-roald, SmartX, 3.289
1622117381.165, lauv-roald, SmartX, 3.290
1622117381.665, lauv-roald, SmartX, 3.292
1622117382.165, lauv-roald, SmartX, 3.293
1622117382.665, lauv-roald, SmartX, 3.294
1622117383.165, lauv-roald, SmartX, 3.295
1622117383.665, lauv-roald, SmartX, 3.297
1622117384.165, lauv-roald, SmartX, 3.299
1622117384.664, lauv-roald, SmartX, 3.303
1622117385.165, lauv-roald, SmartX, 3.309
1622117385.665, lauv-roald, SmartX, 3.311
1622117386.165, lauv-roald, SmartX, 3.312
1622117386.665, lauv-roald, SmartX, 3.314
1622117387.165, lauv-roald, SmartX, 3.317
1622117387.665, lauv-roald, SmartX, 3.319
1622117388.165, lauv-roald, SmartX, 3.322
1622117388.664, lauv-roald, SmartX, 3.324
1622117389.165, lauv-roald, SmartX, 3.325
1622117389.664, lauv-roald, SmartX, 3.326
1622117390.164, lauv-roald, SmartX, 3.328
1622117390.664, lauv-roald, SmartX, 3.329
1622117391.164, lauv-roald, SmartX, 3.329
1622117391.664, lauv-roald, SmartX, 3.330
1622117392.164, lauv-roald, SmartX, 3.331
1622117392.664, lauv-roald, SmartX, 3.332
1622117393.164, lauv-roald, SmartX, 3.332
1622117393.664, lauv-roald, SmartX, 3.333
1622117394.164, lauv-roald, SmartX, 3.334
1622117394.664, lauv-roald, SmartX, 3.334
1622117395.164, lauv-roald, SmartX, 3.335
1622117395.664, lauv-roald, SmartX, 3.335
1622117396.164, lauv-roald, SmartX, 3.336
1622117396.665, lauv-roald, SmartX, 3.337
1622117397.166, lauv-roald, SmartX, 3.337
1622117397.664, lauv-roald, SmartX, 3.337
1622117398.164, lauv-roald, SmartX, 3.338
1622117398.664, lauv-roald, SmartX, 3.338
1622117399.164, lauv-roald, SmartX, 3.338
1622117399.664, lauv-roald, SmartX, 3.339
1622117400.164, lauv-roald, SmartX, 3.339
1622117400.664, lauv-roald, SmartX, 3.339
1622117401.164, lauv-roald, SmartX, 3.340
1622117401.663, lauv-roald, SmartX, 3.340
1622117402.164, lauv-roald, SmartX, 3.341
1622117402.663, lauv-roald, SmartX, 3.341
1622117403.163, lauv-roald, SmartX, 3.341
1622117403.663, lauv-roald, SmartX, 3.342
1622117404.163, lauv-roald, SmartX, 3.341
1622117404.663, lauv-roald, SmartX, 3.342
1622117405.163, lauv-roald, SmartX, 3.341
1622117405.663, lauv-roald, SmartX, 3.341
1622117406.163, lauv-roald, SmartX, 3.341
1622117406.663, lauv-roald, SmartX, 3.342
1622117407.163, lauv-roald, SmartX, 3.342
1622117407.663, lauv-roald, SmartX, 3.343
1622117408.163, lauv-roald, SmartX, 3.342
1622117408.663, lauv-roald, SmartX, 3.343
1622117409.163, lauv-roald, SmartX, 3.343
1622117409.663, lauv-roald, SmartX, 3.344
1622117410.163, lauv-roald, SmartX, 3.343
1622117410.663, lauv-roald, SmartX, 3.343
1622117411.163, lauv-roald, SmartX, 3.343
1622117411.663, lauv-roald, SmartX, 3.343
1622117412.163, lauv-roald, SmartX, 3.343
1622117412.663, lauv-roald, SmartX, 3.343
1622117413.163, lauv-roald, SmartX, 3.343
1622117413.663, lauv-roald, SmartX, 3.343
1622117414.163, lauv-roald, SmartX, 3.342
1622117414.663, lauv-roald, SmartX, 3.342
1622117415.163, lauv-roald, SmartX, 3.342
1622117415.663, lauv-roald, SmartX, 3.341
1622117416.163, lauv-roald, SmartX, 3.340
1622117416.663, lauv-roald, SmartX, 3.340
1622117417.162, lauv-roald, SmartX, 3.339
1622117417.663, lauv-roald, SmartX, 3.340
1622117418.162, lauv-roald, SmartX, 3.339
1622117418.663, lauv-roald, SmartX, 3.339
1622117419.162, lauv-roald, SmartX, 3.339
1622117419.662, lauv-roald, SmartX, 3.339
1622117420.162, lauv-roald, SmartX, 3.339
1622117420.662, lauv-roald, SmartX, 3.338
1622117421.162, lauv-roald, SmartX, 3.336
1622117421.662, lauv-roald, SmartX, 3.336
1622117422.162, lauv-roald, SmartX, 3.335
1622117422.662, lauv-roald, SmartX, 3.335
1622117423.162, lauv-roald, SmartX, 3.334
1622117423.662, lauv-roald, SmartX, 3.334
1622117424.162, lauv-roald, SmartX, 3.333
1622117424.662, lauv-roald, SmartX, 3.333
1622117425.162, lauv-roald, SmartX, 3.332
1622117425.662, lauv-roald, SmartX, 3.332
1622117426.162, lauv-roald, SmartX, 3.330
1622117426.662, lauv-roald, SmartX, 3.329
1622117427.162, lauv-roald, SmartX, 3.327
1622117427.662, lauv-roald, SmartX, 3.325
1622117428.162, lauv-roald, SmartX, 3.322
1622117428.662, lauv-roald, SmartX, 3.320
1622117429.162, lauv-roald, SmartX, 3.315
1622117429.662, lauv-roald, SmartX, 3.308
1622117430.161, lauv-roald, SmartX, 3.301
1622117430.662, lauv-roald, SmartX, 3.295
1622117431.162, lauv-roald, SmartX, 3.293
1622117431.662, lauv-roald, SmartX, 3.292
1622117432.161, lauv-roald, SmartX, 3.290
1622117432.661, lauv-roald, SmartX, 3.288
1622117433.162, lauv-roald, SmartX, 3.286
1622117433.661, lauv-roald, SmartX, 3.284
1622117434.161, lauv-roald, SmartX, 3.281
1622117434.661, lauv-roald, SmartX, 3.280
1622117435.161, lauv-roald, SmartX, 3.276
1622117435.661, lauv-roald, SmartX, 3.270
1622117436.161, lauv-roald, SmartX, 3.265
1622117436.661, lauv-roald, SmartX, 3.262
1622117437.161, lauv-roald, SmartX, 3.260
1622117437.661, lauv-roald, SmartX, 3.257
1622117438.161, lauv-roald, SmartX, 3.254
1622117438.661, lauv-roald, SmartX, 3.251
1622117439.161, lauv-roald, SmartX, 3.248
1622117439.661, lauv-roald, SmartX, 3.246
1622117440.161, lauv-roald, SmartX, 3.245
1622117440.661, lauv-roald, SmartX, 3.243
1622117441.161, lauv-roald, SmartX, 3.243
1622117441.661, lauv-roald, SmartX, 3.242
1622117442.160, lauv-roald, SmartX, 3.241
1622117442.661, lauv-roald, SmartX, 3.236
1622117443.161, lauv-roald, SmartX, 3.234
1622117443.661, lauv-roald, SmartX, 3.230
1622117444.161, lauv-roald, SmartX, 3.227
1622117444.661, lauv-roald, SmartX, 3.223
1622117445.160, lauv-roald, SmartX, 3.221
1622117445.661, lauv-roald, SmartX, 3.217
1622117446.160, lauv-roald, SmartX, 3.210
1622117446.660, lauv-roald, SmartX, 3.195
1622117447.160, lauv-roald, SmartX, 3.186
1622117447.660, lauv-roald, SmartX, 3.176
1622117448.160, lauv-roald, SmartX, 3.167
1622117448.660, lauv-roald, SmartX, 3.161
1622117449.160, lauv-roald, SmartX, 3.158
1622117449.660, lauv-roald, SmartX, 3.152
1622117450.160, lauv-roald, SmartX, 3.148
1622117450.660, lauv-roald, SmartX, 3.145
1622117451.160, lauv-roald, SmartX, 3.141
1622117451.660, lauv-roald, SmartX, 3.136
1622117452.160, lauv-roald, SmartX, 3.132
1622117452.660, lauv-roald, SmartX, 3.127
1622117453.160, lauv-roald, SmartX, 3.123
1622117453.660, lauv-roald, SmartX, 3.119
1622117454.160, lauv-roald, SmartX, 3.114
1622117454.660, lauv-roald, SmartX, 3.112
1622117455.160, lauv-roald, SmartX, 3.110
1622117455.660, lauv-roald, SmartX, 3.107
1622117456.160, lauv-roald, SmartX, 3.105
1622117456.660, lauv-roald, SmartX, 3.098
1622117457.160, lauv-roald, SmartX, 3.090
1622117457.660, lauv-roald, SmartX, 3.079
1622117458.160, lauv-roald, SmartX, 3.068
1622117458.660, lauv-roald, SmartX, 3.054
1622117459.160, lauv-roald, SmartX, 3.026
1622117459.659, lauv-roald, SmartX, 3.007
1622117460.160, lauv-roald, SmartX, 2.959
1622117460.659, lauv-roald, SmartX, 2.897
1622117461.160, lauv-roald, SmartX, 2.839
1622117461.660, lauv-roald, SmartX, 2.755
1622117462.160, lauv-roald, SmartX, 2.686
1622117462.659, lauv-roald, SmartX, 2.601
1622117463.160, lauv-roald, SmartX, 2.517
1622117463.660, lauv-roald, SmartX, 2.332
1622117464.159, lauv-roald, SmartX, 2.191
1622117464.659, lauv-roald, SmartX, 2.060
1622117465.159, lauv-roald, SmartX, 2.022
1622117465.659, lauv-roald, SmartX, 1.951
1622117466.159, lauv-roald, SmartX, 1.836
1622117466.659, lauv-roald, SmartX, 1.801
1622117467.159, lauv-roald, SmartX, 1.730
1622117467.659, lauv-roald, SmartX, 1.721
1622117468.159, lauv-roald, SmartX, 1.722
1622117468.658, lauv-roald, SmartX, 1.706
1622117469.158, lauv-roald, SmartX, 1.717
1622117469.659, lauv-roald, SmartX, 1.732
1622117470.158, lauv-roald, SmartX, 1.731
1622117470.658, lauv-roald, SmartX, 1.707
1622117471.158, lauv-roald, SmartX, 1.682
1622117471.658, lauv-roald, SmartX, 1.717
1622117472.158, lauv-roald, SmartX, 1.733
1622117472.658, lauv-roald, SmartX, 1.744
1622117473.158, lauv-roald, SmartX, 1.763
1622117473.658, lauv-roald, SmartX, 1.768
1622117474.158, lauv-roald, SmartX, 1.754
1622117474.658, lauv-roald, SmartX, 1.718
1622117475.158, lauv-roald, SmartX, 1.707
1622117475.658, lauv-roald, SmartX, 1.715
1622117476.158, lauv-roald, SmartX, 1.748
1622117476.658, lauv-roald, SmartX, 1.793
1622117477.158, lauv-roald, SmartX, 1.801
1622117477.658, lauv-roald, SmartX, 1.781
1622117478.158, lauv-roald, SmartX, 1.745
1622117478.658, lauv-roald, SmartX, 1.756
1622117479.158, lauv-roald, SmartX, 1.830
1622117479.659, lauv-roald, SmartX, 1.889
1622117480.159, lauv-roald, SmartX, 1.922
1622117480.659, lauv-roald, SmartX, 1.894
1622117481.158, lauv-roald, SmartX, 1.805
1622117481.658, lauv-roald, SmartX, 1.765
1622117482.158, lauv-roald, SmartX, 1.774
1622117482.658, lauv-roald, SmartX, 1.872
1622117483.158, lauv-roald, SmartX, 1.944
1622117483.658, lauv-roald, SmartX, 1.911
1622117484.158, lauv-roald, SmartX, 1.872
1622117484.658, lauv-roald, SmartX, 1.845
1622117485.158, lauv-roald, SmartX, 1.831
1622117485.658, lauv-roald, SmartX, 1.836
1622117486.157, lauv-roald, SmartX, 1.835
1622117486.658, lauv-roald, SmartX, 1.880
1622117487.158, lauv-roald, SmartX, 1.912
1622117487.658, lauv-roald, SmartX, 1.929
1622117488.158, lauv-roald, SmartX, 1.926
1622117488.658, lauv-roald, SmartX, 1.883
1622117489.159, lauv-roald, SmartX, 1.882
1622117489.659, lauv-roald, SmartX, 1.918
1622117490.158, lauv-roald, SmartX, 1.963
1622117490.658, lauv-roald, SmartX, 1.983
1622117491.158, lauv-roald, SmartX, 1.986
1622117491.658, lauv-roald, SmartX, 1.967
1622117492.158, lauv-roald, SmartX, 1.971
1622117492.658, lauv-roald, SmartX, 2.000
1622117493.158, lauv-roald, SmartX, 2.015
1622117493.657, lauv-roald, SmartX, 2.011
1622117494.157, lauv-roald, SmartX, 2.024
1622117494.657, lauv-roald, SmartX, 2.045
1622117495.157, lauv-roald, SmartX, 2.052
1622117495.657, lauv-roald, SmartX, 2.066
1622117496.157, lauv-roald, SmartX, 2.078
1622117496.658, lauv-roald, SmartX, 2.089
1622117497.158, lauv-roald, SmartX, 2.107
1622117497.658, lauv-roald, SmartX, 2.121
1622117498.158, lauv-roald, SmartX, 2.127
1622117498.657, lauv-roald, SmartX, 2.124
1622117499.157, lauv-roald, SmartX, 2.141
1622117499.657, lauv-roald, SmartX, 2.163
1622117500.157, lauv-roald, SmartX, 2.184
1622117500.657, lauv-roald, SmartX, 2.213
1622117501.157, lauv-roald, SmartX, 2.219
1622117501.657, lauv-roald, SmartX, 2.235
1622117502.157, lauv-roald, SmartX, 2.253
1622117502.657, lauv-roald, SmartX, 2.245
1622117503.188, lauv-roald, SmartX, 2.205
1622117503.657, lauv-roald, SmartX, 2.201
1622117504.157, lauv-roald, SmartX, 2.225
1622117504.657, lauv-roald, SmartX, 2.245
1622117505.157, lauv-roald, SmartX, 2.261
1622117505.657, lauv-roald, SmartX, 2.247
1622117506.157, lauv-roald, SmartX, 2.241
1622117506.657, lauv-roald, SmartX, 2.247
1622117507.157, lauv-roald, SmartX, 2.269
1622117507.657, lauv-roald, SmartX, 2.287
1622117508.157, lauv-roald, SmartX, 2.283
1622117508.657, lauv-roald, SmartX, 2.273
1622117509.156, lauv-roald, SmartX, 2.265
1622117509.656, lauv-roald, SmartX, 2.271
1622117510.156, lauv-roald, SmartX, 2.283
1622117510.656, lauv-roald, SmartX, 2.298
1622117511.156, lauv-roald, SmartX, 2.315
1622117511.656, lauv-roald, SmartX, 2.311
1622117512.156, lauv-roald, SmartX, 2.296
1622117512.657, lauv-roald, SmartX, 2.265
1622117513.160, lauv-roald, SmartX, 2.275
1622117513.656, lauv-roald, SmartX, 2.290
1622117514.156, lauv-roald, SmartX, 2.311
1622117514.656, lauv-roald, SmartX, 2.326
1622117515.156, lauv-roald, SmartX, 2.322
1622117515.656, lauv-roald, SmartX, 2.305
1622117516.156, lauv-roald, SmartX, 2.285
1622117516.656, lauv-roald, SmartX, 2.290
1622117517.159, lauv-roald, SmartX, 2.316
1622117517.656, lauv-roald, SmartX, 2.340
1622117518.156, lauv-roald, SmartX, 2.362
1622117518.656, lauv-roald, SmartX, 2.367
1622117519.156, lauv-roald, SmartX, 2.351
1622117519.656, lauv-roald, SmartX, 2.329
1622117520.156, lauv-roald, SmartX, 2.323
1622117520.656, lauv-roald, SmartX, 2.326
1622117521.156, lauv-roald, SmartX, 2.342
1622117764.140, lauv-roald, SmartX, 2.310
1622117764.639, lauv-roald, SmartX, 2.308
1622117765.139, lauv-roald, SmartX, 2.309
1622117765.639, lauv-roald, SmartX, 2.309
1622117766.139, lauv-roald, SmartX, 2.309
1622117766.639, lauv-roald, SmartX, 2.310
1622117767.139, lauv-roald, SmartX, 2.307
1622117767.639, lauv-roald, SmartX, 2.308
1622117768.139, lauv-roald, SmartX, 2.305
1622117768.639, lauv-roald, SmartX, 2.305
1622117769.139, lauv-roald, SmartX, 2.305
1622117769.639, lauv-roald, SmartX, 2.305
1622117770.139, lauv-roald, SmartX, 2.304
1622117770.639, lauv-roald, SmartX, 2.304
1622117771.139, lauv-roald, SmartX, 2.307
1622117771.639, lauv-roald, SmartX, 2.313
1622117772.139, lauv-roald, SmartX, 2.312
1622117772.639, lauv-roald, SmartX, 2.313
1622117773.139, lauv-roald, SmartX, 2.313
1622117773.639, lauv-roald, SmartX, 2.312
1622117774.139, lauv-roald, SmartX, 2.313
1622117774.639, lauv-roald, SmartX, 2.314
1622117775.139, lauv-roald, SmartX, 2.314
1622117775.638, lauv-roald, SmartX, 2.312
1622117776.138, lauv-roald, SmartX, 2.312
1622117776.638, lauv-roald, SmartX, 2.310
1622117777.138, lauv-roald, SmartX, 2.310
1622117777.638, lauv-roald, SmartX, 2.312
1622117778.138, lauv-roald, SmartX, 2.315
1622117778.638, lauv-roald, SmartX, 2.316
1622117779.138, lauv-roald, SmartX, 2.317
1622117779.638, lauv-roald, SmartX, 2.341
1622117780.138, lauv-roald, SmartX, 2.475
1622117780.638, lauv-roald, SmartX, 2.664
1622117781.138, lauv-roald, SmartX, 2.790
1622117781.638, lauv-roald, SmartX, 2.844
1622117782.138, lauv-roald, SmartX, 2.900
1622117782.638, lauv-roald, SmartX, 2.944
1622117783.138, lauv-roald, SmartX, 2.971
1622117783.638, lauv-roald, SmartX, 2.997
1622117784.138, lauv-roald, SmartX, 3.017
1622117784.638, lauv-roald, SmartX, 3.034
1622117785.138, lauv-roald, SmartX, 3.041
1622117785.638, lauv-roald, SmartX, 3.047
1622117786.137, lauv-roald, SmartX, 3.053
1622117786.637, lauv-roald, SmartX, 3.056
1622117787.137, lauv-roald, SmartX, 3.059
1622117787.638, lauv-roald, SmartX, 3.070
1622117788.138, lauv-roald, SmartX, 3.083
1622117788.637, lauv-roald, SmartX, 3.092
1622117789.137, lauv-roald, SmartX, 3.098
1622117789.637, lauv-roald, SmartX, 3.100
1622117790.137, lauv-roald, SmartX, 3.104
1622117790.637, lauv-roald, SmartX, 3.105
1622117791.137, lauv-roald, SmartX, 3.106
1622117791.637, lauv-roald, SmartX, 3.108
1622117792.137, lauv-roald, SmartX, 3.109
1622117792.637, lauv-roald, SmartX, 3.113
1622117793.137, lauv-roald, SmartX, 3.116
1622117793.637, lauv-roald, SmartX, 3.119
1622117794.137, lauv-roald, SmartX, 3.121
1622117794.637, lauv-roald, SmartX, 3.121
1622117795.137, lauv-roald, SmartX, 3.122
1622117795.637, lauv-roald, SmartX, 3.123
1622117796.137, lauv-roald, SmartX, 3.123
1622117796.637, lauv-roald, SmartX, 3.123
1622117797.137, lauv-roald, SmartX, 3.124
1622117797.637, lauv-roald, SmartX, 3.124
1622117798.137, lauv-roald, SmartX, 3.124
1622117798.637, lauv-roald, SmartX, 3.125
1622117799.137, lauv-roald, SmartX, 3.126
1622117799.637, lauv-roald, SmartX, 3.128
1622117800.137, lauv-roald, SmartX, 3.128
1622117800.637, lauv-roald, SmartX, 3.129
1622117801.137, lauv-roald, SmartX, 3.129
1622117801.637, lauv-roald, SmartX, 3.129
1622117802.136, lauv-roald, SmartX, 3.129
1622117802.636, lauv-roald, SmartX, 3.129
1622117803.137, lauv-roald, SmartX, 3.128
1622117803.636, lauv-roald, SmartX, 3.127
1622117804.136, lauv-roald, SmartX, 3.126
1622117804.636, lauv-roald, SmartX, 3.125
1622117805.136, lauv-roald, SmartX, 3.125
1622117805.636, lauv-roald, SmartX, 3.128
1622117806.136, lauv-roald, SmartX, 3.129
1622117806.636, lauv-roald, SmartX, 3.131
1622117807.136, lauv-roald, SmartX, 3.132
1622117807.636, lauv-roald, SmartX, 3.132
1622117808.136, lauv-roald, SmartX, 3.132
1622117808.636, lauv-roald, SmartX, 3.132
1622117809.136, lauv-roald, SmartX, 3.132
1622117809.636, lauv-roald, SmartX, 3.132
1622117810.136, lauv-roald, SmartX, 3.133
1622117810.636, lauv-roald, SmartX, 3.132
1622117811.136, lauv-roald, SmartX, 3.132
1622117811.636, lauv-roald, SmartX, 3.133
1622117812.136, lauv-roald, SmartX, 3.132
1622117812.636, lauv-roald, SmartX, 3.133
1622117813.136, lauv-roald, SmartX, 3.133
1622117813.636, lauv-roald, SmartX, 3.133
1622117814.136, lauv-roald, SmartX, 3.133
1622117814.636, lauv-roald, SmartX, 3.133
1622117815.136, lauv-roald, SmartX, 3.133
1622117815.636, lauv-roald, SmartX, 3.133
1622117816.136, lauv-roald, SmartX, 3.133
1622117816.636, lauv-roald, SmartX, 3.133
1622117817.136, lauv-roald, SmartX, 3.134
1622117817.636, lauv-roald, SmartX, 3.135
1622117818.135, lauv-roald, SmartX, 3.135
1622117818.635, lauv-roald, SmartX, 3.136
1622117819.135, lauv-roald, SmartX, 3.139
1622117819.635, lauv-roald, SmartX, 3.139
1622117820.135, lauv-roald, SmartX, 3.143
1622117820.635, lauv-roald, SmartX, 3.142
1622117821.135, lauv-roald, SmartX, 3.143
1622117821.635, lauv-roald, SmartX, 3.144
1622117822.135, lauv-roald, SmartX, 3.148
1622117822.635, lauv-roald, SmartX, 3.150
1622117823.135, lauv-roald, SmartX, 3.151
1622117823.635, lauv-roald, SmartX, 3.151
1622117824.135, lauv-roald, SmartX, 3.150
1622117824.635, lauv-roald, SmartX, 3.151
1622117825.135, lauv-roald, SmartX, 3.152
1622117825.635, lauv-roald, SmartX, 3.151
1622117826.135, lauv-roald, SmartX, 3.151
1622117826.635, lauv-roald, SmartX, 3.150
1622117827.135, lauv-roald, SmartX, 3.150
1622117827.635, lauv-roald, SmartX, 3.149
1622117828.135, lauv-roald, SmartX, 3.148
1622117828.635, lauv-roald, SmartX, 3.147
1622117829.135, lauv-roald, SmartX, 3.147
1622117829.635, lauv-roald, SmartX, 3.145
1622117830.135, lauv-roald, SmartX, 3.147
1622117830.635, lauv-roald, SmartX, 3.146
1622117831.134, lauv-roald, SmartX, 3.147
1622117831.635, lauv-roald, SmartX, 3.146
1622117832.134, lauv-roald, SmartX, 3.147
1622117832.635, lauv-roald, SmartX, 3.146
1622117833.134, lauv-roald, SmartX, 3.145
1622117833.635, lauv-roald, SmartX, 3.142
1622117834.134, lauv-roald, SmartX, 3.141
1622117834.634, lauv-roald, SmartX, 3.140
1622117835.134, lauv-roald, SmartX, 3.139
1622117835.634, lauv-roald, SmartX, 3.139
1622117836.134, lauv-roald, SmartX, 3.140
1622117836.634, lauv-roald, SmartX, 3.138
1622117837.134, lauv-roald, SmartX, 3.136
1622117837.634, lauv-roald, SmartX, 3.135
1622117838.134, lauv-roald, SmartX, 3.135
1622117838.634, lauv-roald, SmartX, 3.134
1622117839.134, lauv-roald, SmartX, 3.134
1622117839.634, lauv-roald, SmartX, 3.133
1622117840.134, lauv-roald, SmartX, 3.133
1622117840.634, lauv-roald, SmartX, 3.132
1622117841.134, lauv-roald, SmartX, 3.132
1622117841.634, lauv-roald, SmartX, 3.132
1622117842.134, lauv-roald, SmartX, 3.132
1622117842.640, lauv-roald, SmartX, 3.132
1622117843.134, lauv-roald, SmartX, 3.131
1622117843.634, lauv-roald, SmartX, 3.131
1622117844.134, lauv-roald, SmartX, 3.131
1622117844.634, lauv-roald, SmartX, 3.131
1622117845.134, lauv-roald, SmartX, 3.131
1622117845.633, lauv-roald, SmartX, 3.131
1622117846.133, lauv-roald, SmartX, 3.131
1622117846.633, lauv-roald, SmartX, 3.131
1622117847.133, lauv-roald, SmartX, 3.130
1622117847.633, lauv-roald, SmartX, 3.130
1622117848.133, lauv-roald, SmartX, 3.130
1622117848.633, lauv-roald, SmartX, 3.130
1622117849.133, lauv-roald, SmartX, 3.130
1622117849.633, lauv-roald, SmartX, 3.129
1622117850.133, lauv-roald, SmartX, 3.129
1622117850.633, lauv-roald, SmartX, 3.128
1622117851.133, lauv-roald, SmartX, 3.129
1622117851.633, lauv-roald, SmartX, 3.129
1622117852.133, lauv-roald, SmartX, 3.128
1622117852.633, lauv-roald, SmartX, 3.128
1622117853.133, lauv-roald, SmartX, 3.128
1622117853.633, lauv-roald, SmartX, 3.128
1622117854.133, lauv-roald, SmartX, 3.128
1622117854.633, lauv-roald, SmartX, 3.128
1622117855.133, lauv-roald, SmartX, 3.128
1622117855.633, lauv-roald, SmartX, 3.128
1622117856.133, lauv-roald, SmartX, 3.128
1622117856.633, lauv-roald, SmartX, 3.128
1622117857.133, lauv-roald, SmartX, 3.128
1622117857.633, lauv-roald, SmartX, 3.128
1622117858.133, lauv-roald, SmartX, 3.129
1622117858.633, lauv-roald, SmartX, 3.129
1622117859.133, lauv-roald, SmartX, 3.129
1622117859.633, lauv-roald, SmartX, 3.129
1622117860.133, lauv-roald, SmartX, 3.130
1622117860.632, lauv-roald, SmartX, 3.130
1622117861.132, lauv-roald, SmartX, 3.131
1622117861.633, lauv-roald, SmartX, 3.131
1622117862.133, lauv-roald, SmartX, 3.131
1622117862.632, lauv-roald, SmartX, 3.132
1622117863.132, lauv-roald, SmartX, 3.132
1622117863.632, lauv-roald, SmartX, 3.132
1622117864.132, lauv-roald, SmartX, 3.132
1622117864.632, lauv-roald, SmartX, 3.132
1622117865.132, lauv-roald, SmartX, 3.132
1622117865.632, lauv-roald, SmartX, 3.132
1622117866.132, lauv-roald, SmartX, 3.132
1622117866.632, lauv-roald, SmartX, 3.132
1622117867.132, lauv-roald, SmartX, 3.132
1622117867.632, lauv-roald, SmartX, 3.132
1622117868.132, lauv-roald, SmartX, 3.133
1622117868.632, lauv-roald, SmartX, 3.133
1622117869.132, lauv-roald, SmartX, 3.132
1622117869.632, lauv-roald, SmartX, 3.132
1622117870.132, lauv-roald, SmartX, 3.132
1622117870.632, lauv-roald, SmartX, 3.131
1622117871.132, lauv-roald, SmartX, 3.131
1622117871.632, lauv-roald, SmartX, 3.131
1622117872.132, lauv-roald, SmartX, 3.131
1622117872.632, lauv-roald, SmartX, 3.131
1622117873.132, lauv-roald, SmartX, 3.130
1622117873.632, lauv-roald, SmartX, 3.130
1622117874.132, lauv-roald, SmartX, 3.130
1622117874.632, lauv-roald, SmartX, 3.130
1622117875.132, lauv-roald, SmartX, 3.130
1622117875.632, lauv-roald, SmartX, 3.130
1622117876.132, lauv-roald, SmartX, 3.130
1622117876.632, lauv-roald, SmartX, 3.129
1622117877.132, lauv-roald, SmartX, 3.130
1622117877.631, lauv-roald, SmartX, 3.129
1622117878.131, lauv-roald, SmartX, 3.129
1622117878.631, lauv-roald, SmartX, 3.128
1622117879.131, lauv-roald, SmartX, 3.128
1622117879.631, lauv-roald, SmartX, 3.128
1622117880.131, lauv-roald, SmartX, 3.127
1622117880.631, lauv-roald, SmartX, 3.127
1622117881.131, lauv-roald, SmartX, 3.127
1622117881.631, lauv-roald, SmartX, 3.126
1622117882.131, lauv-roald, SmartX, 3.126
1622117882.631, lauv-roald, SmartX, 3.125
1622117883.131, lauv-roald, SmartX, 3.125
1622117883.631, lauv-roald, SmartX, 3.125
1622117884.131, lauv-roald, SmartX, 3.125
1622117884.631, lauv-roald, SmartX, 3.125
1622117885.131, lauv-roald, SmartX, 3.125
1622117885.631, lauv-roald, SmartX, 3.125
1622117886.131, lauv-roald, SmartX, 3.126
1622117886.631, lauv-roald, SmartX, 3.127
1622117887.131, lauv-roald, SmartX, 3.128
1622117887.631, lauv-roald, SmartX, 3.130
1622117888.131, lauv-roald, SmartX, 3.130
1622117888.631, lauv-roald, SmartX, 3.131
1622117889.131, lauv-roald, SmartX, 3.131
1622117889.630, lauv-roald, SmartX, 3.131
1622117890.131, lauv-roald, SmartX, 3.131
1622117890.631, lauv-roald, SmartX, 3.129
1622117891.130, lauv-roald, SmartX, 3.129
1622117891.631, lauv-roald, SmartX, 3.128
1622117892.130, lauv-roald, SmartX, 3.128
1622117892.630, lauv-roald, SmartX, 3.129
1622117893.130, lauv-roald, SmartX, 3.128
1622117893.630, lauv-roald, SmartX, 3.128
1622117894.131, lauv-roald, SmartX, 3.128
1622117894.630, lauv-roald, SmartX, 3.130
1622117895.130, lauv-roald, SmartX, 3.133
1622117895.630, lauv-roald, SmartX, 3.134
1622117896.130, lauv-roald, SmartX, 3.135
1622117896.630, lauv-roald, SmartX, 3.136
1622117897.130, lauv-roald, SmartX, 3.136
1622117897.630, lauv-roald, SmartX, 3.137
1622117898.130, lauv-roald, SmartX, 3.137
1622117898.630, lauv-roald, SmartX, 3.138
1622117899.130, lauv-roald, SmartX, 3.139
1622117899.630, lauv-roald, SmartX, 3.139
1622117900.130, lauv-roald, SmartX, 3.140
1622117900.630, lauv-roald, SmartX, 3.141
1622117901.130, lauv-roald, SmartX, 3.141
1622117901.630, lauv-roald, SmartX, 3.141
1622117902.130, lauv-roald, SmartX, 3.141
1622117902.630, lauv-roald, SmartX, 3.141
1622117903.130, lauv-roald, SmartX, 3.141
1622117903.630, lauv-roald, SmartX, 3.141
1622117904.129, lauv-roald, SmartX, 3.141
1622117904.630, lauv-roald, SmartX, 3.141
1622117905.130, lauv-roald, SmartX, 3.141
1622117905.630, lauv-roald, SmartX, 3.141
1622117906.130, lauv-roald, SmartX, 3.141
1622117906.630, lauv-roald, SmartX, 3.141
1622117907.130, lauv-roald, SmartX, 3.142
1622117907.629, lauv-roald, SmartX, 3.142
1622117908.129, lauv-roald, SmartX, 3.143
1622117908.629, lauv-roald, SmartX, 3.143
1622117909.129, lauv-roald, SmartX, 3.146
1622117909.629, lauv-roald, SmartX, 3.168
1622117910.129, lauv-roald, SmartX, 3.185
1622117910.629, lauv-roald, SmartX, 3.194
1622117911.129, lauv-roald, SmartX, 3.207
1622117911.629, lauv-roald, SmartX, 3.214
1622117912.129, lauv-roald, SmartX, 3.220
1622117912.629, lauv-roald, SmartX, 3.225
1622117913.129, lauv-roald, SmartX, 3.228
1622117913.629, lauv-roald, SmartX, 3.233
1622117914.129, lauv-roald, SmartX, 3.237
1622117914.629, lauv-roald, SmartX, 3.240
1622117915.129, lauv-roald, SmartX, 3.242
1622117915.629, lauv-roald, SmartX, 3.243
1622117916.129, lauv-roald, SmartX, 3.245
1622117916.629, lauv-roald, SmartX, 3.246
1622117917.129, lauv-roald, SmartX, 3.247
1622117917.629, lauv-roald, SmartX, 3.247
1622117918.129, lauv-roald, SmartX, 3.248
1622117918.629, lauv-roald, SmartX, 3.249
1622117919.129, lauv-roald, SmartX, 3.251
1622117919.629, lauv-roald, SmartX, 3.254
1622117920.128, lauv-roald, SmartX, 3.254
1622117920.629, lauv-roald, SmartX, 3.255
1622117921.129, lauv-roald, SmartX, 3.256
1622117921.628, lauv-roald, SmartX, 3.257
1622117922.129, lauv-roald, SmartX, 3.258
1622117922.628, lauv-roald, SmartX, 3.258
1622117923.129, lauv-roald, SmartX, 3.259
1622117923.628, lauv-roald, SmartX, 3.259
1622117924.128, lauv-roald, SmartX, 3.260
1622117924.628, lauv-roald, SmartX, 3.263
1622117925.128, lauv-roald, SmartX, 3.266
1622117925.628, lauv-roald, SmartX, 3.269
1622117926.128, lauv-roald, SmartX, 3.275
1622117926.628, lauv-roald, SmartX, 3.279
1622117927.128, lauv-roald, SmartX, 3.283
1622117927.628, lauv-roald, SmartX, 3.284
1622117928.128, lauv-roald, SmartX, 3.288
1622117928.628, lauv-roald, SmartX, 3.290
1622117929.128, lauv-roald, SmartX, 3.297
1622117929.628, lauv-roald, SmartX, 3.301
1622117930.128, lauv-roald, SmartX, 3.307
1622117930.628, lauv-roald, SmartX, 3.311
1622117931.128, lauv-roald, SmartX, 3.313
1622117931.628, lauv-roald, SmartX, 3.314
1622117932.128, lauv-roald, SmartX, 3.316
1622117932.628, lauv-roald, SmartX, 3.320
1622117933.128, lauv-roald, SmartX, 3.321
1622117933.628, lauv-roald, SmartX, 3.323
1622117934.128, lauv-roald, SmartX, 3.325
1622117934.628, lauv-roald, SmartX, 3.327
1622117935.128, lauv-roald, SmartX, 3.328
1622117935.628, lauv-roald, SmartX, 3.329
1622117936.128, lauv-roald, SmartX, 3.330
1622117936.627, lauv-roald, SmartX, 3.331
1622117937.128, lauv-roald, SmartX, 3.332
1622117937.627, lauv-roald, SmartX, 3.332
1622117938.127, lauv-roald, SmartX, 3.333
1622117938.627, lauv-roald, SmartX, 3.333
1622117939.127, lauv-roald, SmartX, 3.334
1622117939.627, lauv-roald, SmartX, 3.334
1622117940.127, lauv-roald, SmartX, 3.334
1622117940.627, lauv-roald, SmartX, 3.334
1622117941.127, lauv-roald, SmartX, 3.335
1622117941.627, lauv-roald, SmartX, 3.334
1622117942.127, lauv-roald, SmartX, 3.334
1622117942.627, lauv-roald, SmartX, 3.334
1622117943.127, lauv-roald, SmartX, 3.333
1622117943.627, lauv-roald, SmartX, 3.333
1622117944.127, lauv-roald, SmartX, 3.333
1622117944.627, lauv-roald, SmartX, 3.333
1622117945.127, lauv-roald, SmartX, 3.333
1622117945.627, lauv-roald, SmartX, 3.332
1622117946.127, lauv-roald, SmartX, 3.331
1622117946.627, lauv-roald, SmartX, 3.329
1622117947.127, lauv-roald, SmartX, 3.327
1622117947.627, lauv-roald, SmartX, 3.325
1622117948.127, lauv-roald, SmartX, 3.326
1622117948.627, lauv-roald, SmartX, 3.323
1622117949.127, lauv-roald, SmartX, 3.324
1622117949.627, lauv-roald, SmartX, 3.322
1622117950.127, lauv-roald, SmartX, 3.321
1622117950.627, lauv-roald, SmartX, 3.320
1622117951.127, lauv-roald, SmartX, 3.320
1622117951.627, lauv-roald, SmartX, 3.319
1622117952.126, lauv-roald, SmartX, 3.316
1622117952.626, lauv-roald, SmartX, 3.311
1622117953.126, lauv-roald, SmartX, 3.306
1622117953.626, lauv-roald, SmartX, 3.301
1622117954.126, lauv-roald, SmartX, 3.298
1622117954.626, lauv-roald, SmartX, 3.296
1622117955.126, lauv-roald, SmartX, 3.292
1622117955.626, lauv-roald, SmartX, 3.289
1622117956.126, lauv-roald, SmartX, 3.284
1622117956.626, lauv-roald, SmartX, 3.282
1622117957.126, lauv-roald, SmartX, 3.279
1622117957.626, lauv-roald, SmartX, 3.276
1622117958.126, lauv-roald, SmartX, 3.274
1622117958.626, lauv-roald, SmartX, 3.271
1622117959.126, lauv-roald, SmartX, 3.268
1622117959.626, lauv-roald, SmartX, 3.266
1622117960.126, lauv-roald, SmartX, 3.264
1622117960.626, lauv-roald, SmartX, 3.263
1622117961.126, lauv-roald, SmartX, 3.260
1622117961.626, lauv-roald, SmartX, 3.257
1622117962.126, lauv-roald, SmartX, 3.255
1622117962.626, lauv-roald, SmartX, 3.253
1622117963.126, lauv-roald, SmartX, 3.253
1622117963.626, lauv-roald, SmartX, 3.252
1622117964.126, lauv-roald, SmartX, 3.250
1622117964.626, lauv-roald, SmartX, 3.249
1622117965.125, lauv-roald, SmartX, 3.246
1622117965.625, lauv-roald, SmartX, 3.242
1622117966.125, lauv-roald, SmartX, 3.236
1622117966.625, lauv-roald, SmartX, 3.233
1622117967.125, lauv-roald, SmartX, 3.226
1622117967.625, lauv-roald, SmartX, 3.220
1622117968.125, lauv-roald, SmartX, 3.211
1622117968.625, lauv-roald, SmartX, 3.189
1622117969.125, lauv-roald, SmartX, 3.181
1622117969.625, lauv-roald, SmartX, 3.176
1622117970.125, lauv-roald, SmartX, 3.168
1622117970.625, lauv-roald, SmartX, 3.158
1622117971.125, lauv-roald, SmartX, 3.154
1622117971.625, lauv-roald, SmartX, 3.149
1622117972.125, lauv-roald, SmartX, 3.147
1622117972.625, lauv-roald, SmartX, 3.144
1622117973.125, lauv-roald, SmartX, 3.138
1622117973.625, lauv-roald, SmartX, 3.134
1622117974.125, lauv-roald, SmartX, 3.132
1622117974.625, lauv-roald, SmartX, 3.130
1622117975.125, lauv-roald, SmartX, 3.128
1622117975.625, lauv-roald, SmartX, 3.127
1622117976.125, lauv-roald, SmartX, 3.126
1622117976.625, lauv-roald, SmartX, 3.120
1622117977.125, lauv-roald, SmartX, 3.117
1622117977.625, lauv-roald, SmartX, 3.107
1622117978.124, lauv-roald, SmartX, 3.100
1622117978.624, lauv-roald, SmartX, 3.095
1622117979.124, lauv-roald, SmartX, 3.076
1622117979.624, lauv-roald, SmartX, 3.063
1622117980.124, lauv-roald, SmartX, 3.038
1622117980.624, lauv-roald, SmartX, 3.030
1622117981.124, lauv-roald, SmartX, 3.018
1622117981.624, lauv-roald, SmartX, 3.005
1622117982.124, lauv-roald, SmartX, 2.999
1622117982.624, lauv-roald, SmartX, 2.983
1622117983.124, lauv-roald, SmartX, 2.962
1622117983.624, lauv-roald, SmartX, 2.939
1622117984.124, lauv-roald, SmartX, 2.920
1622117984.624, lauv-roald, SmartX, 2.908
1622117985.124, lauv-roald, SmartX, 2.895
1622117985.624, lauv-roald, SmartX, 2.905
1622117986.124, lauv-roald, SmartX, 2.909
1622117986.624, lauv-roald, SmartX, 2.911
1622117987.124, lauv-roald, SmartX, 2.920
1622117987.624, lauv-roald, SmartX, 2.929
1622117988.124, lauv-roald, SmartX, 2.937
1622117988.624, lauv-roald, SmartX, 2.942
1622117989.124, lauv-roald, SmartX, 2.952
1622117989.624, lauv-roald, SmartX, 2.956
1622117990.124, lauv-roald, SmartX, 2.959
1622117990.624, lauv-roald, SmartX, 2.961
1622117991.124, lauv-roald, SmartX, 2.961
1622117991.624, lauv-roald, SmartX, 2.964
1622117992.124, lauv-roald, SmartX, 2.980
1622117992.624, lauv-roald, SmartX, 2.997
1622117993.123, lauv-roald, SmartX, 3.005
1622117993.624, lauv-roald, SmartX, 3.017
1622117994.123, lauv-roald, SmartX, 3.035
1622117994.624, lauv-roald, SmartX, 3.049
1622117995.123, lauv-roald, SmartX, 3.061
1622117995.623, lauv-roald, SmartX, 3.070
1622117996.123, lauv-roald, SmartX, 3.081
1622117996.623, lauv-roald, SmartX, 3.089
1622117997.123, lauv-roald, SmartX, 3.100
1622117997.623, lauv-roald, SmartX, 3.106
1622117998.123, lauv-roald, SmartX, 3.110
1622117998.623, lauv-roald, SmartX, 3.114
1622117999.123, lauv-roald, SmartX, 3.118
1622117999.624, lauv-roald, SmartX, 3.122
1622118000.123, lauv-roald, SmartX, 3.124
1622118000.623, lauv-roald, SmartX, 3.126
1622118001.123, lauv-roald, SmartX, 3.130
1622118001.623, lauv-roald, SmartX, 3.134
1622118002.123, lauv-roald, SmartX, 3.138
1622118002.623, lauv-roald, SmartX, 3.141
1622118003.123, lauv-roald, SmartX, 3.143
1622118003.623, lauv-roald, SmartX, 3.145
1622118004.123, lauv-roald, SmartX, 3.148
1622118004.623, lauv-roald, SmartX, 3.149
1622118005.123, lauv-roald, SmartX, 3.150
1622118005.622, lauv-roald, SmartX, 3.150
1622118006.123, lauv-roald, SmartX, 3.152
1622118006.623, lauv-roald, SmartX, 3.153
1622118007.123, lauv-roald, SmartX, 3.154
1622118007.623, lauv-roald, SmartX, 3.156
1622118008.122, lauv-roald, SmartX, 3.159
1622118008.623, lauv-roald, SmartX, 3.162
1622118009.123, lauv-roald, SmartX, 3.177
1622118009.623, lauv-roald, SmartX, 3.179
1622118010.122, lauv-roald, SmartX, 3.188
1622118010.622, lauv-roald, SmartX, 3.192
1622118011.122, lauv-roald, SmartX, 3.197
1622118011.622, lauv-roald, SmartX, 3.205
1622118012.122, lauv-roald, SmartX, 3.212
1622118012.622, lauv-roald, SmartX, 3.215
1622118013.122, lauv-roald, SmartX, 3.220
1622118013.622, lauv-roald, SmartX, 3.222
1622118014.122, lauv-roald, SmartX, 3.226
1622118014.622, lauv-roald, SmartX, 3.228
1622118015.122, lauv-roald, SmartX, 3.231
1622118015.622, lauv-roald, SmartX, 3.233
1622118016.122, lauv-roald, SmartX, 3.234
1622118016.622, lauv-roald, SmartX, 3.235
1622118017.122, lauv-roald, SmartX, 3.235
1622118017.622, lauv-roald, SmartX, 3.238
1622118018.122, lauv-roald, SmartX, 3.244
1622118018.622, lauv-roald, SmartX, 3.246
1622118019.122, lauv-roald, SmartX, 3.249
1622118019.622, lauv-roald, SmartX, 3.250
1622118020.122, lauv-roald, SmartX, 3.251
1622118020.622, lauv-roald, SmartX, 3.253
1622118021.122, lauv-roald, SmartX, 3.255
1622118021.622, lauv-roald, SmartX, 3.256
1622118022.122, lauv-roald, SmartX, 3.257
1622118022.622, lauv-roald, SmartX, 3.257
1622118023.122, lauv-roald, SmartX, 3.259
1622118023.622, lauv-roald, SmartX, 3.260
1622118024.122, lauv-roald, SmartX, 3.262
1622118024.622, lauv-roald, SmartX, 3.266
1622118025.122, lauv-roald, SmartX, 3.274
1622118025.621, lauv-roald, SmartX, 3.275
1622118026.121, lauv-roald, SmartX, 3.277
1622118026.622, lauv-roald, SmartX, 3.280
1622118027.121, lauv-roald, SmartX, 3.281
1622118027.621, lauv-roald, SmartX, 3.282
1622118028.121, lauv-roald, SmartX, 3.283
1622118028.621, lauv-roald, SmartX, 3.285
1622118029.121, lauv-roald, SmartX, 3.287
1622118029.621, lauv-roald, SmartX, 3.287
1622118030.121, lauv-roald, SmartX, 3.288
1622118030.621, lauv-roald, SmartX, 3.290
1622118031.121, lauv-roald, SmartX, 3.291
1622118031.621, lauv-roald, SmartX, 3.292
1622118032.121, lauv-roald, SmartX, 3.293
1622118032.621, lauv-roald, SmartX, 3.295
1622118033.121, lauv-roald, SmartX, 3.297
1622118033.621, lauv-roald, SmartX, 3.300
1622118034.121, lauv-roald, SmartX, 3.302
1622118034.621, lauv-roald, SmartX, 3.305
1622118035.121, lauv-roald, SmartX, 3.309
1622118035.621, lauv-roald, SmartX, 3.314
1622118036.121, lauv-roald, SmartX, 3.317
1622118036.621, lauv-roald, SmartX, 3.321
1622118037.121, lauv-roald, SmartX, 3.324
1622118037.621, lauv-roald, SmartX, 3.325
1622118038.120, lauv-roald, SmartX, 3.326
1622118038.621, lauv-roald, SmartX, 3.328
1622118039.121, lauv-roald, SmartX, 3.329
1622118039.620, lauv-roald, SmartX, 3.329
1622118040.120, lauv-roald, SmartX, 3.331
1622118040.620, lauv-roald, SmartX, 3.332
1622118041.120, lauv-roald, SmartX, 3.335
1622118041.620, lauv-roald, SmartX, 3.338
1622118042.120, lauv-roald, SmartX, 3.340
1622118042.620, lauv-roald, SmartX, 3.341
1622118043.120, lauv-roald, SmartX, 3.342
1622118043.620, lauv-roald, SmartX, 3.342
1622118044.120, lauv-roald, SmartX, 3.343
1622118044.620, lauv-roald, SmartX, 3.343
1622118045.120, lauv-roald, SmartX, 3.344
1622118045.620, lauv-roald, SmartX, 3.344
1622118046.120, lauv-roald, SmartX, 3.344
1622118046.620, lauv-roald, SmartX, 3.344
1622118047.120, lauv-roald, SmartX, 3.344
1622118047.620, lauv-roald, SmartX, 3.344
1622118048.120, lauv-roald, SmartX, 3.344
1622118048.620, lauv-roald, SmartX, 3.344
1622118049.120, lauv-roald, SmartX, 3.344
1622118049.620, lauv-roald, SmartX, 3.343
1622118050.120, lauv-roald, SmartX, 3.343
1622118050.620, lauv-roald, SmartX, 3.341
1622118051.120, lauv-roald, SmartX, 3.338
1622118051.620, lauv-roald, SmartX, 3.334
1622118052.120, lauv-roald, SmartX, 3.330
1622118052.620, lauv-roald, SmartX, 3.327
1622118053.120, lauv-roald, SmartX, 3.327
1622118053.620, lauv-roald, SmartX, 3.325
1622118054.120, lauv-roald, SmartX, 3.322
1622118054.620, lauv-roald, SmartX, 3.319
1622118055.119, lauv-roald, SmartX, 3.315
1622118055.620, lauv-roald, SmartX, 3.313
1622118056.119, lauv-roald, SmartX, 3.309
1622118056.619, lauv-roald, SmartX, 3.305
1622118057.119, lauv-roald, SmartX, 3.300
1622118057.619, lauv-roald, SmartX, 3.297
1622118058.119, lauv-roald, SmartX, 3.294
1622118058.619, lauv-roald, SmartX, 3.292
1622118059.119, lauv-roald, SmartX, 3.290
1622118059.619, lauv-roald, SmartX, 3.286
1622118060.119, lauv-roald, SmartX, 3.281
1622118060.619, lauv-roald, SmartX, 3.277
1622118061.119, lauv-roald, SmartX, 3.273
1622118061.619, lauv-roald, SmartX, 3.269
1622118062.119, lauv-roald, SmartX, 3.266
1622118062.619, lauv-roald, SmartX, 3.263
1622118063.119, lauv-roald, SmartX, 3.262
1622118063.619, lauv-roald, SmartX, 3.260
1622118064.119, lauv-roald, SmartX, 3.259
1622118064.619, lauv-roald, SmartX, 3.256
1622118065.119, lauv-roald, SmartX, 3.250
1622118065.619, lauv-roald, SmartX, 3.247
1622118066.119, lauv-roald, SmartX, 3.245
1622118066.619, lauv-roald, SmartX, 3.241
1622118067.119, lauv-roald, SmartX, 3.237
1622118067.619, lauv-roald, SmartX, 3.233
1622118068.119, lauv-roald, SmartX, 3.231
1622118068.618, lauv-roald, SmartX, 3.228
1622118069.118, lauv-roald, SmartX, 3.224
1622118069.618, lauv-roald, SmartX, 3.219
1622118070.118, lauv-roald, SmartX, 3.213
1622118070.618, lauv-roald, SmartX, 3.203
1622118071.118, lauv-roald, SmartX, 3.195
1622118071.620, lauv-roald, SmartX, 3.189
1622118072.118, lauv-roald, SmartX, 3.186
1622118072.618, lauv-roald, SmartX, 3.183
1622118073.118, lauv-roald, SmartX, 3.180
1622118073.618, lauv-roald, SmartX, 3.179
1622118074.118, lauv-roald, SmartX, 3.178
1622118074.618, lauv-roald, SmartX, 3.178
1622118075.118, lauv-roald, SmartX, 3.178
1622118075.618, lauv-roald, SmartX, 3.177
1622118076.118, lauv-roald, SmartX, 3.171
1622118076.618, lauv-roald, SmartX, 3.170
1622118077.118, lauv-roald, SmartX, 3.167
1622118077.618, lauv-roald, SmartX, 3.164
1622118078.118, lauv-roald, SmartX, 3.157
1622118078.618, lauv-roald, SmartX, 3.151
1622118079.119, lauv-roald, SmartX, 3.143
1622118079.618, lauv-roald, SmartX, 3.137
1622118080.118, lauv-roald, SmartX, 3.132
1622118080.618, lauv-roald, SmartX, 3.127
1622118081.118, lauv-roald, SmartX, 3.121
1622118081.618, lauv-roald, SmartX, 3.117
1622118082.117, lauv-roald, SmartX, 3.112
1622118082.617, lauv-roald, SmartX, 3.110
1622118083.117, lauv-roald, SmartX, 3.109
1622118083.617, lauv-roald, SmartX, 3.107
1622118084.117, lauv-roald, SmartX, 3.106
1622118084.617, lauv-roald, SmartX, 3.097
1622118085.117, lauv-roald, SmartX, 3.085
1622118085.617, lauv-roald, SmartX, 3.073
1622118086.117, lauv-roald, SmartX, 3.060
1622118086.617, lauv-roald, SmartX, 3.050
1622118087.117, lauv-roald, SmartX, 3.040
1622118087.617, lauv-roald, SmartX, 3.033
1622118088.117, lauv-roald, SmartX, 3.026
1622118088.617, lauv-roald, SmartX, 3.019
1622118089.117, lauv-roald, SmartX, 3.013
1622118089.617, lauv-roald, SmartX, 3.012
1622118090.117, lauv-roald, SmartX, 3.010
1622118090.617, lauv-roald, SmartX, 3.007
1622118091.117, lauv-roald, SmartX, 3.009
1622118091.617, lauv-roald, SmartX, 3.011
1622118092.117, lauv-roald, SmartX, 3.012
1622118092.617, lauv-roald, SmartX, 3.016
1622118093.117, lauv-roald, SmartX, 3.021
1622118093.617, lauv-roald, SmartX, 3.025
1622118094.117, lauv-roald, SmartX, 3.028
1622118094.617, lauv-roald, SmartX, 3.032
1622118095.117, lauv-roald, SmartX, 3.041
1622118095.617, lauv-roald, SmartX, 3.050
1622118096.117, lauv-roald, SmartX, 3.065
1622118096.617, lauv-roald, SmartX, 3.075
1622118097.117, lauv-roald, SmartX, 3.083
1622118097.616, lauv-roald, SmartX, 3.091
1622118098.116, lauv-roald, SmartX, 3.095
1622118098.616, lauv-roald, SmartX, 3.098
1622118099.116, lauv-roald, SmartX, 3.100
1622118099.616, lauv-roald, SmartX, 3.103
1622118100.116, lauv-roald, SmartX, 3.104
1622118100.616, lauv-roald, SmartX, 3.104
1622118101.116, lauv-roald, SmartX, 3.104
1622118101.616, lauv-roald, SmartX, 3.103
1622118102.116, lauv-roald, SmartX, 3.110
1622118102.616, lauv-roald, SmartX, 3.114
1622118103.116, lauv-roald, SmartX, 3.117
1622118103.617, lauv-roald, SmartX, 3.122
1622118104.116, lauv-roald, SmartX, 3.126
1622118104.616, lauv-roald, SmartX, 3.128
1622118105.116, lauv-roald, SmartX, 3.131
1622118105.616, lauv-roald, SmartX, 3.132
1622118106.116, lauv-roald, SmartX, 3.134
1622118106.616, lauv-roald, SmartX, 3.136
1622118107.116, lauv-roald, SmartX, 3.141
1622118107.616, lauv-roald, SmartX, 3.147
1622118108.116, lauv-roald, SmartX, 3.152
1622118108.616, lauv-roald, SmartX, 3.160
1622118109.116, lauv-roald, SmartX, 3.164
1622118109.616, lauv-roald, SmartX, 3.167
1622118110.116, lauv-roald, SmartX, 3.171
1622118110.616, lauv-roald, SmartX, 3.175
1622118111.115, lauv-roald, SmartX, 3.181
1622118111.616, lauv-roald, SmartX, 3.185
1622118112.116, lauv-roald, SmartX, 3.188
1622118112.616, lauv-roald, SmartX, 3.190
1622118113.115, lauv-roald, SmartX, 3.192
1622118113.616, lauv-roald, SmartX, 3.194
1622118114.115, lauv-roald, SmartX, 3.196
1622118114.615, lauv-roald, SmartX, 3.198
1622118115.115, lauv-roald, SmartX, 3.199
1622118115.615, lauv-roald, SmartX, 3.200
1622118116.115, lauv-roald, SmartX, 3.200
1622118116.615, lauv-roald, SmartX, 3.201
1622118117.115, lauv-roald, SmartX, 3.202
1622118117.615, lauv-roald, SmartX, 3.204
1622118118.115, lauv-roald, SmartX, 3.206
1622118118.615, lauv-roald, SmartX, 3.210
1622118119.115, lauv-roald, SmartX, 3.213
1622118119.615, lauv-roald, SmartX, 3.215
1622118120.115, lauv-roald, SmartX, 3.216
1622118120.615, lauv-roald, SmartX, 3.217
1622118121.115, lauv-roald, SmartX, 3.219
1622118121.615, lauv-roald, SmartX, 3.220
1622118122.115, lauv-roald, SmartX, 3.221
1622118122.615, lauv-roald, SmartX, 3.223
1622118123.115, lauv-roald, SmartX, 3.225
1622118123.615, lauv-roald, SmartX, 3.227
1622118124.115, lauv-roald, SmartX, 3.234
1622118124.615, lauv-roald, SmartX, 3.237
1622118125.115, lauv-roald, SmartX, 3.245
1622118125.615, lauv-roald, SmartX, 3.250
1622118126.115, lauv-roald, SmartX, 3.252
1622118126.615, lauv-roald, SmartX, 3.255
1622118127.115, lauv-roald, SmartX, 3.258
1622118127.614, lauv-roald, SmartX, 3.260
1622118128.115, lauv-roald, SmartX, 3.262
1622118128.615, lauv-roald, SmartX, 3.264
1622118129.114, lauv-roald, SmartX, 3.267
1622118129.614, lauv-roald, SmartX, 3.269
1622118130.114, lauv-roald, SmartX, 3.273
1622118130.614, lauv-roald, SmartX, 3.275
1622118131.114, lauv-roald, SmartX, 3.277
1622118131.614, lauv-roald, SmartX, 3.280
1622118132.114, lauv-roald, SmartX, 3.281
1622118132.614, lauv-roald, SmartX, 3.282
1622118133.114, lauv-roald, SmartX, 3.283
1622118133.614, lauv-roald, SmartX, 3.284
1622118134.114, lauv-roald, SmartX, 3.284
1622118134.614, lauv-roald, SmartX, 3.286
1622118135.114, lauv-roald, SmartX, 3.288
1622118135.614, lauv-roald, SmartX, 3.291
1622118136.114, lauv-roald, SmartX, 3.295
1622118136.614, lauv-roald, SmartX, 3.298
1622118137.114, lauv-roald, SmartX, 3.302
1622118137.614, lauv-roald, SmartX, 3.304
1622118138.114, lauv-roald, SmartX, 3.305
1622118138.614, lauv-roald, SmartX, 3.306
1622118139.114, lauv-roald, SmartX, 3.308
1622118139.614, lauv-roald, SmartX, 3.309
1622118140.117, lauv-roald, SmartX, 3.311
1622118140.614, lauv-roald, SmartX, 3.312
1622118141.114, lauv-roald, SmartX, 3.316
1622118141.614, lauv-roald, SmartX, 3.319
1622118142.114, lauv-roald, SmartX, 3.323
1622118142.614, lauv-roald, SmartX, 3.325
1622118143.114, lauv-roald, SmartX, 3.328
1622118143.613, lauv-roald, SmartX, 3.330
1622118144.114, lauv-roald, SmartX, 3.332
1622118144.613, lauv-roald, SmartX, 3.334
1622118145.113, lauv-roald, SmartX, 3.337
1622118145.613, lauv-roald, SmartX, 3.339
1622118146.113, lauv-roald, SmartX, 3.342
1622118146.614, lauv-roald, SmartX, 3.343
1622118147.113, lauv-roald, SmartX, 3.345
1622118147.613, lauv-roald, SmartX, 3.346
1622118148.113, lauv-roald, SmartX, 3.347
1622118148.613, lauv-roald, SmartX, 3.348
1622118149.113, lauv-roald, SmartX, 3.349
1622118149.613, lauv-roald, SmartX, 3.350
1622118150.113, lauv-roald, SmartX, 3.351
1622118150.613, lauv-roald, SmartX, 3.351
1622118151.113, lauv-roald, SmartX, 3.351
1622118151.613, lauv-roald, SmartX, 3.351
1622118152.113, lauv-roald, SmartX, 3.351
1622118152.613, lauv-roald, SmartX, 3.350
1622118153.113, lauv-roald, SmartX, 3.350
1622118153.613, lauv-roald, SmartX, 3.350
1622118154.113, lauv-roald, SmartX, 3.349
1622118154.613, lauv-roald, SmartX, 3.346
1622118155.113, lauv-roald, SmartX, 3.343
1622118155.613, lauv-roald, SmartX, 3.342
1622118156.113, lauv-roald, SmartX, 3.341
1622118156.613, lauv-roald, SmartX, 3.339
1622118157.113, lauv-roald, SmartX, 3.338
1622118157.613, lauv-roald, SmartX, 3.337
1622118158.113, lauv-roald, SmartX, 3.336
1622118158.613, lauv-roald, SmartX, 3.335
1622118159.112, lauv-roald, SmartX, 3.331
1622118159.613, lauv-roald, SmartX, 3.328
1622118160.113, lauv-roald, SmartX, 3.325
1622118160.613, lauv-roald, SmartX, 3.322
1622118161.112, lauv-roald, SmartX, 3.319
1622118161.613, lauv-roald, SmartX, 3.316
1622118162.112, lauv-roald, SmartX, 3.312
1622118162.612, lauv-roald, SmartX, 3.309
1622118163.112, lauv-roald, SmartX, 3.307
1622118163.612, lauv-roald, SmartX, 3.305
1622118164.112, lauv-roald, SmartX, 3.305
1622118164.612, lauv-roald, SmartX, 3.303
1622118165.113, lauv-roald, SmartX, 3.301
1622118165.612, lauv-roald, SmartX, 3.297
1622118166.112, lauv-roald, SmartX, 3.294
1622118166.612, lauv-roald, SmartX, 3.290
1622118167.112, lauv-roald, SmartX, 3.288
1622118167.612, lauv-roald, SmartX, 3.286
1622118168.112, lauv-roald, SmartX, 3.284
1622118168.612, lauv-roald, SmartX, 3.281
1622118169.112, lauv-roald, SmartX, 3.277
1622118169.612, lauv-roald, SmartX, 3.273
1622118170.112, lauv-roald, SmartX, 3.268
1622118170.612, lauv-roald, SmartX, 3.260
1622118171.112, lauv-roald, SmartX, 3.256
1622118171.612, lauv-roald, SmartX, 3.250
1622118172.111, lauv-roald, SmartX, 3.242
1622118172.612, lauv-roald, SmartX, 3.234
1622118173.112, lauv-roald, SmartX, 3.227
1622118173.611, lauv-roald, SmartX, 3.222
1622118174.111, lauv-roald, SmartX, 3.218
1622118174.611, lauv-roald, SmartX, 3.214
1622118175.111, lauv-roald, SmartX, 3.211
1622118175.611, lauv-roald, SmartX, 3.208
1622118176.111, lauv-roald, SmartX, 3.207
1622118176.611, lauv-roald, SmartX, 3.205
1622118177.111, lauv-roald, SmartX, 3.204
1622118177.611, lauv-roald, SmartX, 3.203
1622118178.111, lauv-roald, SmartX, 3.197
1622118178.611, lauv-roald, SmartX, 3.192
1622118179.111, lauv-roald, SmartX, 3.185
1622118179.611, lauv-roald, SmartX, 3.174
1622118180.111, lauv-roald, SmartX, 3.165
1622118180.611, lauv-roald, SmartX, 3.156
1622118181.111, lauv-roald, SmartX, 3.148
1622118181.611, lauv-roald, SmartX, 3.142
1622118182.111, lauv-roald, SmartX, 3.140
1622118182.612, lauv-roald, SmartX, 3.137
1622118183.111, lauv-roald, SmartX, 3.135
1622118183.611, lauv-roald, SmartX, 3.133
1622118184.111, lauv-roald, SmartX, 3.131
1622118184.611, lauv-roald, SmartX, 3.127
1622118185.111, lauv-roald, SmartX, 3.124
1622118185.611, lauv-roald, SmartX, 3.119
1622118186.111, lauv-roald, SmartX, 3.115
1622118186.611, lauv-roald, SmartX, 3.110
1622118187.110, lauv-roald, SmartX, 3.105
1622118187.610, lauv-roald, SmartX, 3.103
1622118188.110, lauv-roald, SmartX, 3.102
1622118188.610, lauv-roald, SmartX, 3.101
1622118189.110, lauv-roald, SmartX, 3.101
1622118189.610, lauv-roald, SmartX, 3.101
1622118190.110, lauv-roald, SmartX, 3.100
1622118190.610, lauv-roald, SmartX, 3.099
1622118191.110, lauv-roald, SmartX, 3.098
1622118191.610, lauv-roald, SmartX, 3.095
1622118192.110, lauv-roald, SmartX, 3.080
1622118192.610, lauv-roald, SmartX, 3.064
1622118193.110, lauv-roald, SmartX, 3.038
1622118193.610, lauv-roald, SmartX, 3.017
1622118194.110, lauv-roald, SmartX, 3.001
1622118194.610, lauv-roald, SmartX, 2.995
1622118195.110, lauv-roald, SmartX, 2.990
1622118195.610, lauv-roald, SmartX, 2.988
1622118196.110, lauv-roald, SmartX, 2.987
1622118196.610, lauv-roald, SmartX, 2.988
1622118197.110, lauv-roald, SmartX, 2.990
1622118197.610, lauv-roald, SmartX, 3.000
1622118198.110, lauv-roald, SmartX, 3.025
1622118198.610, lauv-roald, SmartX, 3.044
1622118199.110, lauv-roald, SmartX, 3.053
1622118199.610, lauv-roald, SmartX, 3.069
1622118200.110, lauv-roald, SmartX, 3.076
1622118200.609, lauv-roald, SmartX, 3.081
1622118201.109, lauv-roald, SmartX, 3.087
1622118201.609, lauv-roald, SmartX, 3.090
1622118202.109, lauv-roald, SmartX, 3.093
1622118202.609, lauv-roald, SmartX, 3.096
1622118203.109, lauv-roald, SmartX, 3.098
1622118203.609, lauv-roald, SmartX, 3.099
1622118204.109, lauv-roald, SmartX, 3.101
1622118204.609, lauv-roald, SmartX, 3.101
1622118205.109, lauv-roald, SmartX, 3.101
1622118205.609, lauv-roald, SmartX, 3.102
1622118206.109, lauv-roald, SmartX, 3.101
1622118206.609, lauv-roald, SmartX, 3.101
1622118207.109, lauv-roald, SmartX, 3.101
1622118207.609, lauv-roald, SmartX, 3.100
1622118208.109, lauv-roald, SmartX, 3.100
1622118208.609, lauv-roald, SmartX, 3.100
1622118209.109, lauv-roald, SmartX, 3.100
1622118209.609, lauv-roald, SmartX, 3.101
1622118210.109, lauv-roald, SmartX, 3.103
1622118210.609, lauv-roald, SmartX, 3.109
1622118211.109, lauv-roald, SmartX, 3.114
1622118211.609, lauv-roald, SmartX, 3.118
1622118212.109, lauv-roald, SmartX, 3.123
1622118212.609, lauv-roald, SmartX, 3.125
1622118213.109, lauv-roald, SmartX, 3.127
1622118213.609, lauv-roald, SmartX, 3.130
1622118214.109, lauv-roald, SmartX, 3.132
1622118214.609, lauv-roald, SmartX, 3.133
1622118215.109, lauv-roald, SmartX, 3.135
1622118215.609, lauv-roald, SmartX, 3.135
1622118216.108, lauv-roald, SmartX, 3.136
1622118216.608, lauv-roald, SmartX, 3.138
1622118217.108, lauv-roald, SmartX, 3.141
1622118217.608, lauv-roald, SmartX, 3.147
1622118218.109, lauv-roald, SmartX, 3.153
1622118218.608, lauv-roald, SmartX, 3.161
1622118219.108, lauv-roald, SmartX, 3.171
1622118219.608, lauv-roald, SmartX, 3.178
1622118220.108, lauv-roald, SmartX, 3.184
1622118220.608, lauv-roald, SmartX, 3.190
1622118221.108, lauv-roald, SmartX, 3.195
1622118221.608, lauv-roald, SmartX, 3.199
1622118222.108, lauv-roald, SmartX, 3.201
1622118222.608, lauv-roald, SmartX, 3.205
1622118223.108, lauv-roald, SmartX, 3.207
1622118223.608, lauv-roald, SmartX, 3.211
1622118224.108, lauv-roald, SmartX, 3.213
1622118224.608, lauv-roald, SmartX, 3.217
1622118225.108, lauv-roald, SmartX, 3.220
1622118225.608, lauv-roald, SmartX, 3.223
1622118226.108, lauv-roald, SmartX, 3.230
1622118226.608, lauv-roald, SmartX, 3.236
1622118227.108, lauv-roald, SmartX, 3.243
1622118227.608, lauv-roald, SmartX, 3.252
1622118228.108, lauv-roald, SmartX, 3.257
1622118228.608, lauv-roald, SmartX, 3.263
1622118229.108, lauv-roald, SmartX, 3.268
1622118229.608, lauv-roald, SmartX, 3.272
1622118230.108, lauv-roald, SmartX, 3.276
1622118230.608, lauv-roald, SmartX, 3.279
1622118231.108, lauv-roald, SmartX, 3.283
1622118231.608, lauv-roald, SmartX, 3.286
1622118232.108, lauv-roald, SmartX, 3.289
1622118232.608, lauv-roald, SmartX, 3.292
1622118233.108, lauv-roald, SmartX, 3.293
1622118233.608, lauv-roald, SmartX, 3.295
1622118234.107, lauv-roald, SmartX, 3.295
1622118234.607, lauv-roald, SmartX, 3.297
1622118235.107, lauv-roald, SmartX, 3.297
1622118235.607, lauv-roald, SmartX, 3.299
1622118236.107, lauv-roald, SmartX, 3.301
1622118236.607, lauv-roald, SmartX, 3.301
1622118237.107, lauv-roald, SmartX, 3.302
1622118237.607, lauv-roald, SmartX, 3.304
1622118238.107, lauv-roald, SmartX, 3.309
1622118238.607, lauv-roald, SmartX, 3.310
1622118239.107, lauv-roald, SmartX, 3.312
1622118239.607, lauv-roald, SmartX, 3.315
1622118240.107, lauv-roald, SmartX, 3.318
1622118240.607, lauv-roald, SmartX, 3.321
1622118241.107, lauv-roald, SmartX, 3.323
1622118241.607, lauv-roald, SmartX, 3.326
1622118242.107, lauv-roald, SmartX, 3.329
1622118242.607, lauv-roald, SmartX, 3.332
1622118243.107, lauv-roald, SmartX, 3.334
1622118243.607, lauv-roald, SmartX, 3.337
1622118244.107, lauv-roald, SmartX, 3.340
1622118244.607, lauv-roald, SmartX, 3.342
1622118245.107, lauv-roald, SmartX, 3.344
1622118245.607, lauv-roald, SmartX, 3.346
1622118246.107, lauv-roald, SmartX, 3.347
1622118246.607, lauv-roald, SmartX, 3.348
1622118247.107, lauv-roald, SmartX, 3.349
1622118247.606, lauv-roald, SmartX, 3.350
1622118248.106, lauv-roald, SmartX, 3.351
1622118248.606, lauv-roald, SmartX, 3.352
1622118249.106, lauv-roald, SmartX, 3.353
1622118249.606, lauv-roald, SmartX, 3.353
1622118250.109, lauv-roald, SmartX, 3.354
1622118250.607, lauv-roald, SmartX, 3.355
1622118251.107, lauv-roald, SmartX, 3.355
1622118251.606, lauv-roald, SmartX, 3.356
1622118252.106, lauv-roald, SmartX, 3.357
1622118252.606, lauv-roald, SmartX, 3.358
1622118253.106, lauv-roald, SmartX, 3.359
1622118253.606, lauv-roald, SmartX, 3.360
1622118254.106, lauv-roald, SmartX, 3.360
1622118254.606, lauv-roald, SmartX, 3.361
1622118255.106, lauv-roald, SmartX, 3.361
1622118255.606, lauv-roald, SmartX, 3.361
1622118256.106, lauv-roald, SmartX, 3.362
1622118256.606, lauv-roald, SmartX, 3.361
1622118257.106, lauv-roald, SmartX, 3.360
1622118257.606, lauv-roald, SmartX, 3.359
1622118258.106, lauv-roald, SmartX, 3.358
1622118258.606, lauv-roald, SmartX, 3.357
1622118259.106, lauv-roald, SmartX, 3.356
1622118259.606, lauv-roald, SmartX, 3.355
1622118260.106, lauv-roald, SmartX, 3.354
1622118260.606, lauv-roald, SmartX, 3.352
1622118261.106, lauv-roald, SmartX, 3.351
1622118261.606, lauv-roald, SmartX, 3.349
1622118262.106, lauv-roald, SmartX, 3.348
1622118262.605, lauv-roald, SmartX, 3.346
1622118263.106, lauv-roald, SmartX, 3.345
1622118263.606, lauv-roald, SmartX, 3.342
1622118264.105, lauv-roald, SmartX, 3.340
1622118264.605, lauv-roald, SmartX, 3.338
1622118265.105, lauv-roald, SmartX, 3.334
1622118265.605, lauv-roald, SmartX, 3.330
1622118266.105, lauv-roald, SmartX, 3.326
1622118266.605, lauv-roald, SmartX, 3.323
1622118267.105, lauv-roald, SmartX, 3.320
1622118267.605, lauv-roald, SmartX, 3.317
1622118268.105, lauv-roald, SmartX, 3.314
1622118268.605, lauv-roald, SmartX, 3.309
1622118269.105, lauv-roald, SmartX, 3.304
1622118269.605, lauv-roald, SmartX, 3.301
1622118270.105, lauv-roald, SmartX, 3.300
1622118270.605, lauv-roald, SmartX, 3.299
1622118271.105, lauv-roald, SmartX, 3.295
1622118271.605, lauv-roald, SmartX, 3.293
1622118272.105, lauv-roald, SmartX, 3.288
1622118272.605, lauv-roald, SmartX, 3.284
1622118273.105, lauv-roald, SmartX, 3.279
1622118273.605, lauv-roald, SmartX, 3.274
1622118274.105, lauv-roald, SmartX, 3.267
1622118274.605, lauv-roald, SmartX, 3.260
1622118275.104, lauv-roald, SmartX, 3.253
1622118275.605, lauv-roald, SmartX, 3.243
1622118276.104, lauv-roald, SmartX, 3.235
1622118276.604, lauv-roald, SmartX, 3.228
1622118277.104, lauv-roald, SmartX, 3.221
1622118277.604, lauv-roald, SmartX, 3.216
1622118278.104, lauv-roald, SmartX, 3.210
1622118278.604, lauv-roald, SmartX, 3.208
1622118279.104, lauv-roald, SmartX, 3.206
1622118279.604, lauv-roald, SmartX, 3.204
1622118280.104, lauv-roald, SmartX, 3.201
1622118280.604, lauv-roald, SmartX, 3.196
1622118281.104, lauv-roald, SmartX, 3.190
1622118281.604, lauv-roald, SmartX, 3.184
1622118282.104, lauv-roald, SmartX, 3.178
1622118282.604, lauv-roald, SmartX, 3.168
1622118283.104, lauv-roald, SmartX, 3.157
1622118283.604, lauv-roald, SmartX, 3.151
1622118284.104, lauv-roald, SmartX, 3.145
1622118284.604, lauv-roald, SmartX, 3.143
1622118285.104, lauv-roald, SmartX, 3.140
1622118285.604, lauv-roald, SmartX, 3.138
1622118286.104, lauv-roald, SmartX, 3.137
1622118286.604, lauv-roald, SmartX, 3.136
1622118287.104, lauv-roald, SmartX, 3.130
1622118287.604, lauv-roald, SmartX, 3.121
1622118288.104, lauv-roald, SmartX, 3.115
1622118288.603, lauv-roald, SmartX, 3.110
1622118289.103, lauv-roald, SmartX, 3.107
1622118289.603, lauv-roald, SmartX, 3.105
1622118290.103, lauv-roald, SmartX, 3.103
1622118290.603, lauv-roald, SmartX, 3.102
1622118291.103, lauv-roald, SmartX, 3.102
1622118291.603, lauv-roald, SmartX, 3.102
1622118292.103, lauv-roald, SmartX, 3.101
1622118292.603, lauv-roald, SmartX, 3.092
1622118293.103, lauv-roald, SmartX, 3.074
1622118293.603, lauv-roald, SmartX, 3.059
1622118294.103, lauv-roald, SmartX, 3.045
1622118294.603, lauv-roald, SmartX, 3.033
1622118295.103, lauv-roald, SmartX, 3.027
1622118295.603, lauv-roald, SmartX, 3.020
1622118296.103, lauv-roald, SmartX, 3.016
1622118296.603, lauv-roald, SmartX, 3.008
1622118297.103, lauv-roald, SmartX, 2.991
1622118297.603, lauv-roald, SmartX, 2.975
1622118298.103, lauv-roald, SmartX, 2.971
1622118298.603, lauv-roald, SmartX, 2.968
1622118299.103, lauv-roald, SmartX, 2.967
1622118299.603, lauv-roald, SmartX, 2.969
1622118300.103, lauv-roald, SmartX, 2.973
1622118300.603, lauv-roald, SmartX, 2.980
1622118301.103, lauv-roald, SmartX, 2.983
1622118301.603, lauv-roald, SmartX, 2.987
1622118302.103, lauv-roald, SmartX, 2.992
1622118302.603, lauv-roald, SmartX, 2.996
1622118303.103, lauv-roald, SmartX, 2.999
1622118303.602, lauv-roald, SmartX, 3.001
1622118304.102, lauv-roald, SmartX, 3.006
1622118304.603, lauv-roald, SmartX, 3.015
1622118305.103, lauv-roald, SmartX, 3.039
1622118305.602, lauv-roald, SmartX, 3.059
1622118306.102, lauv-roald, SmartX, 3.069
1622118306.602, lauv-roald, SmartX, 3.080
1622118307.102, lauv-roald, SmartX, 3.087
1622118307.602, lauv-roald, SmartX, 3.091
1622118308.102, lauv-roald, SmartX, 3.094
1622118308.602, lauv-roald, SmartX, 3.097
1622118309.102, lauv-roald, SmartX, 3.099
1622118309.602, lauv-roald, SmartX, 3.099
1622118310.102, lauv-roald, SmartX, 3.099
1622118310.602, lauv-roald, SmartX, 3.099
1622118311.102, lauv-roald, SmartX, 3.099
1622118311.602, lauv-roald, SmartX, 3.106
1622118312.102, lauv-roald, SmartX, 3.112
1622118312.602, lauv-roald, SmartX, 3.122
1622118313.102, lauv-roald, SmartX, 3.126
1622118313.602, lauv-roald, SmartX, 3.130
1622118314.102, lauv-roald, SmartX, 3.132
1622118314.602, lauv-roald, SmartX, 3.134
1622118315.102, lauv-roald, SmartX, 3.135
1622118315.602, lauv-roald, SmartX, 3.137
1622118316.102, lauv-roald, SmartX, 3.137
1622118316.602, lauv-roald, SmartX, 3.138
1622118317.102, lauv-roald, SmartX, 3.139
1622118317.602, lauv-roald, SmartX, 3.140
1622118318.102, lauv-roald, SmartX, 3.141
1622118318.602, lauv-roald, SmartX, 3.142
1622118319.102, lauv-roald, SmartX, 3.146
1622118319.602, lauv-roald, SmartX, 3.153
1622118320.102, lauv-roald, SmartX, 3.156
1622118320.601, lauv-roald, SmartX, 3.165
1622118321.102, lauv-roald, SmartX, 3.170
1622118321.601, lauv-roald, SmartX, 3.176
1622118322.101, lauv-roald, SmartX, 3.180
1622118322.601, lauv-roald, SmartX, 3.187
1622118323.101, lauv-roald, SmartX, 3.189
1622118323.601, lauv-roald, SmartX, 3.192
1622118324.101, lauv-roald, SmartX, 3.195
1622118324.601, lauv-roald, SmartX, 3.197
1622118325.101, lauv-roald, SmartX, 3.198
1622118325.601, lauv-roald, SmartX, 3.200
1622118326.101, lauv-roald, SmartX, 3.201
1622118326.601, lauv-roald, SmartX, 3.203
1622118327.101, lauv-roald, SmartX, 3.204
1622118327.601, lauv-roald, SmartX, 3.207
1622118328.101, lauv-roald, SmartX, 3.208
1622118328.601, lauv-roald, SmartX, 3.210
1622118329.101, lauv-roald, SmartX, 3.213
1622118329.601, lauv-roald, SmartX, 3.215
1622118330.101, lauv-roald, SmartX, 3.223
1622118330.601, lauv-roald, SmartX, 3.230
1622118331.101, lauv-roald, SmartX, 3.240
1622118331.601, lauv-roald, SmartX, 3.244
1622118332.101, lauv-roald, SmartX, 3.249
1622118332.601, lauv-roald, SmartX, 3.254
1622118333.101, lauv-roald, SmartX, 3.256
1622118333.601, lauv-roald, SmartX, 3.264
1622118334.101, lauv-roald, SmartX, 3.266
1622118334.600, lauv-roald, SmartX, 3.270
1622118335.101, lauv-roald, SmartX, 3.273
1622118335.600, lauv-roald, SmartX, 3.275
1622118336.101, lauv-roald, SmartX, 3.277
1622118336.600, lauv-roald, SmartX, 3.280
1622118337.100, lauv-roald, SmartX, 3.281
1622118337.600, lauv-roald, SmartX, 3.284
1622118338.100, lauv-roald, SmartX, 3.286
1622118338.600, lauv-roald, SmartX, 3.289
1622118339.100, lauv-roald, SmartX, 3.290
1622118339.600, lauv-roald, SmartX, 3.291
1622118340.100, lauv-roald, SmartX, 3.292
1622118340.600, lauv-roald, SmartX, 3.292
1622118341.100, lauv-roald, SmartX, 3.293
1622118341.600, lauv-roald, SmartX, 3.293
1622118342.100, lauv-roald, SmartX, 3.294
1622118342.600, lauv-roald, SmartX, 3.295
1622118343.100, lauv-roald, SmartX, 3.297
1622118343.600, lauv-roald, SmartX, 3.300
1622118344.100, lauv-roald, SmartX, 3.305
1622118344.600, lauv-roald, SmartX, 3.308
1622118345.100, lauv-roald, SmartX, 3.311
1622118345.600, lauv-roald, SmartX, 3.313
1622118346.100, lauv-roald, SmartX, 3.315
1622118346.600, lauv-roald, SmartX, 3.317
1622118347.100, lauv-roald, SmartX, 3.319
1622118347.600, lauv-roald, SmartX, 3.321
1622118348.100, lauv-roald, SmartX, 3.322
1622118348.600, lauv-roald, SmartX, 3.323
1622118349.100, lauv-roald, SmartX, 3.325
1622118349.600, lauv-roald, SmartX, 3.326
1622118350.099, lauv-roald, SmartX, 3.328
1622118350.600, lauv-roald, SmartX, 3.329
1622118351.100, lauv-roald, SmartX, 3.331
1622118351.599, lauv-roald, SmartX, 3.332
1622118352.099, lauv-roald, SmartX, 3.335
1622118352.599, lauv-roald, SmartX, 3.337
1622118353.099, lauv-roald, SmartX, 3.339
1622118353.599, lauv-roald, SmartX, 3.340
1622118354.099, lauv-roald, SmartX, 3.343
1622118354.599, lauv-roald, SmartX, 3.345
1622118355.099, lauv-roald, SmartX, 3.348
1622118355.599, lauv-roald, SmartX, 3.349
1622118356.099, lauv-roald, SmartX, 3.350
1622118356.599, lauv-roald, SmartX, 3.352
1622118357.099, lauv-roald, SmartX, 3.353
1622118357.599, lauv-roald, SmartX, 3.354
1622118358.099, lauv-roald, SmartX, 3.355
1622118358.599, lauv-roald, SmartX, 3.355
1622118359.099, lauv-roald, SmartX, 3.355
1622118359.599, lauv-roald, SmartX, 3.355
1622118360.099, lauv-roald, SmartX, 3.354
1622118360.599, lauv-roald, SmartX, 3.353
1622118361.099, lauv-roald, SmartX, 3.353
1622118361.599, lauv-roald, SmartX, 3.352
1622118362.099, lauv-roald, SmartX, 3.350
1622118362.599, lauv-roald, SmartX, 3.347
1622118363.099, lauv-roald, SmartX, 3.345
1622118363.599, lauv-roald, SmartX, 3.342
1622118364.099, lauv-roald, SmartX, 3.339
1622118364.599, lauv-roald, SmartX, 3.336
1622118365.099, lauv-roald, SmartX, 3.334
1622118365.599, lauv-roald, SmartX, 3.332
1622118366.098, lauv-roald, SmartX, 3.331
1622118366.599, lauv-roald, SmartX, 3.329
1622118367.099, lauv-roald, SmartX, 3.327
1622118367.598, lauv-roald, SmartX, 3.326
1622118368.098, lauv-roald, SmartX, 3.325
1622118368.598, lauv-roald, SmartX, 3.323
1622118369.098, lauv-roald, SmartX, 3.319
1622118369.598, lauv-roald, SmartX, 3.315
1622118370.098, lauv-roald, SmartX, 3.310
1622118370.598, lauv-roald, SmartX, 3.305
1622118371.098, lauv-roald, SmartX, 3.302
1622118371.598, lauv-roald, SmartX, 3.299
1622118372.098, lauv-roald, SmartX, 3.297
1622118372.598, lauv-roald, SmartX, 3.295
1622118373.098, lauv-roald, SmartX, 3.293
1622118373.598, lauv-roald, SmartX, 3.291
1622118374.098, lauv-roald, SmartX, 3.289
1622118374.598, lauv-roald, SmartX, 3.286
1622118375.098, lauv-roald, SmartX, 3.283
1622118375.598, lauv-roald, SmartX, 3.281
1622118376.098, lauv-roald, SmartX, 3.277
1622118376.598, lauv-roald, SmartX, 3.274
1622118377.098, lauv-roald, SmartX, 3.270
1622118377.598, lauv-roald, SmartX, 3.265
1622118378.097, lauv-roald, SmartX, 3.259
1622118378.598, lauv-roald, SmartX, 3.254
1622118379.097, lauv-roald, SmartX, 3.241
1622118379.597, lauv-roald, SmartX, 3.234
1622118380.097, lauv-roald, SmartX, 3.229
1622118380.597, lauv-roald, SmartX, 3.224
1622118381.097, lauv-roald, SmartX, 3.219
1622118381.597, lauv-roald, SmartX, 3.211
1622118382.097, lauv-roald, SmartX, 3.209
1622118382.597, lauv-roald, SmartX, 3.204
1622118383.097, lauv-roald, SmartX, 3.197
1622118383.597, lauv-roald, SmartX, 3.194
1622118384.097, lauv-roald, SmartX, 3.190
1622118384.597, lauv-roald, SmartX, 3.185
1622118385.097, lauv-roald, SmartX, 3.171
1622118385.597, lauv-roald, SmartX, 3.169
1622118386.097, lauv-roald, SmartX, 3.164
1622118386.597, lauv-roald, SmartX, 3.157
1622118387.097, lauv-roald, SmartX, 3.154
1622118387.597, lauv-roald, SmartX, 3.152
1622118388.097, lauv-roald, SmartX, 3.149
1622118388.597, lauv-roald, SmartX, 3.147
1622118389.097, lauv-roald, SmartX, 3.145
1622118389.597, lauv-roald, SmartX, 3.143
1622118390.097, lauv-roald, SmartX, 3.143
1622118390.597, lauv-roald, SmartX, 3.142
1622118391.097, lauv-roald, SmartX, 3.141
1622118391.597, lauv-roald, SmartX, 3.141
1622118392.097, lauv-roald, SmartX, 3.141
1622118392.597, lauv-roald, SmartX, 3.140
1622118393.097, lauv-roald, SmartX, 3.140
1622118393.597, lauv-roald, SmartX, 3.139
1622118394.097, lauv-roald, SmartX, 3.139
1622118394.597, lauv-roald, SmartX, 3.139
1622118395.097, lauv-roald, SmartX, 3.139
1622118395.596, lauv-roald, SmartX, 3.139
1622118396.096, lauv-roald, SmartX, 3.138
1622118396.596, lauv-roald, SmartX, 3.138
1622118397.096, lauv-roald, SmartX, 3.138
1622118397.596, lauv-roald, SmartX, 3.138
1622118398.096, lauv-roald, SmartX, 3.138
1622118398.596, lauv-roald, SmartX, 3.135
1622118399.096, lauv-roald, SmartX, 3.129
1622118399.596, lauv-roald, SmartX, 3.121
1622118400.096, lauv-roald, SmartX, 3.112
1622118400.596, lauv-roald, SmartX, 3.104
1622118401.096, lauv-roald, SmartX, 3.100
1622118401.596, lauv-roald, SmartX, 3.099
1622118402.096, lauv-roald, SmartX, 3.098
1622118402.596, lauv-roald, SmartX, 3.098
1622118403.096, lauv-roald, SmartX, 3.098
1622118403.596, lauv-roald, SmartX, 3.098
1622118404.096, lauv-roald, SmartX, 3.099
1622118404.596, lauv-roald, SmartX, 3.101
1622118405.096, lauv-roald, SmartX, 3.102
1622118405.596, lauv-roald, SmartX, 3.102
1622118406.095, lauv-roald, SmartX, 3.102
1622118406.596, lauv-roald, SmartX, 3.097
1622118407.096, lauv-roald, SmartX, 3.096
1622118407.595, lauv-roald, SmartX, 3.082
1622118408.096, lauv-roald, SmartX, 3.054
1622118408.596, lauv-roald, SmartX, 3.045
1622118409.096, lauv-roald, SmartX, 3.037
1622118409.596, lauv-roald, SmartX, 3.011
1622118410.096, lauv-roald, SmartX, 2.991
1622118410.595, lauv-roald, SmartX, 2.978
1622118411.095, lauv-roald, SmartX, 2.967
1622118411.595, lauv-roald, SmartX, 2.956
1622118412.095, lauv-roald, SmartX, 2.944
1622118412.595, lauv-roald, SmartX, 2.934
1622118413.095, lauv-roald, SmartX, 2.930
1622118413.595, lauv-roald, SmartX, 2.927
1622118414.095, lauv-roald, SmartX, 2.911
1622118414.595, lauv-roald, SmartX, 2.849
1622118415.095, lauv-roald, SmartX, 2.780
1622118415.595, lauv-roald, SmartX, 2.748
1622118416.095, lauv-roald, SmartX, 2.685
1622118416.595, lauv-roald, SmartX, 2.672
1622118417.095, lauv-roald, SmartX, 2.672
1622118417.595, lauv-roald, SmartX, 2.675
1622118418.095, lauv-roald, SmartX, 2.672
1622118418.595, lauv-roald, SmartX, 2.666
1622118419.095, lauv-roald, SmartX, 2.655
1622118419.595, lauv-roald, SmartX, 2.651
1622118420.095, lauv-roald, SmartX, 2.640
1622118420.595, lauv-roald, SmartX, 2.644
1622118421.095, lauv-roald, SmartX, 2.644
1622118421.595, lauv-roald, SmartX, 2.644
1622118422.095, lauv-roald, SmartX, 2.644
1622118422.595, lauv-roald, SmartX, 2.644
1622118423.095, lauv-roald, SmartX, 2.644
1622118423.595, lauv-roald, SmartX, 2.644
1622118424.095, lauv-roald, SmartX, 2.643
1622118424.595, lauv-roald, SmartX, 2.650
1622118425.095, lauv-roald, SmartX, 2.647
1622118425.595, lauv-roald, SmartX, 2.648
1622118426.095, lauv-roald, SmartX, 2.644
1622118426.595, lauv-roald, SmartX, 2.644
1622118427.094, lauv-roald, SmartX, 2.644
1622118427.594, lauv-roald, SmartX, 2.643
1622118428.094, lauv-roald, SmartX, 2.639
1622118428.594, lauv-roald, SmartX, 2.640
1622118429.094, lauv-roald, SmartX, 2.639
1622118429.594, lauv-roald, SmartX, 2.639
1622118430.094, lauv-roald, SmartX, 2.647
1622118430.594, lauv-roald, SmartX, 2.647
1622118431.094, lauv-roald, SmartX, 2.646
1622118431.594, lauv-roald, SmartX, 2.651
1622118432.094, lauv-roald, SmartX, 2.663
1622118432.594, lauv-roald, SmartX, 2.678
1622118433.094, lauv-roald, SmartX, 2.682
1622118433.594, lauv-roald, SmartX, 2.674
1622118434.094, lauv-roald, SmartX, 2.660
1622118434.594, lauv-roald, SmartX, 2.656
1622118435.094, lauv-roald, SmartX, 2.675
1622118435.594, lauv-roald, SmartX, 2.706
1622118436.094, lauv-roald, SmartX, 2.741
1622118436.594, lauv-roald, SmartX, 2.742
1622118437.094, lauv-roald, SmartX, 2.725
1622118437.594, lauv-roald, SmartX, 2.704
1622118438.094, lauv-roald, SmartX, 2.693
1622118438.593, lauv-roald, SmartX, 2.694
1622118439.093, lauv-roald, SmartX, 2.705
1622118439.593, lauv-roald, SmartX, 2.707
1622118440.094, lauv-roald, SmartX, 2.715
1622118440.593, lauv-roald, SmartX, 2.716
1622118441.093, lauv-roald, SmartX, 2.703
1622118441.593, lauv-roald, SmartX, 2.687
1622118442.093, lauv-roald, SmartX, 2.678
1622118442.593, lauv-roald, SmartX, 2.679
1622118443.093, lauv-roald, SmartX, 2.689
1622118443.593, lauv-roald, SmartX, 2.719
1622118444.093, lauv-roald, SmartX, 2.757
1622118444.593, lauv-roald, SmartX, 2.786
1622118445.093, lauv-roald, SmartX, 2.793
1622118445.593, lauv-roald, SmartX, 2.797
1622118446.093, lauv-roald, SmartX, 2.774
1622118446.593, lauv-roald, SmartX, 2.744
1622118447.094, lauv-roald, SmartX, 2.728
1622118447.593, lauv-roald, SmartX, 2.737
1622118448.093, lauv-roald, SmartX, 2.740
1622118448.593, lauv-roald, SmartX, 2.757
1622118449.093, lauv-roald, SmartX, 2.768
1622118449.593, lauv-roald, SmartX, 2.777
1622118450.093, lauv-roald, SmartX, 2.779
1622118450.593, lauv-roald, SmartX, 2.775
1622118451.093, lauv-roald, SmartX, 2.764
1622118451.593, lauv-roald, SmartX, 2.753
1622118452.093, lauv-roald, SmartX, 2.750
1622118452.593, lauv-roald, SmartX, 2.744
1622118453.093, lauv-roald, SmartX, 2.746
1622118453.593, lauv-roald, SmartX, 2.742
1622118454.092, lauv-roald, SmartX, 2.716
1622118454.593, lauv-roald, SmartX, 2.713
1622118455.092, lauv-roald, SmartX, 2.708
1622118455.592, lauv-roald, SmartX, 2.698
1622118456.092, lauv-roald, SmartX, 2.693
1622118456.592, lauv-roald, SmartX, 2.691
1622118457.092, lauv-roald, SmartX, 2.686
1622118457.592, lauv-roald, SmartX, 2.687
